listing_id;name;type;city;neighborhood;latitude;longitude;person_capacity;pictures;features;pricing;host_id;host_name;host_data
28581061;La maison Clery;private_room;Paris;2e arrondissement;48.8692921869;2.34833485236;1;"[""https://a0.muscache.com/im/pictures/668e27ef-a045-4195-b332-9923c3881bf6.jpg?aki_policy=large""]";"{""beds"": 1, ""bedrooms"": 1, ""bathrooms"": 2.0, ""amenity_ids"": [33, 4, 21, 8, 40], ""is_rebookable"": false, ""is_new_listing"": true, ""is_fully_refundable"": true, ""is_host_highly_rated"": false, ""is_business_travel_ready"": false}";"{""weekly_factor"": 1.0, ""monthly_factor"": 1.0}";7250;"";"{""is_superhost"": false}"
661961;studio PARIS PLACE EDITH PIAF 75020;entire_home;Paris;"";48.8672844474;2.40325486422;2;"[""https://a0.muscache.com/im/pictures/8750975/7e50fdaf_original.jpg?aki_policy=large"", ""https://a0.muscache.com/im/pictures/8750945/94363b7c_original.jpg?aki_policy=large"", ""https://a0.muscache.com/im/pictures/8750967/1a41adbc_original.jpg?aki_policy=large"", ""https://a0.muscache.com/im/pictures/8750955/f2fb7439_original.jpg?aki_policy=large"", ""https://a0.muscache.com/im/pictures/8750976/905d63ad_original.jpg?aki_policy=large"", ""https://a0.muscache.com/im/pictures/8750956/da45932b_original.jpg?aki_policy=large"", ""https://a0.muscache.com/im/pictures/8750958/f5d2a789_original.jpg?aki_policy=large"", ""https://a0.muscache.com/im/pictures/8750970/b8523aa0_original.jpg?aki_policy=large"", ""https://a0.muscache.com/im/pictures/8750954/978797b1_original.jpg?aki_policy=large"", ""https://a0.muscache.com/im/pictures/8750948/e4ee33e0_original.jpg?aki_policy=large"", ""https://a0.muscache.com/im/pictures/8750972/2439a417_original.jpg?aki_policy=large"", ""https://a0.muscache.com/im/pictures/8750980/6b98920a_original.jpg?aki_policy=large"", ""https://a0.muscache.com/im/pictures/8750988/854731ff_original.jpg?aki_policy=large"", ""https://a0.muscache.com/im/pictures/8750950/6adc9b78_original.jpg?aki_policy=large"", ""https://a0.muscache.com/im/pictures/8750963/7fa3cf34_original.jpg?aki_policy=large"", ""https://a0.muscache.com/im/pictures/8750949/0d6d2aec_original.jpg?aki_policy=large"", ""https://a0.muscache.com/im/pictures/8750951/0bfc8556_original.jpg?aki_policy=large"", ""https://a0.muscache.com/im/pictures/8692668/a1c46e10_original.jpg?aki_policy=large"", ""https://a0.muscache.com/im/pictures/8692719/581a39b3_original.jpg?aki_policy=large"", ""https://a0.muscache.com/im/pictures/8692080/0a122b34_original.jpg?aki_policy=large"", ""https://a0.muscache.com/im/pictures/8692831/518861e5_original.jpg?aki_policy=large"", ""https://a0.muscache.com/im/pictures/8691231/f45a6720_original.jpg?aki_policy=large"", ""https://a0.muscache.com/im/pictures/8692534/71267f02_original.jpg?aki_policy=large"", ""https://a0.muscache.com/im/pictures/8692456/cb84ba8c_original.jpg?aki_policy=large"", ""https://a0.muscache.com/im/pictures/8692157/87a35ed5_original.jpg?aki_policy=large"", ""https://a0.muscache.com/im/pictures/8692047/e9dcbd3f_original.jpg?aki_policy=large"", ""https://a0.muscache.com/im/pictures/8692862/11ad2482_original.jpg?aki_policy=large"", ""https://a0.muscache.com/im/pictures/8692578/39dff6b9_original.jpg?aki_policy=large"", ""https://a0.muscache.com/im/pictures/8693043/c47a45a7_original.jpg?aki_policy=large"", ""https://a0.muscache.com/im/pictures/8692230/38df9bd5_original.jpg?aki_policy=large""]";"{""beds"": 1, ""bedrooms"": 1, ""bathrooms"": 1.0, ""amenity_ids"": [2, 3, 131, 4, 8, 40, 104, 41, 43, 12, 45, 77, 46, 28, 30, 31], ""is_rebookable"": false, ""is_new_listing"": false, ""is_fully_refundable"": true, ""is_host_highly_rated"": true, ""is_business_travel_ready"": false}";"{""weekly_factor"": 0.88, ""monthly_factor"": 0.69}";4905;"";"{""is_superhost"": true}"
1261705;chambre privée à louer @ paris oberkampf;private_room;Paris;"";48.8678944172;2.37589671141;1;"[""https://a0.muscache.com/im/pictures/148a0074-a58d-4ceb-ae87-d43e39bcc497.jpg?aki_policy=large"", ""https://a0.muscache.com/im/pictures/abd0d824-2be5-4dd9-8ee8-e92188f199d6.jpg?aki_policy=large"", ""https://a0.muscache.com/im/pictures/67f52660-1f44-4859-badb-165ccb8f2640.jpg?aki_policy=large""]";"{""beds"": 1, ""bedrooms"": 1, ""bathrooms"": 1.0, ""amenity_ids"": [33, 34, 35, 4, 8, 40, 45, 30, 46], ""is_rebookable"": false, ""is_new_listing"": false, ""is_fully_refundable"": true, ""is_host_highly_rated"": true, ""is_business_travel_ready"": false}";"{""weekly_factor"": 1.0, ""monthly_factor"": 1.0}";3685;"";"{""is_superhost"": false}"
1318834;Appartement au coeur du Marais;entire_home;Paris;République;48.8703699867;2.35851034002;3;"[""https://a0.muscache.com/im/pictures/89598914/3361d618_original.jpg?aki_policy=large"", ""https://a0.muscache.com/im/pictures/89598926/98bc7d2d_original.jpg?aki_policy=large"", ""https://a0.muscache.com/im/pictures/89598975/fb762f55_original.jpg?aki_policy=large"", ""https://a0.muscache.com/im/pictures/89598936/8806df0b_original.jpg?aki_policy=large"", ""https://a0.muscache.com/im/pictures/89598945/188fb2c7_original.jpg?aki_policy=large"", ""https://a0.muscache.com/im/pictures/89598963/6811258a_original.jpg?aki_policy=large"", ""https://a0.muscache.com/im/pictures/89598967/64cc2d15_original.jpg?aki_policy=large"", ""https://a0.muscache.com/im/pictures/89598989/6269a5b0_original.jpg?aki_policy=large"", ""https://a0.muscache.com/im/pictures/89598996/df2666ce_original.jpg?aki_policy=large"", ""https://a0.muscache.com/im/pictures/89599006/16676fcf_original.jpg?aki_policy=large"", ""https://a0.muscache.com/im/pictures/89599021/06671f94_original.jpg?aki_policy=large"", ""https://a0.muscache.com/im/pictures/89599027/b974daf3_original.jpg?aki_policy=large"", ""https://a0.muscache.com/im/pictures/89599038/601bc333_original.jpg?aki_policy=large"", ""https://a0.muscache.com/im/pictures/89599052/285063cd_original.jpg?aki_policy=large"", ""https://a0.muscache.com/im/pictures/89599066/f526a5e4_original.jpg?aki_policy=large"", ""https://a0.muscache.com/im/pictures/89599072/6108fe3c_original.jpg?aki_policy=large"", ""https://a0.muscache.com/im/pictures/19876493/cdcb36aa_original.jpg?aki_policy=large"", ""https://a0.muscache.com/im/pictures/24086495/ee27b841_original.jpg?aki_policy=large"", ""https://a0.muscache.com/im/pictures/24086579/3eab30de_original.jpg?aki_policy=large"", ""https://a0.muscache.com/im/pictures/24086709/53af8a49_original.jpg?aki_policy=large""]";"{""beds"": 2, ""bedrooms"": 2, ""bathrooms"": 1.0, ""amenity_ids"": [1, 33, 2, 3, 4, 8, 30, 31], ""is_rebookable"": false, ""is_new_listing"": false, ""is_fully_refundable"": true, ""is_host_highly_rated"": false, ""is_business_travel_ready"": false}";"{""weekly_factor"": 0.82, ""monthly_factor"": 0.48}";5245;"";"{""is_superhost"": false}"
1677091;Lovely & Quiet flat;entire_home;Paris;Buttes-Chaumont - Belleville;48.8741486149;2.37369957096;2;"[""https://a0.muscache.com/im/pictures/a1306610-7996-426d-b7f1-a83a697fcce7.jpg?aki_policy=large"", ""https://a0.muscache.com/im/pictures/052a88ac-535f-4a30-be0e-8746cde82440.jpg?aki_policy=large"", ""https://a0.muscache.com/im/pictures/05ad8b2c-2de8-4550-bb04-36d4bd19fe36.jpg?aki_policy=large"", ""https://a0.muscache.com/im/pictures/24912118/04daf678_original.jpg?aki_policy=large"", ""https://a0.muscache.com/im/pictures/24912138/a3ef37d4_original.jpg?aki_policy=large"", ""https://a0.muscache.com/im/pictures/e3d70b69-fafb-4966-ad35-e0cca77f7fe5.jpg?aki_policy=large"", ""https://a0.muscache.com/im/pictures/102455679/afdede48_original.jpg?aki_policy=large"", ""https://a0.muscache.com/im/pictures/63009897/3e11e5b5_original.jpg?aki_policy=large"", ""https://a0.muscache.com/im/pictures/24912260/7213ac01_original.jpg?aki_policy=large"", ""https://a0.muscache.com/im/pictures/24917299/0e919f04_original.jpg?aki_policy=large"", ""https://a0.muscache.com/im/pictures/24912223/a8ed1338_original.jpg?aki_policy=large""]";"{""beds"": 1, ""bedrooms"": 1, ""bathrooms"": 1.0, ""amenity_ids"": [33, 129, 35, 4, 103, 8, 40, 10, 11, 77, 46, 47, 85, 56, 30, 31], ""is_rebookable"": false, ""is_new_listing"": false, ""is_fully_refundable"": true, ""is_host_highly_rated"": true, ""is_business_travel_ready"": false}";"{""weekly_factor"": 0.95, ""monthly_factor"": 0.9}";3829;"";"{""is_superhost"": false}"
2157481;CENTRAL ET BIEN CONÇU,50m2+terrasse;entire_home;Paris;10e arrondissement;48.8758626621;2.37266470415;4;"[""https://a0.muscache.com/im/pictures/29279706/31f0ad49_original.jpg?aki_policy=large"", ""https://a0.muscache.com/im/pictures/29280944/36738eaa_original.jpg?aki_policy=large"", ""https://a0.muscache.com/im/pictures/29286718/f1ff9b21_original.jpg?aki_policy=large"", ""https://a0.muscache.com/im/pictures/29279652/039eac55_original.jpg?aki_policy=large"", ""https://a0.muscache.com/im/pictures/30553590/ea35fb07_original.jpg?aki_policy=large"", ""https://a0.muscache.com/im/pictures/29279829/71b4a0af_original.jpg?aki_policy=large"", ""https://a0.muscache.com/im/pictures/30553455/e42343b3_original.jpg?aki_policy=large"", ""https://a0.muscache.com/im/pictures/29279750/6e7c0dea_original.jpg?aki_policy=large"", ""https://a0.muscache.com/im/pictures/29279782/4e3fb7f8_original.jpg?aki_policy=large"", ""https://a0.muscache.com/im/pictures/29280879/05cfd468_original.jpg?aki_policy=large"", ""https://a0.muscache.com/im/pictures/30553225/84efd549_original.jpg?aki_policy=large"", ""https://a0.muscache.com/im/pictures/29281035/25d7239f_original.jpg?aki_policy=large"", ""https://a0.muscache.com/im/pictures/29280771/8e0c8566_original.jpg?aki_policy=large"", ""https://a0.muscache.com/im/pictures/29279916/e8f6e01d_original.jpg?aki_policy=large"", ""https://a0.muscache.com/im/pictures/29287048/c1f585d1_original.jpg?aki_policy=large"", ""https://a0.muscache.com/im/pictures/29287136/f33fe3f9_original.jpg?aki_policy=large"", ""https://a0.muscache.com/im/pictures/29279976/6f903751_original.jpg?aki_policy=large"", ""https://a0.muscache.com/im/pictures/30553685/69556485_original.jpg?aki_policy=large"", ""https://a0.muscache.com/im/pictures/60149538/f3d60593_original.jpg?aki_policy=large"", ""https://a0.muscache.com/im/pictures/730e8c42-b7bd-4a41-b2e5-d0531e2b7fb6.jpg?aki_policy=large""]";"{""beds"": 2, ""bedrooms"": 1, ""bathrooms"": 1.0, ""amenity_ids"": [1, 33, 2, 3, 4, 39, 8, 40, 41, 43, 45, 46, 21, 30, 31], ""is_rebookable"": false, ""is_new_listing"": false, ""is_fully_refundable"": true, ""is_host_highly_rated"": false, ""is_business_travel_ready"": false}";"{""weekly_factor"": 1.0, ""monthly_factor"": 1.0}";7019;"";"{""is_superhost"": false}"
1140610;Petit atelier canal st Martin;entire_home;Paris;République;48.869362;2.368722;3;"[""https://a0.muscache.com/im/pictures/19906619/2eb4cf3f_original.jpg?aki_policy=large"", ""https://a0.muscache.com/im/pictures/19906593/d7528485_original.jpg?aki_policy=large"", ""https://a0.muscache.com/im/pictures/19906598/b50ea169_original.jpg?aki_policy=large"", ""https://a0.muscache.com/im/pictures/19906599/78f1332d_original.jpg?aki_policy=large"", ""https://a0.muscache.com/im/pictures/19906585/4b073c1f_original.jpg?aki_policy=large"", ""https://a0.muscache.com/im/pictures/19906597/f5f8bdb3_original.jpg?aki_policy=large"", ""https://a0.muscache.com/im/pictures/19906617/1eda1adf_original.jpg?aki_policy=large"", ""https://a0.muscache.com/im/pictures/19906623/fde64c37_original.jpg?aki_policy=large"", ""https://a0.muscache.com/im/pictures/19906625/8fae711b_original.jpg?aki_policy=large"", ""https://a0.muscache.com/im/pictures/19906631/129e8634_original.jpg?aki_policy=large"", ""https://a0.muscache.com/im/pictures/19906580/c6428706_original.jpg?aki_policy=large"", ""https://a0.muscache.com/im/pictures/19906582/d645fe05_original.jpg?aki_policy=large"", ""https://a0.muscache.com/im/pictures/19906637/c14b3475_original.jpg?aki_policy=large"", ""https://a0.muscache.com/im/pictures/17156093/10173005_original.jpg?aki_policy=large"", ""https://a0.muscache.com/im/pictures/19906645/b4345d1b_original.jpg?aki_policy=large"", ""https://a0.muscache.com/im/pictures/19848686/c891a7bd_original.jpg?aki_policy=large"", ""https://a0.muscache.com/im/pictures/19848702/88ee4ec7_original.jpg?aki_policy=large"", ""https://a0.muscache.com/im/pictures/19848735/48e8a6c4_original.jpg?aki_policy=large"", ""https://a0.muscache.com/im/pictures/19906651/5b017e20_original.jpg?aki_policy=large"", ""https://a0.muscache.com/im/pictures/19906655/36845587_original.jpg?aki_policy=large"", ""https://a0.muscache.com/im/pictures/17156042/37c1666c_original.jpg?aki_policy=large"", ""https://a0.muscache.com/im/pictures/17156047/61f64cba_original.jpg?aki_policy=large""]";"{""beds"": 1, ""bedrooms"": 1, ""bathrooms"": 1.0, ""amenity_ids"": [1, 3, 4, 8, 40, 104, 10, 45, 77, 47, 51, 54, 30], ""is_rebookable"": false, ""is_new_listing"": false, ""is_fully_refundable"": true, ""is_host_highly_rated"": false, ""is_business_travel_ready"": false}";"{""weekly_factor"": 0.86, ""monthly_factor"": 0.66}";3274;"";"{""is_superhost"": false}"
5662637;Sophisticated & Sunny Opulent 1BR *Opéra *4 Guests;entire_home;Paris;Opéra - Grands Boulevards;48.8727810623;2.35154911611;2;"[""https://a0.muscache.com/im/pictures/70477785/be79607a_original.jpg?aki_policy=large"", ""https://a0.muscache.com/im/pictures/70477765/6f3e4745_original.jpg?aki_policy=large"", ""https://a0.muscache.com/im/pictures/70477645/eddcaad7_original.jpg?aki_policy=large"", ""https://a0.muscache.com/im/pictures/70477948/d719c69c_original.jpg?aki_policy=large"", ""https://a0.muscache.com/im/pictures/70477986/25e08bc2_original.jpg?aki_policy=large"", ""https://a0.muscache.com/im/pictures/70477635/cc7aebf9_original.jpg?aki_policy=large"", ""https://a0.muscache.com/im/pictures/70477809/2177740e_original.jpg?aki_policy=large"", ""https://a0.muscache.com/im/pictures/70477448/9de93d3a_original.jpg?aki_policy=large"", ""https://a0.muscache.com/im/pictures/70477386/0b6bed7f_original.jpg?aki_policy=large"", ""https://a0.muscache.com/im/pictures/70477427/f9c9fcac_original.jpg?aki_policy=large"", ""https://a0.muscache.com/im/pictures/70477401/9befb93e_original.jpg?aki_policy=large"", ""https://a0.muscache.com/im/pictures/70477416/75dc2d5a_original.jpg?aki_policy=large"", ""https://a0.muscache.com/im/pictures/70477557/af1a938f_original.jpg?aki_policy=large"", ""https://a0.muscache.com/im/pictures/70477471/ce3d14ec_original.jpg?aki_policy=large"", ""https://a0.muscache.com/im/pictures/70477507/b1b09dcb_original.jpg?aki_policy=large"", ""https://a0.muscache.com/im/pictures/70477546/c2c41c3c_original.jpg?aki_policy=large"", ""https://a0.muscache.com/im/pictures/70477601/252d2daf_original.jpg?aki_policy=large"", ""https://a0.muscache.com/im/pictures/70477579/fb6ecb94_original.jpg?aki_policy=large"", ""https://a0.muscache.com/im/pictures/70477589/61026bd0_original.jpg?aki_policy=large"", ""https://a0.muscache.com/im/pictures/70477661/71ec3003_original.jpg?aki_policy=large"", ""https://a0.muscache.com/im/pictures/70477962/293bcc7c_original.jpg?aki_policy=large"", ""https://a0.muscache.com/im/pictures/70478006/de361a20_original.jpg?aki_policy=large""]";"{""beds"": 2, ""bedrooms"": 1, ""bathrooms"": 1.0, ""amenity_ids"": [64, 1, 129, 2, 3, 4, 71, 8, 77, 85, 86, 88, 89, 90, 91, 93, 30, 94, 31, 96, 33, 34, 35, 36, 103, 40, 104, 41, 43, 44, 45, 46, 47, 57, 59, 61, 62, 63], ""is_rebookable"": false, ""is_new_listing"": false, ""is_fully_refundable"": true, ""is_host_highly_rated"": true, ""is_business_travel_ready"": false}";"{""weekly_factor"": 0.92, ""monthly_factor"": 0.85}";4754;"";"{""is_superhost"": false}"
5981388;Paris 16 - Elysées-Kléber-Trocadero /;entire_home;Paris;Passy;48.8689524256;2.28933339324;6;"[""https://a0.muscache.com/im/pictures/74495847/aa461d41_original.jpg?aki_policy=large"", ""https://a0.muscache.com/im/pictures/74495830/93993ec2_original.jpg?aki_policy=large"", ""https://a0.muscache.com/im/pictures/74495912/e2ac4653_original.jpg?aki_policy=large"", ""https://a0.muscache.com/im/pictures/74496395/e4311e3c_original.jpg?aki_policy=large"", ""https://a0.muscache.com/im/pictures/74496360/6f1cbc04_original.jpg?aki_policy=large"", ""https://a0.muscache.com/im/pictures/74495930/cc10f330_original.jpg?aki_policy=large"", ""https://a0.muscache.com/im/pictures/74495813/e8b2287f_original.jpg?aki_policy=large"", ""https://a0.muscache.com/im/pictures/74495892/0d0973b7_original.jpg?aki_policy=large"", ""https://a0.muscache.com/im/pictures/74644519/08f38644_original.jpg?aki_policy=large"", ""https://a0.muscache.com/im/pictures/74496378/87bd2acf_original.jpg?aki_policy=large"", ""https://a0.muscache.com/im/pictures/74496411/41b4e50a_original.jpg?aki_policy=large"", ""https://a0.muscache.com/im/pictures/74495792/eda29043_original.jpg?aki_policy=large"", ""https://a0.muscache.com/im/pictures/74496433/fe713ab9_original.jpg?aki_policy=large"", ""https://a0.muscache.com/im/pictures/74495943/80d2eb97_original.jpg?aki_policy=large"", ""https://a0.muscache.com/im/pictures/74496855/e87bcb72_original.jpg?aki_policy=large"", ""https://a0.muscache.com/im/pictures/74495860/37efab6c_original.jpg?aki_policy=large"", ""https://a0.muscache.com/im/pictures/74495960/9678abfc_original.jpg?aki_policy=large"", ""https://a0.muscache.com/im/pictures/7bc5d1c3-7516-4221-833d-ca11fb925fe5.jpg?aki_policy=large""]";"{""beds"": 5, ""bedrooms"": 2, ""bathrooms"": 2.0, ""amenity_ids"": [64, 1, 2, 66, 4, 8, 72, 10, 74, 77, 21, 85, 89, 90, 91, 92, 93, 30, 94, 31, 95, 96, 33, 34, 35, 103, 40, 44, 45, 46, 47, 61], ""is_rebookable"": false, ""is_new_listing"": false, ""is_fully_refundable"": true, ""is_host_highly_rated"": true, ""is_business_travel_ready"": false}";"{""weekly_factor"": 0.9, ""monthly_factor"": 0.75}";444;"";"{""is_superhost"": false}"
149534;GREAT WARM FULL APT LE HAUT MARAIS;entire_home;Paris;"";48.8663599642;2.36184417327;4;"[""https://a0.muscache.com/im/pictures/3059105/b29fb775_original.jpg?aki_policy=large"", ""https://a0.muscache.com/im/pictures/3359873/fd3f0ca7_original.jpg?aki_policy=large"", ""https://a0.muscache.com/im/pictures/23186844/d0eb2104_original.jpg?aki_policy=large"", ""https://a0.muscache.com/im/pictures/3359874/c5afca37_original.jpg?aki_policy=large"", ""https://a0.muscache.com/im/pictures/11911306/20ea2f51_original.jpg?aki_policy=large"", ""https://a0.muscache.com/im/pictures/3359846/8a1d7a4d_original.jpg?aki_policy=large"", ""https://a0.muscache.com/im/pictures/3059113/9cb7d9ee_original.jpg?aki_policy=large"", ""https://a0.muscache.com/im/pictures/3059116/8dae2bb2_original.jpg?aki_policy=large"", ""https://a0.muscache.com/im/pictures/3059110/b1cd87fb_original.jpg?aki_policy=large"", ""https://a0.muscache.com/im/pictures/3359851/e9043cb1_original.jpg?aki_policy=large"", ""https://a0.muscache.com/im/pictures/3359844/8cc5d80d_original.jpg?aki_policy=large"", ""https://a0.muscache.com/im/pictures/3059114/06b7aac7_original.jpg?aki_policy=large"", ""https://a0.muscache.com/im/pictures/3059117/96bd57f9_original.jpg?aki_policy=large"", ""https://a0.muscache.com/im/pictures/3359858/6948b68f_original.jpg?aki_policy=large"", ""https://a0.muscache.com/im/pictures/69a180ec-2533-40ad-a592-2684996ddd44.jpg?aki_policy=large"", ""https://a0.muscache.com/im/pictures/19f94524-9520-4448-9208-c0aab1253103.jpg?aki_policy=large"", ""https://a0.muscache.com/im/pictures/962067/5cb562ec_original.jpg?aki_policy=large"", ""https://a0.muscache.com/im/pictures/3359856/e0317625_original.jpg?aki_policy=large"", ""https://a0.muscache.com/im/pictures/3059109/ce66381d_original.jpg?aki_policy=large"", ""https://a0.muscache.com/im/pictures/3359864/748d2979_original.jpg?aki_policy=large"", ""https://a0.muscache.com/im/pictures/3359854/fbe85435_original.jpg?aki_policy=large""]";"{""beds"": 2, ""bedrooms"": 1, ""bathrooms"": 1.0, ""amenity_ids"": [1, 33, 129, 2, 3, 4, 103, 8, 40, 104, 41, 11, 44, 77, 14, 46, 47, 21, 27, 28, 30], ""is_rebookable"": false, ""is_new_listing"": false, ""is_fully_refundable"": true, ""is_host_highly_rated"": true, ""is_business_travel_ready"": false}";"{""weekly_factor"": 1.0, ""monthly_factor"": 0.4}";5932;"";"{""is_superhost"": false}"
7936602;UNIQUE ARCHITECT DESIGNED HOUSE;entire_home;Paris;Châtelet - Les Halles - Beaubourg;48.8641158013;2.34798053001;4;"[""https://a0.muscache.com/im/pictures/102599748/7f6208f6_original.jpg?aki_policy=large"", ""https://a0.muscache.com/im/pictures/102600075/7bc06f86_original.jpg?aki_policy=large"", ""https://a0.muscache.com/im/pictures/102600213/884509a4_original.jpg?aki_policy=large"", ""https://a0.muscache.com/im/pictures/102600312/390dfafd_original.jpg?aki_policy=large"", ""https://a0.muscache.com/im/pictures/102600344/c31e25d7_original.jpg?aki_policy=large"", ""https://a0.muscache.com/im/pictures/102600436/1b883a46_original.jpg?aki_policy=large"", ""https://a0.muscache.com/im/pictures/102600494/6298524c_original.jpg?aki_policy=large"", ""https://a0.muscache.com/im/pictures/102600524/6719e8bc_original.jpg?aki_policy=large"", ""https://a0.muscache.com/im/pictures/102600560/2c750a1f_original.jpg?aki_policy=large"", ""https://a0.muscache.com/im/pictures/102600597/60ff1a60_original.jpg?aki_policy=large"", ""https://a0.muscache.com/im/pictures/102600634/77f5129b_original.jpg?aki_policy=large"", ""https://a0.muscache.com/im/pictures/102600657/d87d37e5_original.jpg?aki_policy=large"", ""https://a0.muscache.com/im/pictures/102600703/cb6adaed_original.jpg?aki_policy=large"", ""https://a0.muscache.com/im/pictures/102600727/444bb59c_original.jpg?aki_policy=large"", ""https://a0.muscache.com/im/pictures/102600743/1755a51c_original.jpg?aki_policy=large"", ""https://a0.muscache.com/im/pictures/102600762/cdcd61b5_original.jpg?aki_policy=large"", ""https://a0.muscache.com/im/pictures/102600778/3eb32bd3_original.jpg?aki_policy=large"", ""https://a0.muscache.com/im/pictures/102600793/ff6502aa_original.jpg?aki_policy=large"", ""https://a0.muscache.com/im/pictures/102600806/fefe0dd4_original.jpg?aki_policy=large"", ""https://a0.muscache.com/im/pictures/102600818/7ef20656_original.jpg?aki_policy=large"", ""https://a0.muscache.com/im/pictures/102600840/1910bfc8_original.jpg?aki_policy=large"", ""https://a0.muscache.com/im/pictures/102600865/c475d01b_original.jpg?aki_policy=large"", ""https://a0.muscache.com/im/pictures/102600891/72affa2c_original.jpg?aki_policy=large"", ""https://a0.muscache.com/im/pictures/102600918/053d02f0_original.jpg?aki_policy=large"", ""https://a0.muscache.com/im/pictures/102601116/393cc299_original.jpg?aki_policy=large""]";"{""beds"": 2, ""bedrooms"": 2, ""bathrooms"": 1.5, ""amenity_ids"": [33, 3, 35, 4, 8, 40, 41, 28, 30], ""is_rebookable"": false, ""is_new_listing"": false, ""is_fully_refundable"": true, ""is_host_highly_rated"": false, ""is_business_travel_ready"": false}";"{""weekly_factor"": 0.83, ""monthly_factor"": 1.0}";1170;"";"{""is_superhost"": false}"
9468773;La Maison d'Anne suite 2 chambres;entire_home;Paris;Saint-Michel;48.8513389956;2.35017536773;5;"[""https://a0.muscache.com/im/pictures/2aeb2e90-99a8-4d80-9133-48f42e67703c.jpg?aki_policy=large"", ""https://a0.muscache.com/im/pictures/cb18f99d-39d0-49d7-a4fc-b47875673a25.jpg?aki_policy=large"", ""https://a0.muscache.com/im/pictures/1c47d157-11e4-45b2-842e-15210f2141e3.jpg?aki_policy=large"", ""https://a0.muscache.com/im/pictures/bd5665cb-6bd0-497e-9906-d1b03d34f6a9.jpg?aki_policy=large""]";"{""beds"": 4, ""bedrooms"": 2, ""bathrooms"": 1.0, ""amenity_ids"": [33, 2, 34, 35, 4, 5, 37, 7, 8, 40, 12, 15, 21, 30], ""is_rebookable"": false, ""is_new_listing"": false, ""is_fully_refundable"": true, ""is_host_highly_rated"": true, ""is_business_travel_ready"": false}";"{""weekly_factor"": 0.92, ""monthly_factor"": 1.0}";3167;"";"{""is_superhost"": true}"
56093; Beau duplex dans le Marais ;entire_home;Paris;3e arrondissement;48.867284473;2.35843088612;4;"[""https://a0.muscache.com/im/pictures/9843249/dd2f3407_original.jpg?aki_policy=large"", ""https://a0.muscache.com/im/pictures/9843231/6ee9240e_original.jpg?aki_policy=large"", ""https://a0.muscache.com/im/pictures/9843242/dd178d2d_original.jpg?aki_policy=large"", ""https://a0.muscache.com/im/pictures/9843237/47166d2e_original.jpg?aki_policy=large"", ""https://a0.muscache.com/im/pictures/9843243/777efe3e_original.jpg?aki_policy=large"", ""https://a0.muscache.com/im/pictures/9843481/557af822_original.jpg?aki_policy=large"", ""https://a0.muscache.com/im/pictures/9843486/49895607_original.jpg?aki_policy=large"", ""https://a0.muscache.com/im/pictures/9843473/84e50740_original.jpg?aki_policy=large"", ""https://a0.muscache.com/im/pictures/9843246/04af7259_original.jpg?aki_policy=large"", ""https://a0.muscache.com/im/pictures/2683647/d3d3352b_original.jpg?aki_policy=large"", ""https://a0.muscache.com/im/pictures/2683645/af525392_original.jpg?aki_policy=large"", ""https://a0.muscache.com/im/pictures/2683650/36c402ab_original.jpg?aki_policy=large"", ""https://a0.muscache.com/im/pictures/2683653/2e87bc9e_original.jpg?aki_policy=large"", ""https://a0.muscache.com/im/pictures/2683651/e5ae7a75_original.jpg?aki_policy=large"", ""https://a0.muscache.com/im/pictures/9843227/924da50e_original.jpg?aki_policy=large"", ""https://a0.muscache.com/im/pictures/9843234/084e5084_original.jpg?aki_policy=large"", ""https://a0.muscache.com/im/pictures/9843477/daaf2471_original.jpg?aki_policy=large"", ""https://a0.muscache.com/im/pictures/9843469/466bf8c9_original.jpg?aki_policy=large""]";"{""beds"": 2, ""bedrooms"": 1, ""bathrooms"": 1.0, ""amenity_ids"": [33, 2, 34, 4, 8, 40, 41, 44, 45, 46, 47, 21, 28, 30], ""is_rebookable"": false, ""is_new_listing"": false, ""is_fully_refundable"": true, ""is_host_highly_rated"": true, ""is_business_travel_ready"": false}";"{""weekly_factor"": 0.88, ""monthly_factor"": 1.0}";181;"";"{""is_superhost"": true}"
57207;Belle Chambre pour court;private_room;Paris;Vaugirard;48.8461836431;2.30445463601;2;"[""https://a0.muscache.com/im/pictures/31096425/c4067524_original.jpg?aki_policy=large"", ""https://a0.muscache.com/im/pictures/31096444/7c77320b_original.jpg?aki_policy=large"", ""https://a0.muscache.com/im/pictures/31096464/d31b2e64_original.jpg?aki_policy=large"", ""https://a0.muscache.com/im/pictures/31096468/27547bac_original.jpg?aki_policy=large"", ""https://a0.muscache.com/im/pictures/31096540/8a29c1f5_original.jpg?aki_policy=large"", ""https://a0.muscache.com/im/pictures/341921/b35ebc5f_original.jpg?aki_policy=large"", ""https://a0.muscache.com/im/pictures/860867/ef9b9192_original.jpg?aki_policy=large"", ""https://a0.muscache.com/im/pictures/31784463/b20cd293_original.jpg?aki_policy=large"", ""https://a0.muscache.com/im/pictures/31784512/a3e28b37_original.jpg?aki_policy=large"", ""https://a0.muscache.com/im/pictures/31784525/3b30a410_original.jpg?aki_policy=large"", ""https://a0.muscache.com/im/pictures/31784560/863dab72_original.jpg?aki_policy=large""]";"{""beds"": 1, ""bedrooms"": 1, ""bathrooms"": 1.0, ""amenity_ids"": [3, 4, 8, 40, 11, 43, 45, 46, 49, 50, 21, 28, 30], ""is_rebookable"": false, ""is_new_listing"": false, ""is_fully_refundable"": true, ""is_host_highly_rated"": false, ""is_business_travel_ready"": false}";"{""weekly_factor"": 0.87, ""monthly_factor"": 1.0}";2036;"";"{""is_superhost"": false}"
14386985;Chambre avec salle de douche privative;private_room;Paris;Châtelet - Les Halles - Beaubourg;48.8619596695;2.34838746349;2;"[""https://a0.muscache.com/im/pictures/60ea745b-3311-4d86-851f-cdf312273f2b.jpg?aki_policy=large"", ""https://a0.muscache.com/im/pictures/17f6e987-f214-40d0-ba1a-df58c0f845fc.jpg?aki_policy=large"", ""https://a0.muscache.com/im/pictures/97128a0e-abf7-4d26-9fdd-53910057c271.jpg?aki_policy=large"", ""https://a0.muscache.com/im/pictures/8c868a8e-f0dd-46b7-9b8b-c2098c63df87.jpg?aki_policy=large"", ""https://a0.muscache.com/im/pictures/481c1340-e1f2-4d8d-bab2-1b9d6e4bb1a5.jpg?aki_policy=large"", ""https://a0.muscache.com/im/pictures/d3392842-c94e-45d0-9860-df4244cf66e6.jpg?aki_policy=large"", ""https://a0.muscache.com/im/pictures/2cf83088-a450-4ceb-bef5-1304cea08c38.jpg?aki_policy=large"", ""https://a0.muscache.com/im/pictures/b7952b73-e2d7-434c-815c-b1ea1192962e.jpg?aki_policy=large"", ""https://a0.muscache.com/im/pictures/8ebe3f66-075b-4974-87b1-7748d257991f.jpg?aki_policy=large""]";"{""beds"": 1, ""bedrooms"": 1, ""bathrooms"": 1.0, ""amenity_ids"": [129, 35, 4, 36, 39, 103, 40, 41, 42, 44, 45, 46, 47, 16, 49, 50, 21, 30, 287], ""is_rebookable"": false, ""is_new_listing"": false, ""is_fully_refundable"": true, ""is_host_highly_rated"": true, ""is_business_travel_ready"": false}";"{""weekly_factor"": 1.0, ""monthly_factor"": 1.0}";4103;"";"{""is_superhost"": true}"
15366928;stunning studio Charles Laffitte;entire_home;Neuilly-sur-Seine;16e arrondissement;48.8799658463;2.27449864793;2;"[""https://a0.muscache.com/im/pictures/21faced3-3bf1-4f8e-9e59-e64c1157e4e4.jpg?aki_policy=large"", ""https://a0.muscache.com/im/pictures/5ef9c47c-6f51-4b4e-bcb7-250a54ef77c4.jpg?aki_policy=large"", ""https://a0.muscache.com/im/pictures/0c209c6d-5f49-4e78-9803-b147dfd0be5c.jpg?aki_policy=large"", ""https://a0.muscache.com/im/pictures/15a6a945-cb82-4c1a-9d07-9b56f255e733.jpg?aki_policy=large"", ""https://a0.muscache.com/im/pictures/2c3a0888-4e2f-4129-be69-4096bc91e058.jpg?aki_policy=large"", ""https://a0.muscache.com/im/pictures/2909ff71-4d34-4a74-a11f-3bb0f548a52b.jpg?aki_policy=large"", ""https://a0.muscache.com/im/pictures/798d854e-9677-47d9-bf3c-a5692e5b9412.jpg?aki_policy=large"", ""https://a0.muscache.com/im/pictures/304f364c-4c74-4ecb-a189-655771632b37.jpg?aki_policy=large"", ""https://a0.muscache.com/im/pictures/c6abb913-f749-48f7-96d5-dd4b60467c37.jpg?aki_policy=large"", ""https://a0.muscache.com/im/pictures/9e8bd71f-d77d-4d1a-8402-a19c1497e103.jpg?aki_policy=large"", ""https://a0.muscache.com/im/pictures/d1f54c4f-6321-4dab-80dd-98e1a0bc5a22.jpg?aki_policy=large"", ""https://a0.muscache.com/im/pictures/4c717b4a-a28e-4ad8-b017-0edc0cedbe23.jpg?aki_policy=large"", ""https://a0.muscache.com/im/pictures/38b9429f-98c3-4389-a19e-84404b5437d3.jpg?aki_policy=large"", ""https://a0.muscache.com/im/pictures/b521fbe3-f9e6-4103-90fb-2a52bb8312ca.jpg?aki_policy=large"", ""https://a0.muscache.com/im/pictures/1eb1d5c6-a32b-4e9b-8b90-db6c05e6d5fd.jpg?aki_policy=large"", ""https://a0.muscache.com/im/pictures/35889651-2d69-41df-9ad6-f39983ae7285.jpg?aki_policy=large"", ""https://a0.muscache.com/im/pictures/1b77d87a-f366-49e1-9891-c29ef8a47c08.jpg?aki_policy=large"", ""https://a0.muscache.com/im/pictures/c8db40d2-5078-43f8-88ac-44c11e83aab5.jpg?aki_policy=large"", ""https://a0.muscache.com/im/pictures/89030b2d-a1ac-4a48-9fbd-b97959b9fd1d.jpg?aki_policy=large""]";"{""beds"": 1, ""bedrooms"": 1, ""bathrooms"": 1.0, ""amenity_ids"": [1, 129, 3, 4, 8, 40, 41, 44, 45, 46, 47, 30, 31], ""is_rebookable"": false, ""is_new_listing"": false, ""is_fully_refundable"": true, ""is_host_highly_rated"": true, ""is_business_travel_ready"": false}";"{""weekly_factor"": 1.0, ""monthly_factor"": 0.85}";5435;"";"{""is_superhost"": false}"
15881321;2 Bedroom Parisian Apartment Close to Eiffel Tower;entire_home;Paris;Tour Eiffel - Champ de Mars;48.8546902827;2.29839162079;6;"[""https://a0.muscache.com/im/pictures/ab054064-9861-40ad-8077-04e1a35813b8.jpg?aki_policy=large"", ""https://a0.muscache.com/im/pictures/abd2c53b-a80c-496b-ae57-d6838b00f9bb.jpg?aki_policy=large"", ""https://a0.muscache.com/im/pictures/91e25715-7a61-4a1a-a9ea-93035e0a6979.jpg?aki_policy=large"", ""https://a0.muscache.com/im/pictures/e9d25d0e-4949-437a-8ae0-2f12f9322b5a.jpg?aki_policy=large"", ""https://a0.muscache.com/im/pictures/756b9aa7-ca25-40c0-8c06-7c25f582814d.jpg?aki_policy=large"", ""https://a0.muscache.com/im/pictures/bbec5167-af69-4ec3-b3c7-ef26270d31be.jpg?aki_policy=large"", ""https://a0.muscache.com/im/pictures/e44c1e92-4b8e-4dee-b1e0-b14bd5ca9aa4.jpg?aki_policy=large"", ""https://a0.muscache.com/im/pictures/75c112ba-5e4b-4d1f-8265-c374b0960926.jpg?aki_policy=large"", ""https://a0.muscache.com/im/pictures/a3543193-eefa-46ca-97a6-d3184d9cacb9.jpg?aki_policy=large"", ""https://a0.muscache.com/im/pictures/bfe0052f-1fcc-4319-82ee-11c4d1e8df40.jpg?aki_policy=large"", ""https://a0.muscache.com/im/pictures/2f7a25d9-2bd1-4b13-a5b8-c7dc0f5f847e.jpg?aki_policy=large"", ""https://a0.muscache.com/im/pictures/6bfada20-cc36-459c-b9d3-6ae02d0bd8f9.jpg?aki_policy=large"", ""https://a0.muscache.com/im/pictures/f68e485c-a270-40ec-8b46-a72af8eab626.jpg?aki_policy=large"", ""https://a0.muscache.com/im/pictures/ec03f196-48f5-48b2-9c24-f835d3adc9e7.jpg?aki_policy=large"", ""https://a0.muscache.com/im/pictures/074c864a-954e-4f33-9508-0826959fed2f.jpg?aki_policy=large"", ""https://a0.muscache.com/im/pictures/6cb86fbc-b43c-418d-9517-aec85c64cd4f.jpg?aki_policy=large"", ""https://a0.muscache.com/im/pictures/ed6aaa55-c196-430a-a466-1a8b698b91e8.jpg?aki_policy=large"", ""https://a0.muscache.com/im/pictures/9052328a-d5fd-4b6e-8293-96ed030e56f6.jpg?aki_policy=large"", ""https://a0.muscache.com/im/pictures/828e961a-258b-471a-8676-b39d5560e660.jpg?aki_policy=large"", ""https://a0.muscache.com/im/pictures/3397047c-9027-4590-8410-939c7df5be45.jpg?aki_policy=large"", ""https://a0.muscache.com/im/pictures/e3a77b6d-4172-4bfb-9b9e-4c3537171ef1.jpg?aki_policy=large"", ""https://a0.muscache.com/im/pictures/fef06a7b-9a83-4fdc-9558-601bb7c8573d.jpg?aki_policy=large"", ""https://a0.muscache.com/im/pictures/c728158c-d06b-4466-ac2a-df2f7f13f809.jpg?aki_policy=large"", ""https://a0.muscache.com/im/pictures/76a49f06-d94a-4873-bfac-291a8fb1d3af.jpg?aki_policy=large""]";"{""beds"": 3, ""bedrooms"": 2, ""bathrooms"": 1.0, ""amenity_ids"": [1, 33, 2, 34, 3, 35, 4, 36, 5, 38, 8, 40, 45, 46, 21, 28, 30, 31], ""is_rebookable"": false, ""is_new_listing"": false, ""is_fully_refundable"": true, ""is_host_highly_rated"": true, ""is_business_travel_ready"": false}";"{""weekly_factor"": 1.0, ""monthly_factor"": 1.0}";2073;"";"{""is_superhost"": false}"
1896398;chambre à louer pour 1 ou 2;private_room;Paris;Père Lachaise - Ménilmontant;48.8611933018;2.40533677249;2;"[""https://a0.muscache.com/im/pictures/79916251/8becda79_original.jpg?aki_policy=large"", ""https://a0.muscache.com/im/pictures/79916261/d109f045_original.jpg?aki_policy=large"", ""https://a0.muscache.com/im/pictures/79916323/6e0a63ea_original.jpg?aki_policy=large"", ""https://a0.muscache.com/im/pictures/79916317/a9e636a5_original.jpg?aki_policy=large"", ""https://a0.muscache.com/im/pictures/79916265/967d690f_original.jpg?aki_policy=large"", ""https://a0.muscache.com/im/pictures/79916365/7a0736b8_original.jpg?aki_policy=large"", ""https://a0.muscache.com/im/pictures/79916341/44c9766d_original.jpg?aki_policy=large"", ""https://a0.muscache.com/im/pictures/79916308/06bc56b2_original.jpg?aki_policy=large"", ""https://a0.muscache.com/im/pictures/79916329/6709ab35_original.jpg?aki_policy=large"", ""https://a0.muscache.com/im/pictures/79916290/8c5cface_original.jpg?aki_policy=large"", ""https://a0.muscache.com/im/pictures/79916349/c01edab7_original.jpg?aki_policy=large"", ""https://a0.muscache.com/im/pictures/79916311/45651783_original.jpg?aki_policy=large"", ""https://a0.muscache.com/im/pictures/79916362/7a51d608_original.jpg?aki_policy=large"", ""https://a0.muscache.com/im/pictures/79916297/cb7bf8f3_original.jpg?aki_policy=large"", ""https://a0.muscache.com/im/pictures/79916276/a9a616fe_original.jpg?aki_policy=large"", ""https://a0.muscache.com/im/pictures/79916272/11ce25b8_original.jpg?aki_policy=large"", ""https://a0.muscache.com/im/pictures/79916354/c0ea3d59_original.jpg?aki_policy=large"", ""https://a0.muscache.com/im/pictures/79916283/dc758344_original.jpg?aki_policy=large""]";"{""beds"": 2, ""bedrooms"": 1, ""bathrooms"": 1.0, ""amenity_ids"": [129, 35, 4, 85, 86, 40, 44, 77, 30, 47], ""is_rebookable"": false, ""is_new_listing"": false, ""is_fully_refundable"": true, ""is_host_highly_rated"": false, ""is_business_travel_ready"": false}";"{""weekly_factor"": 1.0, ""monthly_factor"": 1.0}";2376;"";"{""is_superhost"": false}"
17956827;PARIS PANTHEON QUARTIER LATIN;private_room;Paris;Montparnasse;48.8461892666;2.32433408866;3;"[""https://a0.muscache.com/im/pictures/7b9e8481-d532-48f4-86ed-40127c453e9e.jpg?aki_policy=large"", ""https://a0.muscache.com/im/pictures/a88ed7af-36d8-45b8-9c76-dd12f33ec143.jpg?aki_policy=large"", ""https://a0.muscache.com/im/pictures/9e18a492-6346-4a04-8975-5429b56d0d33.jpg?aki_policy=large"", ""https://a0.muscache.com/im/pictures/aa98e179-5b2b-4d31-b7b8-e5a4e35f0dde.jpg?aki_policy=large"", ""https://a0.muscache.com/im/pictures/d39d8463-5264-48c0-8166-afd964bad985.jpg?aki_policy=large"", ""https://a0.muscache.com/im/pictures/c7e1f350-b023-4066-adab-ae9f2bacc7a2.jpg?aki_policy=large"", ""https://a0.muscache.com/im/pictures/e512f8b8-3e93-47f9-bc86-8ea8cfbb00a6.jpg?aki_policy=large"", ""https://a0.muscache.com/im/pictures/99a01d87-34dd-4b48-a1af-5109f6c3b519.jpg?aki_policy=large""]";"{""beds"": 3, ""bedrooms"": 1, ""bathrooms"": 1.0, ""amenity_ids"": [1, 65, 129, 67, 4, 68, 5, 69, 70, 71, 8, 72, 73, 10, 77, 85, 86, 87, 88, 89, 90, 27, 91, 93, 30, 31, 33, 34, 35, 37, 101, 103, 40, 44, 45, 46, 47, 50, 60, 61, 63], ""is_rebookable"": false, ""is_new_listing"": false, ""is_fully_refundable"": true, ""is_host_highly_rated"": false, ""is_business_travel_ready"": false}";"{""weekly_factor"": 1.0, ""monthly_factor"": 1.0}";7483;"";"{""is_superhost"": true}"
114543;Charming 1bdr 55m² - Eiffel Tower;entire_home;Paris;"";48.8495295698;2.29021920419;2;"[""https://a0.muscache.com/im/pictures/76a9b666-94f9-46ac-bc24-efef491fb5a6.jpg?aki_policy=large"", ""https://a0.muscache.com/im/pictures/d8bd3356-dde8-442b-a31f-0f821a067866.jpg?aki_policy=large"", ""https://a0.muscache.com/im/pictures/6c44565f-5b08-41bd-be0b-053ccd8d847e.jpg?aki_policy=large"", ""https://a0.muscache.com/im/pictures/e1a54fc8-3606-433b-888c-aed8c3587c23.jpg?aki_policy=large"", ""https://a0.muscache.com/im/pictures/825eb3bd-a88c-425e-ab51-a4d441bc354a.jpg?aki_policy=large"", ""https://a0.muscache.com/im/pictures/a6c6ad72-0afd-4896-862c-51a9051a4969.jpg?aki_policy=large"", ""https://a0.muscache.com/im/pictures/e71ea2d5-c4a1-4edc-866a-1ff91cf4c26a.jpg?aki_policy=large"", ""https://a0.muscache.com/im/pictures/01800854-2217-497e-9675-6b64518896f2.jpg?aki_policy=large"", ""https://a0.muscache.com/im/pictures/e61b156f-d983-4fa5-a6ed-d3cc850ab70a.jpg?aki_policy=large"", ""https://a0.muscache.com/im/pictures/73440c42-e53e-43a1-ada8-2cefbfd6901d.jpg?aki_policy=large"", ""https://a0.muscache.com/im/pictures/98e3e81d-3847-4138-87f4-782e2b79ad13.jpg?aki_policy=large"", ""https://a0.muscache.com/im/pictures/f0413a99-66c9-4a81-bba9-d80054e1d74c.jpg?aki_policy=large"", ""https://a0.muscache.com/im/pictures/d4837b63-ebdd-4278-96d6-87dd32084963.jpg?aki_policy=large"", ""https://a0.muscache.com/im/pictures/d8c14b3e-b105-4f50-a1aa-aaf76177b6ee.jpg?aki_policy=large"", ""https://a0.muscache.com/im/pictures/4d52d304-f94b-4e65-946b-de2149b4694c.jpg?aki_policy=large"", ""https://a0.muscache.com/im/pictures/06202748-8dc3-4f05-b88e-96e9b41a17b7.jpg?aki_policy=large"", ""https://a0.muscache.com/im/pictures/dd03f6e9-4221-4760-8de4-f22b8bdd08c3.jpg?aki_policy=large"", ""https://a0.muscache.com/im/pictures/8ed7d099-b3e7-4693-a68b-ef72e1cf38ac.jpg?aki_policy=large"", ""https://a0.muscache.com/im/pictures/2a7c4a8b-8958-4b6d-b81e-c40a90b3a9a9.jpg?aki_policy=large"", ""https://a0.muscache.com/im/pictures/ebc53361-d32b-43b1-b6b6-b2655e97ad63.jpg?aki_policy=large"", ""https://a0.muscache.com/im/pictures/ab2a9b9a-c8bc-470c-9442-a265ea75d4db.jpg?aki_policy=large"", ""https://a0.muscache.com/im/pictures/43b188be-c0c4-4f18-942f-d796326eb825.jpg?aki_policy=large"", ""https://a0.muscache.com/im/pictures/c03e5735-1031-46f7-980e-0e7704d1ac0b.jpg?aki_policy=large"", ""https://a0.muscache.com/im/pictures/c71a07ae-0e71-49d2-9707-4adca2b98677.jpg?aki_policy=large"", ""https://a0.muscache.com/im/pictures/f0c72b4f-a06f-45f6-a39e-a430d63273dd.jpg?aki_policy=large""]";"{""beds"": 1, ""bedrooms"": 1, ""bathrooms"": 1.0, ""amenity_ids"": [1, 33, 3, 4, 21, 6, 39, 8, 40, 41, 30], ""is_rebookable"": false, ""is_new_listing"": false, ""is_fully_refundable"": true, ""is_host_highly_rated"": true, ""is_business_travel_ready"": false}";"{""weekly_factor"": 0.9, ""monthly_factor"": 0.9}";2597;"";"{""is_superhost"": true}"
22199515;Spacious 2 BR Near Eiffel Tower and St Germain;entire_home;Paris;Invalides - Ecole Militaire;48.8575088798;2.32261008185;3;"[""https://a0.muscache.com/im/pictures/924fd955-de6a-4b6a-a904-0831151efe30.jpg?aki_policy=large"", ""https://a0.muscache.com/im/pictures/4b7402e0-369e-4b9c-ace9-1009febb8761.jpg?aki_policy=large"", ""https://a0.muscache.com/im/pictures/5f59585b-c447-490d-bf79-25d96e2cf1d6.jpg?aki_policy=large"", ""https://a0.muscache.com/im/pictures/c7af0a63-b562-472f-805d-c7b80046115d.jpg?aki_policy=large"", ""https://a0.muscache.com/im/pictures/ee3a1c68-a033-4f4f-a0e9-672d063d6393.jpg?aki_policy=large"", ""https://a0.muscache.com/im/pictures/d6fd46db-922f-45b9-8c25-860ebe23cfef.jpg?aki_policy=large"", ""https://a0.muscache.com/im/pictures/bedee9aa-7e8e-494b-bfd0-9eef5d84c007.jpg?aki_policy=large"", ""https://a0.muscache.com/im/pictures/8f51e2e7-40a1-43d7-99fa-080efec84c3b.jpg?aki_policy=large"", ""https://a0.muscache.com/im/pictures/693c3944-7275-4a09-8080-6a024ce56ce0.jpg?aki_policy=large"", ""https://a0.muscache.com/im/pictures/8ef7107b-d8b4-46f7-867f-d08d74bc5f37.jpg?aki_policy=large"", ""https://a0.muscache.com/im/pictures/f897ffbc-5733-4baf-ab68-72a5f7deb834.jpg?aki_policy=large"", ""https://a0.muscache.com/im/pictures/21062ade-87c4-488d-8d2d-c2e7d028749a.jpg?aki_policy=large"", ""https://a0.muscache.com/im/pictures/71cdfbca-22bd-4c89-bb84-312b3d675722.jpg?aki_policy=large"", ""https://a0.muscache.com/im/pictures/b32ab27a-5d7d-4abb-81fd-ee7338c2856a.jpg?aki_policy=large"", ""https://a0.muscache.com/im/pictures/9c1b5196-2f66-41ac-ba12-23dc8fd24389.jpg?aki_policy=large"", ""https://a0.muscache.com/im/pictures/89b25f82-8f51-4c3d-bfbd-72481110a0c8.jpg?aki_policy=large"", ""https://a0.muscache.com/im/pictures/157c0ab9-e8a7-4b1f-a70c-1d050d911e81.jpg?aki_policy=large"", ""https://a0.muscache.com/im/pictures/ffe843ea-94c2-4140-a970-8716237e729d.jpg?aki_policy=large"", ""https://a0.muscache.com/im/pictures/68ea6e1e-af4d-4487-af67-2c7d6ee1aee2.jpg?aki_policy=large"", ""https://a0.muscache.com/im/pictures/7e04a3d9-2dd8-478d-ad1f-64c59bc3f22c.jpg?aki_policy=large"", ""https://a0.muscache.com/im/pictures/6b5564d1-0f52-49ce-a65e-8c5b2dcdd1bd.jpg?aki_policy=large"", ""https://a0.muscache.com/im/pictures/10cbc051-46ca-4a89-ad27-3229d65bd04f.jpg?aki_policy=large""]";"{""beds"": 2, ""bedrooms"": 2, ""bathrooms"": 1.5, ""amenity_ids"": [1, 33, 34, 3, 35, 4, 36, 5, 38, 8, 40, 45, 46, 21, 27, 28, 30], ""is_rebookable"": false, ""is_new_listing"": false, ""is_fully_refundable"": true, ""is_host_highly_rated"": true, ""is_business_travel_ready"": false}";"{""weekly_factor"": 1.0, ""monthly_factor"": 1.0}";2073;"";"{""is_superhost"": false}"
22568676;Centre Rex Opéra;entire_home;Paris;Opéra - Grands Boulevards;48.8723166778;2.34879550349;4;"[""https://a0.muscache.com/im/pictures/297364ad-794b-4fc2-9333-84572024b712.jpg?aki_policy=large"", ""https://a0.muscache.com/im/pictures/29abb628-9564-43d1-862d-ea51c6122214.jpg?aki_policy=large"", ""https://a0.muscache.com/im/pictures/83887a28-b613-45f1-8cb1-000835d4468b.jpg?aki_policy=large"", ""https://a0.muscache.com/im/pictures/eab625bf-e5fd-4a26-875c-f07eb81ac7d5.jpg?aki_policy=large"", ""https://a0.muscache.com/im/pictures/f496e829-2de0-49b6-ae32-ed8d81394ae5.jpg?aki_policy=large"", ""https://a0.muscache.com/im/pictures/9a69fae0-a017-468e-8f2d-fa5a5c90c220.jpg?aki_policy=large"", ""https://a0.muscache.com/im/pictures/1ef585e1-7e8d-4a03-94a4-907a65d776de.jpg?aki_policy=large""]";"{""beds"": 3, ""bedrooms"": 2, ""bathrooms"": 1.0, ""amenity_ids"": [1, 33, 129, 35, 4, 8, 40, 41, 10, 44, 77, 30, 31], ""is_rebookable"": false, ""is_new_listing"": false, ""is_fully_refundable"": true, ""is_host_highly_rated"": true, ""is_business_travel_ready"": false}";"{""weekly_factor"": 0.9, ""monthly_factor"": 1.0}";8017;"";"{""is_superhost"": true}"
23179840;LIEU UNIQUE DANS PARIS;entire_home;Paris;Buttes-Chaumont - Belleville;48.8723609602;2.37755945004;4;"[""https://a0.muscache.com/im/pictures/7f23ca5c-8009-4f96-892e-9a90fa342cff.jpg?aki_policy=large"", ""https://a0.muscache.com/im/pictures/b98773fd-c64f-4463-b5b4-0743f8a26e94.jpg?aki_policy=large"", ""https://a0.muscache.com/im/pictures/1bd0ef5f-5488-4bf0-9e73-f01b589df54d.jpg?aki_policy=large"", ""https://a0.muscache.com/im/pictures/c18cdc5c-fdd0-4cb1-b628-57d9e0f0fcbe.jpg?aki_policy=large"", ""https://a0.muscache.com/im/pictures/61f40410-e101-412e-a03a-797d36e5f3d2.jpg?aki_policy=large"", ""https://a0.muscache.com/im/pictures/175f9354-1c32-48e3-b83b-71ed14a83de8.jpg?aki_policy=large"", ""https://a0.muscache.com/im/pictures/d03ea3c0-a148-409e-8fe5-b7b9a443756b.jpg?aki_policy=large"", ""https://a0.muscache.com/im/pictures/6e417235-c34c-45a0-bdbd-7caee7b35919.jpg?aki_policy=large"", ""https://a0.muscache.com/im/pictures/14c8bbf7-ddea-4642-ad58-6a96e8949004.jpg?aki_policy=large"", ""https://a0.muscache.com/im/pictures/a2c8cae5-108d-41fa-99e1-7c42220ed905.jpg?aki_policy=large"", ""https://a0.muscache.com/im/pictures/784502f5-ccc7-42b0-ba95-2fd7a054395a.jpg?aki_policy=large""]";"{""beds"": 2, ""bedrooms"": 1, ""bathrooms"": 1.0, ""amenity_ids"": [35, 4, 8, 40, 41, 10, 44, 45, 77, 47, 51, 55, 285, 30, 31], ""is_rebookable"": false, ""is_new_listing"": false, ""is_fully_refundable"": true, ""is_host_highly_rated"": true, ""is_business_travel_ready"": false}";"{""weekly_factor"": 0.9, ""monthly_factor"": 1.0}";6426;"";"{""is_superhost"": false}"
2760689;Cosy studio - Place des Vosges/Marais;entire_home;Paris;Saint-Paul - Ile Saint-Louis;48.8527309869;2.36348524038;2;"[""https://a0.muscache.com/im/pictures/35930046/f5c7c94a_original.jpg?aki_policy=large"", ""https://a0.muscache.com/im/pictures/35930083/f5bdf0af_original.jpg?aki_policy=large"", ""https://a0.muscache.com/im/pictures/35930108/710530a8_original.jpg?aki_policy=large"", ""https://a0.muscache.com/im/pictures/35929869/6d0da3e5_original.jpg?aki_policy=large"", ""https://a0.muscache.com/im/pictures/35930161/55493c14_original.jpg?aki_policy=large"", ""https://a0.muscache.com/im/pictures/35929895/14f7054d_original.jpg?aki_policy=large"", ""https://a0.muscache.com/im/pictures/35929952/68a2e3ca_original.jpg?aki_policy=large"", ""https://a0.muscache.com/im/pictures/35929836/53a39a37_original.jpg?aki_policy=large"", ""https://a0.muscache.com/im/pictures/35929808/cc92cc3d_original.jpg?aki_policy=large"", ""https://a0.muscache.com/im/pictures/35929929/9270c1ae_original.jpg?aki_policy=large"", ""https://a0.muscache.com/im/pictures/35929980/312ea90c_original.jpg?aki_policy=large"", ""https://a0.muscache.com/im/pictures/35930015/283e2e60_original.jpg?aki_policy=large"", ""https://a0.muscache.com/im/pictures/35929732/4855d906_original.jpg?aki_policy=large"", ""https://a0.muscache.com/im/pictures/35929757/3db8833a_original.jpg?aki_policy=large"", ""https://a0.muscache.com/im/pictures/35929782/c7a5090d_original.jpg?aki_policy=large"", ""https://a0.muscache.com/im/pictures/35930129/effa27dc_original.jpg?aki_policy=large"", ""https://a0.muscache.com/im/pictures/35981774/62e800fc_original.jpg?aki_policy=large"", ""https://a0.muscache.com/im/pictures/35981784/2b3e923a_original.jpg?aki_policy=large""]";"{""beds"": 1, ""bedrooms"": 0, ""bathrooms"": 1.0, ""amenity_ids"": [1, 33, 2, 34, 3, 35, 131, 4, 71, 103, 8, 40, 41, 44, 45, 77, 46, 28, 30, 31], ""is_rebookable"": false, ""is_new_listing"": false, ""is_fully_refundable"": true, ""is_host_highly_rated"": true, ""is_business_travel_ready"": false}";"{""weekly_factor"": 1.0, ""monthly_factor"": 1.0}";1545;"";"{""is_superhost"": false}"
23871255;Modern 1 Bedroom 1 Bath Near Arc de Triomphe;entire_home;Paris;Champs-Elysées;48.8743736481;2.30482406233;2;"[""https://a0.muscache.com/im/pictures/790e4dda-3559-4994-b297-481d07eb1317.jpg?aki_policy=large"", ""https://a0.muscache.com/im/pictures/3be83745-68e4-4f8c-8abe-17bcc7d7b715.jpg?aki_policy=large"", ""https://a0.muscache.com/im/pictures/d90dc623-638f-4be0-b2e9-8714dd01c83c.jpg?aki_policy=large"", ""https://a0.muscache.com/im/pictures/e86c6658-17c4-4959-9a2d-4fd940035ab7.jpg?aki_policy=large"", ""https://a0.muscache.com/im/pictures/bd3c47d1-05d6-425d-8eeb-f460aebba610.jpg?aki_policy=large"", ""https://a0.muscache.com/im/pictures/6dcbaa8f-99d0-4f02-80cc-67da63a014e1.jpg?aki_policy=large"", ""https://a0.muscache.com/im/pictures/864c0123-95ef-45ef-b5d0-d6b754da55b7.jpg?aki_policy=large"", ""https://a0.muscache.com/im/pictures/4479dff3-4468-4f11-a11c-bea5f5427c1b.jpg?aki_policy=large"", ""https://a0.muscache.com/im/pictures/e4d84cfc-92bd-4921-a9f8-0a942e8bd102.jpg?aki_policy=large"", ""https://a0.muscache.com/im/pictures/7b4aedfd-9213-495b-ad9c-904a3489b382.jpg?aki_policy=large"", ""https://a0.muscache.com/im/pictures/5025b590-1f5d-40d9-b601-34fed8281b8c.jpg?aki_policy=large"", ""https://a0.muscache.com/im/pictures/0321b8c2-1da8-44c1-bad1-9f14fd5d4a97.jpg?aki_policy=large"", ""https://a0.muscache.com/im/pictures/d1bf14c5-b1ec-4a8d-9dc3-4b519faba709.jpg?aki_policy=large"", ""https://a0.muscache.com/im/pictures/04c1388f-5c9e-40ed-884a-9bf44ebfeaa1.jpg?aki_policy=large"", ""https://a0.muscache.com/im/pictures/f1a9c912-5a90-4157-bbfa-de81a7bd5445.jpg?aki_policy=large"", ""https://a0.muscache.com/im/pictures/4d11e7bb-131a-47d9-ac48-0c5a268fe885.jpg?aki_policy=large"", ""https://a0.muscache.com/im/pictures/049dddf9-784b-491e-b77f-aa7ef72ed81d.jpg?aki_policy=large"", ""https://a0.muscache.com/im/pictures/c645c535-a582-4544-9620-1476b3232ce7.jpg?aki_policy=large"", ""https://a0.muscache.com/im/pictures/b7c31022-c70f-405a-b90f-32a369733f09.jpg?aki_policy=large"", ""https://a0.muscache.com/im/pictures/12837e6a-57a3-4231-a729-2f35c5be5fa0.jpg?aki_policy=large"", ""https://a0.muscache.com/im/pictures/44c6077a-9753-4c80-84cd-4f565dcab24c.jpg?aki_policy=large""]";"{""beds"": 1, ""bedrooms"": 1, ""bathrooms"": 1.0, ""amenity_ids"": [1, 33, 34, 3, 4, 21, 8, 44, 45, 30, 46], ""is_rebookable"": false, ""is_new_listing"": false, ""is_fully_refundable"": true, ""is_host_highly_rated"": true, ""is_business_travel_ready"": false}";"{""weekly_factor"": 1.0, ""monthly_factor"": 1.0}";2073;"";"{""is_superhost"": false}"
170599;Sunny modern studio in Gambetta;entire_home;Paris;Père Lachaise - Ménilmontant;48.8675598464;2.4026462456;2;"[""https://a0.muscache.com/im/pictures/e169c022-f39a-42ce-ac42-1f82f44b1b3e.jpg?aki_policy=large"", ""https://a0.muscache.com/im/pictures/4431085/f6c6bec2_original.jpg?aki_policy=large"", ""https://a0.muscache.com/im/pictures/4431078/dffa0be5_original.jpg?aki_policy=large"", ""https://a0.muscache.com/im/pictures/3c7ae1ae-9619-4961-b160-59c42323f552.jpg?aki_policy=large"", ""https://a0.muscache.com/im/pictures/d38c7b68-edcd-45ab-b726-ebb0b839c49d.jpg?aki_policy=large"", ""https://a0.muscache.com/im/pictures/5c6b6dfe-fdf8-48df-aa09-b50c4d0b6bc4.jpg?aki_policy=large""]";"{""beds"": 1, ""bedrooms"": 1, ""bathrooms"": 1.0, ""amenity_ids"": [33, 129, 3, 35, 4, 6, 8, 40, 44, 45, 77, 46, 21, 28, 61, 30, 31], ""is_rebookable"": false, ""is_new_listing"": false, ""is_fully_refundable"": true, ""is_host_highly_rated"": true, ""is_business_travel_ready"": false}";"{""weekly_factor"": 1.0, ""monthly_factor"": 1.0}";4920;"";"{""is_superhost"": false}"
24248060;Charmant studio calme dans un quartier très vivant;entire_home;Paris;Pigalle - Saint-Georges;48.8814809684;2.34276792068;2;"[""https://a0.muscache.com/im/pictures/25f41650-3513-4f27-a920-1b3b2139a392.jpg?aki_policy=large"", ""https://a0.muscache.com/im/pictures/bb0e68c7-31cf-47c2-a756-776d9f4dde9b.jpg?aki_policy=large"", ""https://a0.muscache.com/im/pictures/c9b465f9-6887-4a52-9fb0-2a6097735638.jpg?aki_policy=large"", ""https://a0.muscache.com/im/pictures/d715699c-1d84-4f8f-b7cc-99582c8eabe9.jpg?aki_policy=large""]";"{""beds"": 1, ""bedrooms"": 0, ""bathrooms"": 1.0, ""amenity_ids"": [35, 85, 38, 8, 40, 45, 77, 30], ""is_rebookable"": false, ""is_new_listing"": false, ""is_fully_refundable"": true, ""is_host_highly_rated"": true, ""is_business_travel_ready"": false}";"{""weekly_factor"": 0.83, ""monthly_factor"": 1.0}";7846;"";"{""is_superhost"": true}"
24488632;APPT CHARMANT ET MODERNE - RIVE GAUCHE;entire_home;Paris 7e Arrondissement;Montparnasse;48.8480851299;2.32120676594;4;"[""https://a0.muscache.com/im/pictures/2f72f566-0650-430e-b9ed-95477fa5a9bf.jpg?aki_policy=large"", ""https://a0.muscache.com/im/pictures/b2b73d9f-7222-4978-a010-47e2c1bea3f7.jpg?aki_policy=large"", ""https://a0.muscache.com/im/pictures/6fb5cba1-ef45-4f19-a5ab-a7648b460c42.jpg?aki_policy=large"", ""https://a0.muscache.com/im/pictures/f6a38c77-a1a2-4a08-b86c-05f344b196d9.jpg?aki_policy=large"", ""https://a0.muscache.com/im/pictures/e3dc3bc4-7693-4c87-9d39-f37bd517932d.jpg?aki_policy=large"", ""https://a0.muscache.com/im/pictures/fd0373e4-3aad-452b-b710-fcc4aead1341.jpg?aki_policy=large"", ""https://a0.muscache.com/im/pictures/a20017d6-c168-416c-a7cd-252ed3b0681c.jpg?aki_policy=large"", ""https://a0.muscache.com/im/pictures/aec17179-a7fa-47f1-b523-61ff4fd3a0ae.jpg?aki_policy=large"", ""https://a0.muscache.com/im/pictures/ce8b19b3-d41e-45ec-86d2-1e6ab743d9e4.jpg?aki_policy=large"", ""https://a0.muscache.com/im/pictures/66f68318-cb8f-4b57-be63-4d0e198bcf55.jpg?aki_policy=large"", ""https://a0.muscache.com/im/pictures/5aa2c784-aa42-4f4d-9b1d-d9da9d186bf2.jpg?aki_policy=large"", ""https://a0.muscache.com/im/pictures/95643a22-0183-4962-b661-74a56790011f.jpg?aki_policy=large"", ""https://a0.muscache.com/im/pictures/28ec67f4-18da-419d-9b51-ea15c1087429.jpg?aki_policy=large"", ""https://a0.muscache.com/im/pictures/b77cf429-2196-43ac-a056-bf71ba532d64.jpg?aki_policy=large"", ""https://a0.muscache.com/im/pictures/e3be5d18-44d7-4ccb-a6c9-cdf81f7ea752.jpg?aki_policy=large""]";"{""beds"": 2, ""bedrooms"": 1, ""bathrooms"": 1.0, ""amenity_ids"": [1, 33, 2, 34, 3, 35, 4, 8, 40, 41, 44, 45, 47, 30, 31], ""is_rebookable"": false, ""is_new_listing"": false, ""is_fully_refundable"": true, ""is_host_highly_rated"": false, ""is_business_travel_ready"": false}";"{""weekly_factor"": 1.0, ""monthly_factor"": 0.9}";3237;"";"{""is_superhost"": false}"
164255;Perfect place in Le Marais - Paris;entire_home;Paris;3e arrondissement;48.8613976778;2.36429910293;4;"[""https://a0.muscache.com/im/pictures/2123182/38e88fbc_original.jpg?aki_policy=large"", ""https://a0.muscache.com/im/pictures/2123055/1a189a6f_original.jpg?aki_policy=large"", ""https://a0.muscache.com/im/pictures/2123071/6b0a97fd_original.jpg?aki_policy=large"", ""https://a0.muscache.com/im/pictures/2123220/ff50e225_original.jpg?aki_policy=large"", ""https://a0.muscache.com/im/pictures/2123098/a43bfbc7_original.jpg?aki_policy=large"", ""https://a0.muscache.com/im/pictures/82029529/69499f02_original.jpg?aki_policy=large"", ""https://a0.muscache.com/im/pictures/2123115/bca5f684_original.jpg?aki_policy=large"", ""https://a0.muscache.com/im/pictures/2123148/5151e32c_original.jpg?aki_policy=large"", ""https://a0.muscache.com/im/pictures/2123158/ca4ada36_original.jpg?aki_policy=large"", ""https://a0.muscache.com/im/pictures/2123213/f8b2cefd_original.jpg?aki_policy=large""]";"{""beds"": 2, ""bedrooms"": 1, ""bathrooms"": 1.0, ""amenity_ids"": [1, 33, 2, 34, 3, 4, 8, 40, 41, 11, 43, 44, 45, 46, 47, 16, 28, 30, 31], ""is_rebookable"": false, ""is_new_listing"": false, ""is_fully_refundable"": true, ""is_host_highly_rated"": false, ""is_business_travel_ready"": false}";"{""weekly_factor"": 1.0, ""monthly_factor"": 1.0}";7470;"";"{""is_superhost"": false}"
167998;"Cosy Luxe; Louvre, Opera, St.Honoré";entire_home;Paris;Madeleine - Vendôme;48.8660561973;2.33040023262;4;"[""https://a0.muscache.com/im/pictures/1102821/400c1025_original.jpg?aki_policy=large"", ""https://a0.muscache.com/im/pictures/817b0eed-d485-4e9b-93fa-2295d87f7dd1.jpg?aki_policy=large"", ""https://a0.muscache.com/im/pictures/633e26e0-fa94-47b5-b3f5-cc04a7e1c58b.jpg?aki_policy=large"", ""https://a0.muscache.com/im/pictures/21d9b3d1-41e3-4f71-afd5-cc5756fd95fe.jpg?aki_policy=large"", ""https://a0.muscache.com/im/pictures/1102860/363ae00a_original.jpg?aki_policy=large"", ""https://a0.muscache.com/im/pictures/1102831/73c97209_original.jpg?aki_policy=large"", ""https://a0.muscache.com/im/pictures/1102887/9b6c7997_original.jpg?aki_policy=large"", ""https://a0.muscache.com/im/pictures/1102812/36ea4741_original.jpg?aki_policy=large"", ""https://a0.muscache.com/im/pictures/1103025/0ac3a240_original.jpg?aki_policy=large"", ""https://a0.muscache.com/im/pictures/1103037/2b2651a6_original.jpg?aki_policy=large"", ""https://a0.muscache.com/im/pictures/1102970/9420d311_original.jpg?aki_policy=large"", ""https://a0.muscache.com/im/pictures/1102978/81ca9e90_original.jpg?aki_policy=large"", ""https://a0.muscache.com/im/pictures/1102990/4a05229b_original.jpg?aki_policy=large"", ""https://a0.muscache.com/im/pictures/1102848/a7d61635_original.jpg?aki_policy=large"", ""https://a0.muscache.com/im/pictures/17538784/4ecb2416_original.jpg?aki_policy=large"", ""https://a0.muscache.com/im/pictures/17538690/4148fdfb_original.jpg?aki_policy=large"", ""https://a0.muscache.com/im/pictures/1102779/29b66f9e_original.jpg?aki_policy=large"", ""https://a0.muscache.com/im/pictures/1103011/039f20a7_original.jpg?aki_policy=large"", ""https://a0.muscache.com/im/pictures/16798259/9c9db3c2_original.jpg?aki_policy=large"", ""https://a0.muscache.com/im/pictures/17303176/a61e4175_original.jpg?aki_policy=large"", ""https://a0.muscache.com/im/pictures/27645977/77ccfc5e_original.jpg?aki_policy=large"", ""https://a0.muscache.com/im/pictures/f0aea957-ca4c-4860-98f6-e13dd0434265.jpg?aki_policy=large"", ""https://a0.muscache.com/im/pictures/f1ca10d3-fc6d-45e9-9cae-64402828dac4.jpg?aki_policy=large"", ""https://a0.muscache.com/im/pictures/68312407/2ee4f7dc_original.jpg?aki_policy=large""]";"{""beds"": 3, ""bedrooms"": 2, ""bathrooms"": 1.0, ""amenity_ids"": [1, 129, 2, 3, 4, 8, 77, 21, 89, 90, 27, 91, 92, 93, 30, 94, 31, 95, 96, 33, 34, 40, 41, 43, 44, 45, 46, 47], ""is_rebookable"": false, ""is_new_listing"": false, ""is_fully_refundable"": true, ""is_host_highly_rated"": false, ""is_business_travel_ready"": false}";"{""weekly_factor"": 1.0, ""monthly_factor"": 1.0}";6480;"";"{""is_superhost"": false}"
25702020;Appartement de charme dans le Marais;entire_home;Paris;Saint-Paul - Ile Saint-Louis;48.8546408229;2.3580454106;6;"[""https://a0.muscache.com/im/pictures/89443946-389b-4091-bf18-c95f9fc68124.jpg?aki_policy=large"", ""https://a0.muscache.com/im/pictures/667d518d-b221-4b1f-97c3-2dd0128e0f74.jpg?aki_policy=large"", ""https://a0.muscache.com/im/pictures/c01c3513-d4ef-4456-ab69-08eae5d5b376.jpg?aki_policy=large"", ""https://a0.muscache.com/im/pictures/aa0ddd44-db30-4ee4-85c8-6aa30994ca5f.jpg?aki_policy=large"", ""https://a0.muscache.com/im/pictures/fc3727a1-79e9-4106-a183-20c8394bfed8.jpg?aki_policy=large"", ""https://a0.muscache.com/im/pictures/9708191b-88ad-4c3c-a33e-b8d311a1038e.jpg?aki_policy=large"", ""https://a0.muscache.com/im/pictures/1b0774de-353b-43dc-aa15-19b0ea23dc01.jpg?aki_policy=large"", ""https://a0.muscache.com/im/pictures/e3c4dd93-1f38-404f-9be1-8cacf5845c50.jpg?aki_policy=large"", ""https://a0.muscache.com/im/pictures/7acab9c3-0627-4f18-a230-a7df978a3c16.jpg?aki_policy=large""]";"{""beds"": 3, ""bedrooms"": 3, ""bathrooms"": 1.0, ""amenity_ids"": [33, 34, 35, 131, 4, 37, 38, 39, 8, 40, 41, 11, 44, 77, 46, 47, 57, 30, 31], ""is_rebookable"": false, ""is_new_listing"": false, ""is_fully_refundable"": true, ""is_host_highly_rated"": true, ""is_business_travel_ready"": false}";"{""weekly_factor"": 1.0, ""monthly_factor"": 1.0}";4529;"";"{""is_superhost"": false}"
25766867;Light and cozy apartment at Trocadero;entire_home;Paris;Passy;48.8649507282;2.28296506233;2;"[""https://a0.muscache.com/im/pictures/2fba6eac-ff7e-4400-a51d-c6d78260406c.jpg?aki_policy=large"", ""https://a0.muscache.com/im/pictures/f97bf669-c86c-418e-9135-f043d470117e.jpg?aki_policy=large"", ""https://a0.muscache.com/im/pictures/2cdea9b5-c406-4263-b9ab-c0b8031bdb97.jpg?aki_policy=large"", ""https://a0.muscache.com/im/pictures/8109e6c5-2e62-4cc2-b111-e70ae9fce09b.jpg?aki_policy=large"", ""https://a0.muscache.com/im/pictures/3c97db94-3ce5-4e8e-b2e2-f682547e85bb.jpg?aki_policy=large"", ""https://a0.muscache.com/im/pictures/ba7f9c4d-804c-4646-bc77-8419b9e98387.jpg?aki_policy=large"", ""https://a0.muscache.com/im/pictures/d1720ba9-f923-4381-b659-a80e5f5f64b6.jpg?aki_policy=large"", ""https://a0.muscache.com/im/pictures/2b0ffec3-55c4-4655-ac3c-06f67df90338.jpg?aki_policy=large"", ""https://a0.muscache.com/im/pictures/cc56fc76-35f8-4eab-8f82-9a61b61023c1.jpg?aki_policy=large"", ""https://a0.muscache.com/im/pictures/a024e7df-9482-4d30-88f2-bc55a5dcf83a.jpg?aki_policy=large"", ""https://a0.muscache.com/im/pictures/8844951f-a209-4ff4-83c5-c1462ba9d0e0.jpg?aki_policy=large"", ""https://a0.muscache.com/im/pictures/223d41ba-f3c6-45d4-810b-1976f33d45ff.jpg?aki_policy=large"", ""https://a0.muscache.com/im/pictures/80e1b7d7-4991-4f23-9605-8b96bf9014fd.jpg?aki_policy=large"", ""https://a0.muscache.com/im/pictures/46858a91-17b5-427e-831d-d9d6205f46aa.jpg?aki_policy=large"", ""https://a0.muscache.com/im/pictures/62c506b5-cfc4-45d0-87eb-51478ac9fc91.jpg?aki_policy=large"", ""https://a0.muscache.com/im/pictures/0554bd49-ad16-4daa-87aa-9f99a58bfee8.jpg?aki_policy=large"", ""https://a0.muscache.com/im/pictures/b69769ee-786a-42e0-9433-f58a906328ef.jpg?aki_policy=large"", ""https://a0.muscache.com/im/pictures/5ccd8ff6-7bca-4d7c-9c79-e21329cdff05.jpg?aki_policy=large"", ""https://a0.muscache.com/im/pictures/447c9718-030b-4877-a6b1-019cce1bb89e.jpg?aki_policy=large"", ""https://a0.muscache.com/im/pictures/86492089-0f76-44ec-ac17-b2683639f980.jpg?aki_policy=large"", ""https://a0.muscache.com/im/pictures/6c61aeaf-e887-4749-9bae-45057b38daea.jpg?aki_policy=large"", ""https://a0.muscache.com/im/pictures/e695df04-1d09-4303-8a25-4f200c632139.jpg?aki_policy=large""]";"{""beds"": 2, ""bedrooms"": 1, ""bathrooms"": 1.0, ""amenity_ids"": [1, 33, 35, 131, 4, 37, 38, 8, 40, 41, 44, 45, 77, 46, 47, 21, 56, 30, 287], ""is_rebookable"": false, ""is_new_listing"": false, ""is_fully_refundable"": true, ""is_host_highly_rated"": true, ""is_business_travel_ready"": false}";"{""weekly_factor"": 1.0, ""monthly_factor"": 1.0}";4643;"";"{""is_superhost"": false}"
26556587;Paris-Montmartre Charming & Cosy Appartment;entire_home;Paris;Pigalle - Saint-Georges;48.8816604595;2.33366171671;2;"[""https://a0.muscache.com/im/pictures/c8436820-c3db-4ff3-831d-1154e873ad92.jpg?aki_policy=large"", ""https://a0.muscache.com/im/pictures/53725745-7927-4a0f-9ccf-6d6c75122bfd.jpg?aki_policy=large"", ""https://a0.muscache.com/im/pictures/1aee6d1d-d932-48f5-94a3-fafe5cf4388b.jpg?aki_policy=large"", ""https://a0.muscache.com/im/pictures/72dd74f1-b75a-459b-8720-47079b158ff2.jpg?aki_policy=large"", ""https://a0.muscache.com/im/pictures/2e816c22-0123-4d91-9381-e98e53a0e76a.jpg?aki_policy=large"", ""https://a0.muscache.com/im/pictures/bf93de4f-0dd1-4754-b28a-ef08679ae56c.jpg?aki_policy=large"", ""https://a0.muscache.com/im/pictures/97e83088-5b93-416e-94d9-8ad662ed31a7.jpg?aki_policy=large"", ""https://a0.muscache.com/im/pictures/2fda519d-c41f-4a91-a94c-79914a835cbf.jpg?aki_policy=large"", ""https://a0.muscache.com/im/pictures/66811059-2dea-447d-ad60-aaeeb6ca17df.jpg?aki_policy=large"", ""https://a0.muscache.com/im/pictures/22d2a935-b8ab-4d4b-bb55-8ba56eee6998.jpg?aki_policy=large"", ""https://a0.muscache.com/im/pictures/34d09d70-f3a0-4c75-b0dd-a3803477098c.jpg?aki_policy=large"", ""https://a0.muscache.com/im/pictures/9bd807cd-b5f5-4a58-8915-71545c4f4d60.jpg?aki_policy=large"", ""https://a0.muscache.com/im/pictures/a926e7d8-7cf5-4ff7-a81d-707235e26c8f.jpg?aki_policy=large""]";"{""beds"": 1, ""bedrooms"": 1, ""bathrooms"": 1.0, ""amenity_ids"": [1, 33, 129, 35, 4, 39, 8, 40, 41, 10, 11, 44, 45, 77, 46, 47, 16, 23, 30, 31], ""is_rebookable"": false, ""is_new_listing"": false, ""is_fully_refundable"": true, ""is_host_highly_rated"": true, ""is_business_travel_ready"": false}";"{""weekly_factor"": 1.0, ""monthly_factor"": 1.0}";6092;"";"{""is_superhost"": false}"
27154367;Twin room between Gare du Nord and Gare de l'Est;private_room;-;Gare du Nord - Gare de I'Est;48.8800169097;2.3519375038;2;"[""https://a0.muscache.com/im/pictures/97ccf9a8-9004-44a0-ab24-c3314f5b14c4.jpg?aki_policy=large"", ""https://a0.muscache.com/im/pictures/87f8b15e-5f19-464f-b867-22f35c1bf587.jpg?aki_policy=large"", ""https://a0.muscache.com/im/pictures/d1f65459-837e-4494-bce3-66c9289dc973.jpg?aki_policy=large"", ""https://a0.muscache.com/im/pictures/0f53dda2-8747-4ab5-8b3d-a3bf2550f274.jpg?aki_policy=large"", ""https://a0.muscache.com/im/pictures/10011334-4e4e-49ac-a2a2-dceb876faf9f.jpg?aki_policy=large""]";"{""beds"": 1, ""bedrooms"": 1, ""bathrooms"": 1.0, ""amenity_ids"": [16, 1, 3, 4, 21, 39, 40, 41, 73, 45, 14, 47], ""is_rebookable"": false, ""is_new_listing"": false, ""is_fully_refundable"": true, ""is_host_highly_rated"": false, ""is_business_travel_ready"": false}";"{""weekly_factor"": 1.0, ""monthly_factor"": 1.0}";15;"";"{""is_superhost"": false}"
183599;Champs Elysees Chic- Charming ;entire_home;Paris;Monceau;48.874600695;2.31328414006;3;"[""https://a0.muscache.com/im/pictures/2470253/c0ec6529_original.jpg?aki_policy=large"", ""https://a0.muscache.com/im/pictures/2470246/979e541b_original.jpg?aki_policy=large"", ""https://a0.muscache.com/im/pictures/2470282/a0f8974d_original.jpg?aki_policy=large"", ""https://a0.muscache.com/im/pictures/2470264/e9a4ea3d_original.jpg?aki_policy=large"", ""https://a0.muscache.com/im/pictures/2470251/253e3a07_original.jpg?aki_policy=large"", ""https://a0.muscache.com/im/pictures/2470258/e3ed6a99_original.jpg?aki_policy=large"", ""https://a0.muscache.com/im/pictures/2470268/506dda41_original.jpg?aki_policy=large"", ""https://a0.muscache.com/im/pictures/2470266/3e07fa23_original.jpg?aki_policy=large"", ""https://a0.muscache.com/im/pictures/2470279/8dfbc300_original.jpg?aki_policy=large"", ""https://a0.muscache.com/im/pictures/2470280/eb707461_original.jpg?aki_policy=large"", ""https://a0.muscache.com/im/pictures/2470284/e85fbbdd_original.jpg?aki_policy=large"", ""https://a0.muscache.com/im/pictures/2470288/636a76d7_original.jpg?aki_policy=large"", ""https://a0.muscache.com/im/pictures/2470291/77114295_original.jpg?aki_policy=large"", ""https://a0.muscache.com/im/pictures/2470294/0db9756b_original.jpg?aki_policy=large"", ""https://a0.muscache.com/im/pictures/2470304/2ef87354_original.jpg?aki_policy=large"", ""https://a0.muscache.com/im/pictures/2470308/c26430e0_original.jpg?aki_policy=large"", ""https://a0.muscache.com/im/pictures/2470320/85e8c0e5_original.jpg?aki_policy=large"", ""https://a0.muscache.com/im/pictures/2470309/131e6efa_original.jpg?aki_policy=large"", ""https://a0.muscache.com/im/pictures/2470313/e685e82a_original.jpg?aki_policy=large"", ""https://a0.muscache.com/im/pictures/2470314/a1a40025_original.jpg?aki_policy=large"", ""https://a0.muscache.com/im/pictures/2470327/dc464a05_original.jpg?aki_policy=large"", ""https://a0.muscache.com/im/pictures/2470331/a5728438_original.jpg?aki_policy=large"", ""https://a0.muscache.com/im/pictures/2470343/6a6f6932_original.jpg?aki_policy=large"", ""https://a0.muscache.com/im/pictures/2470337/3677adae_original.jpg?aki_policy=large"", ""https://a0.muscache.com/im/pictures/2470340/931e5692_original.jpg?aki_policy=large"", ""https://a0.muscache.com/im/pictures/2470322/d6992069_original.jpg?aki_policy=large"", ""https://a0.muscache.com/im/pictures/2470347/5ef7906e_original.jpg?aki_policy=large"", ""https://a0.muscache.com/im/pictures/2470349/20fadac9_original.jpg?aki_policy=large"", ""https://a0.muscache.com/im/pictures/2470351/e2c89e79_original.jpg?aki_policy=large""]";"{""beds"": 1, ""bedrooms"": 1, ""bathrooms"": 1.0, ""amenity_ids"": [2, 4, 21, 8, 28, 30], ""is_rebookable"": false, ""is_new_listing"": false, ""is_fully_refundable"": true, ""is_host_highly_rated"": false, ""is_business_travel_ready"": false}";"{""weekly_factor"": 1.0, ""monthly_factor"": 1.0}";4409;"";"{""is_superhost"": false}"
28030890;Romantique studio Paris centre. Au pied du metro;entire_home;Paris;Châtelet - Les Halles - Beaubourg;48.8598228417;2.34553183318;2;"[""https://a0.muscache.com/im/pictures/97adc6a4-0670-4a43-9dac-3b89009f9aa8.jpg?aki_policy=large"", ""https://a0.muscache.com/im/pictures/974fd07a-028b-4b7e-a9f8-a18a7675f16c.jpg?aki_policy=large"", ""https://a0.muscache.com/im/pictures/d8a4c159-b594-4a10-b156-2e2f12c9162e.jpg?aki_policy=large"", ""https://a0.muscache.com/im/pictures/6a0a0aeb-6a67-41ac-9954-2a08e6414fe2.jpg?aki_policy=large"", ""https://a0.muscache.com/im/pictures/9549b5c4-6997-45fa-8e03-4b5027600b11.jpg?aki_policy=large"", ""https://a0.muscache.com/im/pictures/3c875732-62e8-4bd3-a012-7199b6cb211b.jpg?aki_policy=large"", ""https://a0.muscache.com/im/pictures/3928ba4c-49bd-41cd-9819-b01d9496f7ff.jpg?aki_policy=large"", ""https://a0.muscache.com/im/pictures/4ca0f39b-cd56-45c2-b3a7-65f135760c85.jpg?aki_policy=large"", ""https://a0.muscache.com/im/pictures/7af41e1c-c309-48d8-b246-97535750cedc.jpg?aki_policy=large"", ""https://a0.muscache.com/im/pictures/3a59fa37-9777-43d4-98d1-89a2060ee74d.jpg?aki_policy=large"", ""https://a0.muscache.com/im/pictures/946190bd-39f6-4367-99fc-50fd47596589.jpg?aki_policy=large"", ""https://a0.muscache.com/im/pictures/7a1ac72b-5588-4e05-b324-53ad54ed799a.jpg?aki_policy=large""]";"{""beds"": 1, ""bedrooms"": 1, ""bathrooms"": 1.0, ""amenity_ids"": [96, 1, 33, 129, 35, 4, 100, 8, 40, 41, 10, 107, 44, 45, 77, 46, 21, 90, 91, 92, 93, 30, 94, 95], ""is_rebookable"": false, ""is_new_listing"": true, ""is_fully_refundable"": true, ""is_host_highly_rated"": false, ""is_business_travel_ready"": false}";"{""weekly_factor"": 0.76, ""monthly_factor"": 0.62}";1725;"";"{""is_superhost"": false}"
1139385;Studio Paris 9 proche Sacré-Coeur;entire_home;Paris;"";48.882326989;2.34539699827;2;"[""https://a0.muscache.com/im/pictures/19458964/9ec178c8_original.jpg?aki_policy=large"", ""https://a0.muscache.com/im/pictures/5a12c9f2-2e5d-49d6-afa9-7bcbd07bda07.jpg?aki_policy=large"", ""https://a0.muscache.com/im/pictures/eff8ddff-62bd-4de6-af27-1e85b8ed7232.jpg?aki_policy=large"", ""https://a0.muscache.com/im/pictures/58609178-cf53-469c-8931-a6e702f917ae.jpg?aki_policy=large"", ""https://a0.muscache.com/im/pictures/3dd673b9-4ca0-4e2a-98bb-b5f664cb82dd.jpg?aki_policy=large"", ""https://a0.muscache.com/im/pictures/eb8df00e-96ff-4b58-ab3b-d0eee7345254.jpg?aki_policy=large""]";"{""beds"": 1, ""bathrooms"": 1.0, ""amenity_ids"": [1, 129, 3, 4, 8, 40, 41, 11, 77, 30], ""is_rebookable"": false, ""is_new_listing"": false, ""is_fully_refundable"": true, ""is_host_highly_rated"": false, ""is_business_travel_ready"": false}";"{""weekly_factor"": 0.9, ""monthly_factor"": 0.75}";2649;"";"{""is_superhost"": false}"
222707;romantique apt au pied  Montmartre;entire_home;Paris;Pigalle - Saint-Georges;48.8822451117;2.33273363329;2;"[""https://a0.muscache.com/im/pictures/2091754/da2b9578_original.jpg?aki_policy=large"", ""https://a0.muscache.com/im/pictures/2091623/a69511f7_original.jpg?aki_policy=large"", ""https://a0.muscache.com/im/pictures/2091661/e92540c3_original.jpg?aki_policy=large"", ""https://a0.muscache.com/im/pictures/2091674/26956e64_original.jpg?aki_policy=large"", ""https://a0.muscache.com/im/pictures/2091634/dc3834f9_original.jpg?aki_policy=large"", ""https://a0.muscache.com/im/pictures/2091653/986d23f7_original.jpg?aki_policy=large"", ""https://a0.muscache.com/im/pictures/2091664/e350bf90_original.jpg?aki_policy=large"", ""https://a0.muscache.com/im/pictures/2091697/9f929601_original.jpg?aki_policy=large"", ""https://a0.muscache.com/im/pictures/2091720/82f5eb91_original.jpg?aki_policy=large"", ""https://a0.muscache.com/im/pictures/2091729/28d4e4cd_original.jpg?aki_policy=large"", ""https://a0.muscache.com/im/pictures/2091742/8af2dc48_original.jpg?aki_policy=large"", ""https://a0.muscache.com/im/pictures/2091778/94ac97ba_original.jpg?aki_policy=large"", ""https://a0.muscache.com/im/pictures/2091766/a5985cc2_original.jpg?aki_policy=large"", ""https://a0.muscache.com/im/pictures/2091789/4671207e_original.jpg?aki_policy=large"", ""https://a0.muscache.com/im/pictures/2091810/4f53a71b_original.jpg?aki_policy=large"", ""https://a0.muscache.com/im/pictures/2091836/9ba4f267_original.jpg?aki_policy=large"", ""https://a0.muscache.com/im/pictures/2091866/85750992_original.jpg?aki_policy=large"", ""https://a0.muscache.com/im/pictures/2091881/5a1f4f97_original.jpg?aki_policy=large"", ""https://a0.muscache.com/im/pictures/2091900/276a4880_original.jpg?aki_policy=large"", ""https://a0.muscache.com/im/pictures/2091919/387242d8_original.jpg?aki_policy=large"", ""https://a0.muscache.com/im/pictures/2091951/6a6a1338_original.jpg?aki_policy=large""]";"{""beds"": 1, ""bedrooms"": 1, ""bathrooms"": 1.0, ""amenity_ids"": [3, 4, 8, 11, 77, 16, 85, 86, 88, 89, 90, 27, 91, 92, 93, 30, 94, 31, 95, 33, 34, 35, 37, 38, 39, 103, 40, 41, 44, 45, 46, 47, 49, 50, 61], ""is_rebookable"": false, ""is_new_listing"": false, ""is_fully_refundable"": true, ""is_host_highly_rated"": true, ""is_business_travel_ready"": false}";"{""weekly_factor"": 0.9, ""monthly_factor"": 0.7}";6239;"";"{""is_superhost"": false}"
262557;Joli studio 2 pièces Rue de Lancry - Bonsergent;entire_home;Paris;République;48.8706749255;2.36195494976;2;"[""https://a0.muscache.com/im/pictures/3435937/0b3b81ab_original.jpg?aki_policy=large"", ""https://a0.muscache.com/im/pictures/3435938/2cc5563d_original.jpg?aki_policy=large"", ""https://a0.muscache.com/im/pictures/3435939/b2972a40_original.jpg?aki_policy=large"", ""https://a0.muscache.com/im/pictures/3435942/8cd4e17a_original.jpg?aki_policy=large"", ""https://a0.muscache.com/im/pictures/3435944/39b5771b_original.jpg?aki_policy=large"", ""https://a0.muscache.com/im/pictures/3435946/203b4047_original.jpg?aki_policy=large"", ""https://a0.muscache.com/im/pictures/3435947/a283eeae_original.jpg?aki_policy=large"", ""https://a0.muscache.com/im/pictures/3435949/188ca676_original.jpg?aki_policy=large"", ""https://a0.muscache.com/im/pictures/3435953/4abde35d_original.jpg?aki_policy=large"", ""https://a0.muscache.com/im/pictures/3435954/9f8119a1_original.jpg?aki_policy=large"", ""https://a0.muscache.com/im/pictures/3435955/42a14208_original.jpg?aki_policy=large"", ""https://a0.muscache.com/im/pictures/3435956/637c5d54_original.jpg?aki_policy=large"", ""https://a0.muscache.com/im/pictures/3435957/868077c0_original.jpg?aki_policy=large"", ""https://a0.muscache.com/im/pictures/3435958/0a61b109_original.jpg?aki_policy=large"", ""https://a0.muscache.com/im/pictures/63254721/2a728ebd_original.jpg?aki_policy=large"", ""https://a0.muscache.com/im/pictures/3457831/f480c0cf_original.jpg?aki_policy=large"", ""https://a0.muscache.com/im/pictures/3457798/8ce4903e_original.jpg?aki_policy=large"", ""https://a0.muscache.com/im/pictures/3457847/4cb922b6_original.jpg?aki_policy=large"", ""https://a0.muscache.com/im/pictures/3457817/fa61183a_original.jpg?aki_policy=large"", ""https://a0.muscache.com/im/pictures/63254657/1f4ab418_original.jpg?aki_policy=large"", ""https://a0.muscache.com/im/pictures/63254697/550a3fd2_original.jpg?aki_policy=large"", ""https://a0.muscache.com/im/pictures/5257006a-50a4-409d-a024-a4efd54c0d78.jpg?aki_policy=large"", ""https://a0.muscache.com/im/pictures/3869ee9b-ecea-4353-81dc-3a9a04678e09.jpg?aki_policy=large"", ""https://a0.muscache.com/im/pictures/63255910/0462828f_original.jpg?aki_policy=large""]";"{""beds"": 1, ""bedrooms"": 1, ""bathrooms"": 1.0, ""amenity_ids"": [1, 129, 3, 35, 4, 8, 40, 41, 10, 11, 45, 77, 46, 47, 49, 50, 30], ""is_rebookable"": false, ""is_new_listing"": false, ""is_fully_refundable"": true, ""is_host_highly_rated"": false, ""is_business_travel_ready"": false}";"{""weekly_factor"": 1.0, ""monthly_factor"": 0.61}";1343;"";"{""is_superhost"": true}"
277555;Luxueuse chambre près du Marais;private_room;Paris;République;48.8628666668;2.37411115957;3;"[""https://a0.muscache.com/im/pictures/3169870/8af15d29_original.jpg?aki_policy=large"", ""https://a0.muscache.com/im/pictures/3169866/de256bd0_original.jpg?aki_policy=large"", ""https://a0.muscache.com/im/pictures/3169873/acfd6dae_original.jpg?aki_policy=large"", ""https://a0.muscache.com/im/pictures/3169931/d40c02bb_original.jpg?aki_policy=large"", ""https://a0.muscache.com/im/pictures/3169923/68f3b8c4_original.jpg?aki_policy=large"", ""https://a0.muscache.com/im/pictures/3169927/a8d4c83c_original.jpg?aki_policy=large"", ""https://a0.muscache.com/im/pictures/3169934/499ad350_original.jpg?aki_policy=large"", ""https://a0.muscache.com/im/pictures/3169867/90815eb7_original.jpg?aki_policy=large"", ""https://a0.muscache.com/im/pictures/3169877/b37e199b_original.jpg?aki_policy=large"", ""https://a0.muscache.com/im/pictures/3169883/3e5772f3_original.jpg?aki_policy=large"", ""https://a0.muscache.com/im/pictures/3169902/bb48e7c7_original.jpg?aki_policy=large"", ""https://a0.muscache.com/im/pictures/3169908/37781415_original.jpg?aki_policy=large"", ""https://a0.muscache.com/im/pictures/3169910/3d6fc276_original.jpg?aki_policy=large"", ""https://a0.muscache.com/im/pictures/3169912/f607876b_original.jpg?aki_policy=large"", ""https://a0.muscache.com/im/pictures/3169897/b3fadaaf_original.jpg?aki_policy=large"", ""https://a0.muscache.com/im/pictures/3169890/bfa8cecd_original.jpg?aki_policy=large"", ""https://a0.muscache.com/im/pictures/3169894/da33a4bc_original.jpg?aki_policy=large""]";"{""beds"": 1, ""bedrooms"": 1, ""bathrooms"": 1.0, ""amenity_ids"": [33, 34, 35, 4, 37, 8, 40, 44, 45, 77, 46, 47, 21, 27, 28, 30, 31], ""is_rebookable"": false, ""is_new_listing"": false, ""is_fully_refundable"": true, ""is_host_highly_rated"": true, ""is_business_travel_ready"": false}";"{""weekly_factor"": 0.95, ""monthly_factor"": 0.75}";6096;"";"{""is_superhost"": false}"
287037;A room for the night an the rest...;private_room;Paris;Buttes-Chaumont - Belleville;48.8732577382;2.38608595669;1;"[""https://a0.muscache.com/im/pictures/23a905d6-b1b7-477c-8b47-10e56ad691c2.jpg?aki_policy=large"", ""https://a0.muscache.com/im/pictures/a86b7442-93d0-4729-8aba-5922f63409bc.jpg?aki_policy=large"", ""https://a0.muscache.com/im/pictures/4536d499-4518-4b25-81b2-b7c8a0dfb46c.jpg?aki_policy=large"", ""https://a0.muscache.com/im/pictures/1623175a-4227-4d85-9cdd-be4d8e2275bd.jpg?aki_policy=large"", ""https://a0.muscache.com/im/pictures/adc52654-a39a-4331-8500-1a42a0140747.jpg?aki_policy=large"", ""https://a0.muscache.com/im/pictures/4183327/7db1b6e8_original.jpg?aki_policy=large"", ""https://a0.muscache.com/im/pictures/4183318/66d85288_original.jpg?aki_policy=large"", ""https://a0.muscache.com/im/pictures/4183308/e9d5fe32_original.jpg?aki_policy=large"", ""https://a0.muscache.com/im/pictures/4183320/ad903017_original.jpg?aki_policy=large"", ""https://a0.muscache.com/im/pictures/4183305/871f423a_original.jpg?aki_policy=large"", ""https://a0.muscache.com/im/pictures/4183314/dd346738_original.jpg?aki_policy=large"", ""https://a0.muscache.com/im/pictures/4183346/766841fc_original.jpg?aki_policy=large"", ""https://a0.muscache.com/im/pictures/4183370/05c78706_original.jpg?aki_policy=large"", ""https://a0.muscache.com/im/pictures/4183425/f8d50efa_original.jpg?aki_policy=large"", ""https://a0.muscache.com/im/pictures/4183440/41c71d8e_original.jpg?aki_policy=large"", ""https://a0.muscache.com/im/pictures/3588701/97b68c00_original.jpg?aki_policy=large"", ""https://a0.muscache.com/im/pictures/3588694/f9fd9e55_original.jpg?aki_policy=large"", ""https://a0.muscache.com/im/pictures/4747275/32ce291a_original.jpg?aki_policy=large"", ""https://a0.muscache.com/im/pictures/4585932/b9c751f8_original.jpg?aki_policy=large"", ""https://a0.muscache.com/im/pictures/4518362/b6d001f5_original.jpg?aki_policy=large"", ""https://a0.muscache.com/im/pictures/4517675/64eacc33_original.jpg?aki_policy=large"", ""https://a0.muscache.com/im/pictures/4517724/bd416f5c_original.jpg?aki_policy=large"", ""https://a0.muscache.com/im/pictures/4517762/c1ba6bcc_original.jpg?aki_policy=large"", ""https://a0.muscache.com/im/pictures/4517777/ca6b8021_original.jpg?aki_policy=large"", ""https://a0.muscache.com/im/pictures/4517804/0baccc88_original.jpg?aki_policy=large"", ""https://a0.muscache.com/im/pictures/4517814/6b8f3f7c_original.jpg?aki_policy=large"", ""https://a0.muscache.com/im/pictures/4517832/be96be6d_original.jpg?aki_policy=large"", ""https://a0.muscache.com/im/pictures/4517876/3edf19fd_original.jpg?aki_policy=large"", ""https://a0.muscache.com/im/pictures/4517892/45eff48a_original.jpg?aki_policy=large"", ""https://a0.muscache.com/im/pictures/4517901/84eb7ad6_original.jpg?aki_policy=large""]";"{""beds"": 1, ""bedrooms"": 1, ""bathrooms"": 1.0, ""amenity_ids"": [3, 4, 8, 40, 41], ""is_rebookable"": false, ""is_new_listing"": false, ""is_fully_refundable"": true, ""is_host_highly_rated"": false, ""is_business_travel_ready"": false}";"{""weekly_factor"": 1.0, ""monthly_factor"": 0.57}";271;"";"{""is_superhost"": false}"
287932;Apt 10 min de Montmartre et d'Opéra;entire_home;Paris;Pigalle - Saint-Georges;48.8757745776;2.34197527187;4;"[""https://a0.muscache.com/im/pictures/11138939/3b15b6b5_original.jpg?aki_policy=large"", ""https://a0.muscache.com/im/pictures/11138980/bc92113f_original.jpg?aki_policy=large"", ""https://a0.muscache.com/im/pictures/11138988/4eabac61_original.jpg?aki_policy=large"", ""https://a0.muscache.com/im/pictures/11139016/f51f30f7_original.jpg?aki_policy=large"", ""https://a0.muscache.com/im/pictures/11138930/9d11607b_original.jpg?aki_policy=large"", ""https://a0.muscache.com/im/pictures/11138956/b6ba85c5_original.jpg?aki_policy=large"", ""https://a0.muscache.com/im/pictures/11489971/3e4e5454_original.jpg?aki_policy=large"", ""https://a0.muscache.com/im/pictures/11139045/1baa92ed_original.jpg?aki_policy=large"", ""https://a0.muscache.com/im/pictures/11139545/d7c8c853_original.jpg?aki_policy=large"", ""https://a0.muscache.com/im/pictures/11139512/733f7429_original.jpg?aki_policy=large"", ""https://a0.muscache.com/im/pictures/11138999/6e6a286f_original.jpg?aki_policy=large"", ""https://a0.muscache.com/im/pictures/11139041/81a05ef5_original.jpg?aki_policy=large"", ""https://a0.muscache.com/im/pictures/11103938/3aacefe4_original.jpg?aki_policy=large"", ""https://a0.muscache.com/im/pictures/11103937/c4b64154_original.jpg?aki_policy=large"", ""https://a0.muscache.com/im/pictures/11103930/56cc0d3a_original.jpg?aki_policy=large"", ""https://a0.muscache.com/im/pictures/11103922/eb895a51_original.jpg?aki_policy=large"", ""https://a0.muscache.com/im/pictures/11103928/d35ef9c0_original.jpg?aki_policy=large"", ""https://a0.muscache.com/im/pictures/11103931/e07a8798_original.jpg?aki_policy=large"", ""https://a0.muscache.com/im/pictures/11103924/c8826173_original.jpg?aki_policy=large"", ""https://a0.muscache.com/im/pictures/11103925/adaa271f_original.jpg?aki_policy=large"", ""https://a0.muscache.com/im/pictures/11104085/e1b0d512_original.jpg?aki_policy=large"", ""https://a0.muscache.com/im/pictures/11103934/eb220e04_original.jpg?aki_policy=large"", ""https://a0.muscache.com/im/pictures/11104083/9a5c367c_original.jpg?aki_policy=large"", ""https://a0.muscache.com/im/pictures/11103939/5d258be8_original.jpg?aki_policy=large""]";"{""beds"": 1, ""bedrooms"": 1, ""bathrooms"": 1.0, ""amenity_ids"": [1, 33, 2, 3, 4, 8, 40, 27, 28, 30], ""is_rebookable"": false, ""is_new_listing"": false, ""is_fully_refundable"": true, ""is_host_highly_rated"": true, ""is_business_travel_ready"": false}";"{""weekly_factor"": 0.9, ""monthly_factor"": 1.0}";7261;"";"{""is_superhost"": false}"
289572;Appartement - Quartier Tour Eiffel;entire_home;Paris;Invalides - Ecole Militaire;48.8533655467;2.30988145834;4;"[""https://a0.muscache.com/im/pictures/3009793/96f4abe6_original.jpg?aki_policy=large"", ""https://a0.muscache.com/im/pictures/3009837/165b3fe9_original.jpg?aki_policy=large"", ""https://a0.muscache.com/im/pictures/3009884/8000b583_original.jpg?aki_policy=large"", ""https://a0.muscache.com/im/pictures/3009911/b4b13ac0_original.jpg?aki_policy=large"", ""https://a0.muscache.com/im/pictures/3009960/704bd9a6_original.jpg?aki_policy=large"", ""https://a0.muscache.com/im/pictures/3009984/47c58ab2_original.jpg?aki_policy=large"", ""https://a0.muscache.com/im/pictures/3010155/dc4606c4_original.jpg?aki_policy=large"", ""https://a0.muscache.com/im/pictures/3010059/723da48d_original.jpg?aki_policy=large"", ""https://a0.muscache.com/im/pictures/3010108/751e1d78_original.jpg?aki_policy=large"", ""https://a0.muscache.com/im/pictures/3010380/faee625c_original.jpg?aki_policy=large"", ""https://a0.muscache.com/im/pictures/4199666/eaaab505_original.jpg?aki_policy=large""]";"{""beds"": 2, ""bedrooms"": 1, ""bathrooms"": 1.0, ""amenity_ids"": [1, 33, 129, 2, 3, 35, 4, 8, 40, 10, 77, 30, 31], ""is_rebookable"": false, ""is_new_listing"": false, ""is_fully_refundable"": true, ""is_host_highly_rated"": true, ""is_business_travel_ready"": false}";"{""weekly_factor"": 1.0, ""monthly_factor"": 1.0}";5493;"";"{""is_superhost"": false}"
334292;Charming 2br haussmannian 50 sqm on garden;entire_home;Paris;Père Lachaise - Ménilmontant;48.8686002404;2.3952256048;2;"[""https://a0.muscache.com/im/pictures/08eb82c0-8643-48d0-8089-1a35597066a9.jpg?aki_policy=large"", ""https://a0.muscache.com/im/pictures/547d2d3a-2aae-4b22-8076-d5872db4095d.jpg?aki_policy=large"", ""https://a0.muscache.com/im/pictures/85939b63-7f6a-4ba9-b895-d2deae69ddc9.jpg?aki_policy=large"", ""https://a0.muscache.com/im/pictures/7dec3a6d-1ca0-42c3-9517-4b27f7de282f.jpg?aki_policy=large"", ""https://a0.muscache.com/im/pictures/2b28736c-e229-48a2-b784-37eb75211733.jpg?aki_policy=large"", ""https://a0.muscache.com/im/pictures/ae784fd1-6ff9-44c7-8f64-99f21006eb95.jpg?aki_policy=large"", ""https://a0.muscache.com/im/pictures/b78b82de-8777-4717-85ac-ace47eb6ee15.jpg?aki_policy=large"", ""https://a0.muscache.com/im/pictures/2bf197cc-d772-4d56-983e-864a27d92e07.jpg?aki_policy=large"", ""https://a0.muscache.com/im/pictures/f5757e13-7f0b-4553-97d2-f41de2ce6888.jpg?aki_policy=large"", ""https://a0.muscache.com/im/pictures/481b8622-cfe7-446e-9080-34feadc56912.jpg?aki_policy=large"", ""https://a0.muscache.com/im/pictures/63157169-115a-498b-833f-555265f315e5.jpg?aki_policy=large"", ""https://a0.muscache.com/im/pictures/17a114d8-29ef-4ddf-b424-8e873f0eeffb.jpg?aki_policy=large"", ""https://a0.muscache.com/im/pictures/5c51d41a-e86f-4588-958a-88dcc0e73ed5.jpg?aki_policy=large"", ""https://a0.muscache.com/im/pictures/3651476/70961ab2_original.jpg?aki_policy=large"", ""https://a0.muscache.com/im/pictures/3651480/a559c674_original.jpg?aki_policy=large"", ""https://a0.muscache.com/im/pictures/3651482/6d0c7916_original.jpg?aki_policy=large"", ""https://a0.muscache.com/im/pictures/544bd5d8-ed32-4dbc-92ce-9f4e8f9da3e1.jpg?aki_policy=large"", ""https://a0.muscache.com/im/pictures/9a54fcf1-1938-4883-b0ec-eec48eb062ea.jpg?aki_policy=large"", ""https://a0.muscache.com/im/pictures/aaf0a67e-7652-494d-967a-1b0c5cb8c66c.jpg?aki_policy=large"", ""https://a0.muscache.com/im/pictures/1625f1a6-febb-484d-a3b9-c972e9bae01e.jpg?aki_policy=large"", ""https://a0.muscache.com/im/pictures/36426897-ed0c-49ac-aad2-43d084e8cf9d.jpg?aki_policy=large"", ""https://a0.muscache.com/im/pictures/3651509/0d57b0b6_original.jpg?aki_policy=large"", ""https://a0.muscache.com/im/pictures/3651504/637463ad_original.jpg?aki_policy=large"", ""https://a0.muscache.com/im/pictures/401aa7ba-5490-4834-95e8-1cf0dfb2d0ea.jpg?aki_policy=large"", ""https://a0.muscache.com/im/pictures/3651500/3fb872d1_original.jpg?aki_policy=large"", ""https://a0.muscache.com/im/pictures/3651518/f66cbf0e_original.jpg?aki_policy=large"", ""https://a0.muscache.com/im/pictures/3651521/35e9c952_original.jpg?aki_policy=large"", ""https://a0.muscache.com/im/pictures/3651528/16159bf3_original.jpg?aki_policy=large""]";"{""beds"": 2, ""bedrooms"": 2, ""bathrooms"": 1.0, ""amenity_ids"": [1, 33, 2, 34, 3, 4, 8, 40, 104, 21, 90, 27, 91, 93, 30, 94, 95], ""is_rebookable"": false, ""is_new_listing"": false, ""is_fully_refundable"": true, ""is_host_highly_rated"": false, ""is_business_travel_ready"": false}";"{""weekly_factor"": 0.97, ""monthly_factor"": 0.93}";2390;"";"{""is_superhost"": false}"
344390;Sous le soleil Parisien - Opéra;entire_home;Paris;Gare du Nord - Gare de I'Est;48.8793282086;2.34726739597;2;"[""https://a0.muscache.com/im/pictures/4233792/f5343b8b_original.jpg?aki_policy=large"", ""https://a0.muscache.com/im/pictures/4233802/daff9aa6_original.jpg?aki_policy=large"", ""https://a0.muscache.com/im/pictures/4233810/647525f3_original.jpg?aki_policy=large"", ""https://a0.muscache.com/im/pictures/4233812/ec01a4dd_original.jpg?aki_policy=large"", ""https://a0.muscache.com/im/pictures/4233814/d1394ff0_original.jpg?aki_policy=large"", ""https://a0.muscache.com/im/pictures/4233816/28a97025_original.jpg?aki_policy=large"", ""https://a0.muscache.com/im/pictures/4233818/9dea0305_original.jpg?aki_policy=large"", ""https://a0.muscache.com/im/pictures/4233824/5917dbf5_original.jpg?aki_policy=large"", ""https://a0.muscache.com/im/pictures/4233858/bfcc2c5e_original.jpg?aki_policy=large"", ""https://a0.muscache.com/im/pictures/4233831/be621709_original.jpg?aki_policy=large"", ""https://a0.muscache.com/im/pictures/4233837/1db31f51_original.jpg?aki_policy=large"", ""https://a0.muscache.com/im/pictures/4233845/2d8ea49d_original.jpg?aki_policy=large"", ""https://a0.muscache.com/im/pictures/4233853/8302d1fe_original.jpg?aki_policy=large"", ""https://a0.muscache.com/im/pictures/4233855/a0752470_original.jpg?aki_policy=large"", ""https://a0.muscache.com/im/pictures/4233857/ac5e1a9e_original.jpg?aki_policy=large"", ""https://a0.muscache.com/im/pictures/4233825/a0ec79c4_original.jpg?aki_policy=large"", ""https://a0.muscache.com/im/pictures/3877404/8ad379e4_original.jpg?aki_policy=large"", ""https://a0.muscache.com/im/pictures/3877333/7eadaa71_original.jpg?aki_policy=large"", ""https://a0.muscache.com/im/pictures/3877518/2f260e97_original.jpg?aki_policy=large"", ""https://a0.muscache.com/im/pictures/3877376/cc70daf6_original.jpg?aki_policy=large"", ""https://a0.muscache.com/im/pictures/3878338/586f0484_original.jpg?aki_policy=large"", ""https://a0.muscache.com/im/pictures/3878301/e09bc381_original.jpg?aki_policy=large"", ""https://a0.muscache.com/im/pictures/3877344/3a966a4d_original.jpg?aki_policy=large"", ""https://a0.muscache.com/im/pictures/3877535/e32c1a7b_original.jpg?aki_policy=large"", ""https://a0.muscache.com/im/pictures/3877951/99571be3_original.jpg?aki_policy=large"", ""https://a0.muscache.com/im/pictures/3878017/0956db7b_original.jpg?aki_policy=large"", ""https://a0.muscache.com/im/pictures/3878255/4a692ac9_original.jpg?aki_policy=large"", ""https://a0.muscache.com/im/pictures/3877472/f6a60356_original.jpg?aki_policy=large"", ""https://a0.muscache.com/im/pictures/3878121/98b3bcaa_original.jpg?aki_policy=large"", ""https://a0.muscache.com/im/pictures/3878133/122669d7_original.jpg?aki_policy=large""]";"{""beds"": 1, ""bedrooms"": 1, ""bathrooms"": 1.0, ""amenity_ids"": [33, 129, 34, 3, 35, 4, 36, 103, 8, 40, 41, 10, 43, 44, 45, 77, 46, 47, 49, 30, 31], ""is_rebookable"": false, ""is_new_listing"": false, ""is_fully_refundable"": true, ""is_host_highly_rated"": true, ""is_business_travel_ready"": false}";"{""weekly_factor"": 1.0, ""monthly_factor"": 1.0}";2077;"";"{""is_superhost"": true}"
370340;The real  Paris : Le Haut Marais;entire_home;Paris;3e arrondissement;48.8653893792;2.36076448295;2;"[""https://a0.muscache.com/im/pictures/4153339/fedf052e_original.jpg?aki_policy=large"", ""https://a0.muscache.com/im/pictures/4153422/91202c11_original.jpg?aki_policy=large"", ""https://a0.muscache.com/im/pictures/51828972/a4c96b55_original.jpg?aki_policy=large"", ""https://a0.muscache.com/im/pictures/4153406/e40f56fe_original.jpg?aki_policy=large"", ""https://a0.muscache.com/im/pictures/4153400/806d34ac_original.jpg?aki_policy=large"", ""https://a0.muscache.com/im/pictures/4153395/4af49d05_original.jpg?aki_policy=large"", ""https://a0.muscache.com/im/pictures/4153437/822775be_original.jpg?aki_policy=large"", ""https://a0.muscache.com/im/pictures/4153444/8d60a218_original.jpg?aki_policy=large"", ""https://a0.muscache.com/im/pictures/4153479/daac4a65_original.jpg?aki_policy=large""]";"{""beds"": 2, ""bedrooms"": 2, ""bathrooms"": 1.0, ""amenity_ids"": [33, 34, 3, 35, 4, 8, 40, 28, 30], ""is_rebookable"": false, ""is_new_listing"": false, ""is_fully_refundable"": true, ""is_host_highly_rated"": false, ""is_business_travel_ready"": false}";"{""weekly_factor"": 0.86, ""monthly_factor"": 0.58}";7337;"";"{""is_superhost"": false}"
404530;Charme+Soleil Paris Opéra 80 m2;entire_home;Paris;Opéra - Grands Boulevards;48.8726738616;2.34001565049;3;"[""https://a0.muscache.com/im/pictures/42742890/54f0d816_original.jpg?aki_policy=large"", ""https://a0.muscache.com/im/pictures/42742876/f09bd906_original.jpg?aki_policy=large"", ""https://a0.muscache.com/im/pictures/42742908/d0836042_original.jpg?aki_policy=large"", ""https://a0.muscache.com/im/pictures/42742900/320c35f6_original.jpg?aki_policy=large"", ""https://a0.muscache.com/im/pictures/42742912/5c3db665_original.jpg?aki_policy=large"", ""https://a0.muscache.com/im/pictures/41170831/79799fb9_original.jpg?aki_policy=large"", ""https://a0.muscache.com/im/pictures/41170803/cd3ecbe5_original.jpg?aki_policy=large"", ""https://a0.muscache.com/im/pictures/42742869/ad11f3a2_original.jpg?aki_policy=large"", ""https://a0.muscache.com/im/pictures/41171104/1730ca3c_original.jpg?aki_policy=large"", ""https://a0.muscache.com/im/pictures/42742945/51fe8667_original.jpg?aki_policy=large"", ""https://a0.muscache.com/im/pictures/42742928/cdd67b7a_original.jpg?aki_policy=large"", ""https://a0.muscache.com/im/pictures/41170865/fdabc2b7_original.jpg?aki_policy=large"", ""https://a0.muscache.com/im/pictures/41170848/5604046e_original.jpg?aki_policy=large"", ""https://a0.muscache.com/im/pictures/41170898/59b15150_original.jpg?aki_policy=large"", ""https://a0.muscache.com/im/pictures/41171190/66151249_original.jpg?aki_policy=large"", ""https://a0.muscache.com/im/pictures/4581071/3ae64e2c_original.jpg?aki_policy=large"", ""https://a0.muscache.com/im/pictures/28868263/80151481_original.jpg?aki_policy=large"", ""https://a0.muscache.com/im/pictures/28867946/edbaafe4_original.jpg?aki_policy=large"", ""https://a0.muscache.com/im/pictures/75231001/f190fc76_original.jpg?aki_policy=large"", ""https://a0.muscache.com/im/pictures/82625144/9dc20e0d_original.jpg?aki_policy=large""]";"{""beds"": 2, ""bedrooms"": 2, ""bathrooms"": 1.0, ""amenity_ids"": [1, 129, 2, 3, 4, 6, 8, 72, 10, 11, 77, 21, 28, 30, 31, 32, 33, 34, 35, 103, 40, 41, 44, 45, 46, 47, 111, 113], ""is_rebookable"": false, ""is_new_listing"": false, ""is_fully_refundable"": true, ""is_host_highly_rated"": false, ""is_business_travel_ready"": false}";"{""weekly_factor"": 0.9, ""monthly_factor"": 0.8}";1188;"";"{""is_superhost"": false}"
406852;Maison de Charme Atypique à Paris;entire_home;Paris;Père Lachaise - Ménilmontant;48.8618117496;2.40284982171;8;"[""https://a0.muscache.com/im/pictures/4594471/81fb4c8c_original.jpg?aki_policy=large"", ""https://a0.muscache.com/im/pictures/9273064/efb0bdbb_original.jpg?aki_policy=large"", ""https://a0.muscache.com/im/pictures/9273089/953e0905_original.jpg?aki_policy=large"", ""https://a0.muscache.com/im/pictures/9324646/4d598b4e_original.jpg?aki_policy=large"", ""https://a0.muscache.com/im/pictures/4594435/f4fa1a34_original.jpg?aki_policy=large"", ""https://a0.muscache.com/im/pictures/9324609/2f8c5995_original.jpg?aki_policy=large"", ""https://a0.muscache.com/im/pictures/9324677/352be55f_original.jpg?aki_policy=large"", ""https://a0.muscache.com/im/pictures/9324725/553d5f1e_original.jpg?aki_policy=large"", ""https://a0.muscache.com/im/pictures/9324836/c1cda2af_original.jpg?aki_policy=large"", ""https://a0.muscache.com/im/pictures/9324869/25e37d43_original.jpg?aki_policy=large"", ""https://a0.muscache.com/im/pictures/9324905/a5019d85_original.jpg?aki_policy=large"", ""https://a0.muscache.com/im/pictures/9324929/b7e76840_original.jpg?aki_policy=large"", ""https://a0.muscache.com/im/pictures/9324962/067c53ec_original.jpg?aki_policy=large"", ""https://a0.muscache.com/im/pictures/9325023/a4089d7a_original.jpg?aki_policy=large"", ""https://a0.muscache.com/im/pictures/9325116/5ed45291_original.jpg?aki_policy=large"", ""https://a0.muscache.com/im/pictures/9325213/b92e04b6_original.jpg?aki_policy=large"", ""https://a0.muscache.com/im/pictures/9325234/4c305de2_original.jpg?aki_policy=large"", ""https://a0.muscache.com/im/pictures/9528905/008b8984_original.jpg?aki_policy=large"", ""https://a0.muscache.com/im/pictures/9325260/497a2c8a_original.jpg?aki_policy=large"", ""https://a0.muscache.com/im/pictures/9325308/6259f664_original.jpg?aki_policy=large"", ""https://a0.muscache.com/im/pictures/9325338/fc1fe116_original.jpg?aki_policy=large"", ""https://a0.muscache.com/im/pictures/9325639/94a9d533_original.jpg?aki_policy=large"", ""https://a0.muscache.com/im/pictures/9325730/ebafe780_original.jpg?aki_policy=large"", ""https://a0.muscache.com/im/pictures/65293391/6ae0df98_original.jpg?aki_policy=large"", ""https://a0.muscache.com/im/pictures/65293429/8053e40a_original.jpg?aki_policy=large"", ""https://a0.muscache.com/im/pictures/9325453/81f6b49e_original.jpg?aki_policy=large"", ""https://a0.muscache.com/im/pictures/9325484/615fe4f1_original.jpg?aki_policy=large"", ""https://a0.muscache.com/im/pictures/9325603/c3cd48bc_original.jpg?aki_policy=large"", ""https://a0.muscache.com/im/pictures/9325544/4534fa34_original.jpg?aki_policy=large""]";"{""beds"": 5, ""bedrooms"": 3, ""bathrooms"": 3.0, ""amenity_ids"": [64, 1, 129, 66, 3, 4, 69, 70, 71, 8, 72, 73, 10, 74, 11, 75, 12, 77, 15, 16, 27, 30, 31, 33, 34, 35, 37, 38, 39, 103, 40, 41, 43, 44, 45, 46, 47, 57], ""is_rebookable"": false, ""is_new_listing"": false, ""is_fully_refundable"": true, ""is_host_highly_rated"": true, ""is_business_travel_ready"": false}";"{""weekly_factor"": 1.0, ""monthly_factor"": 0.55}";5542;"";"{""is_superhost"": true}"
422409;UNIQUE APT DS MAISON/TRIPLEX MARAIS;entire_home;Paris;Châtelet - Les Halles - Beaubourg;48.8630003506;2.35380271301;4;"[""https://a0.muscache.com/im/pictures/42843042/a7606874_original.jpg?aki_policy=large"", ""https://a0.muscache.com/im/pictures/43389987/b90eff50_original.jpg?aki_policy=large"", ""https://a0.muscache.com/im/pictures/42843111/c0d627fc_original.jpg?aki_policy=large"", ""https://a0.muscache.com/im/pictures/43389958/76e5a14c_original.jpg?aki_policy=large"", ""https://a0.muscache.com/im/pictures/25871353/d607e4b1_original.jpg?aki_policy=large"", ""https://a0.muscache.com/im/pictures/25871649/0df273fa_original.jpg?aki_policy=large"", ""https://a0.muscache.com/im/pictures/25868555/fe2251c1_original.jpg?aki_policy=large"", ""https://a0.muscache.com/im/pictures/25869236/6da25312_original.jpg?aki_policy=large"", ""https://a0.muscache.com/im/pictures/25871306/fd9e65d8_original.jpg?aki_policy=large"", ""https://a0.muscache.com/im/pictures/42843503/001ed900_original.jpg?aki_policy=large"", ""https://a0.muscache.com/im/pictures/43389726/db8e5fff_original.jpg?aki_policy=large"", ""https://a0.muscache.com/im/pictures/25869709/4a3ff516_original.jpg?aki_policy=large"", ""https://a0.muscache.com/im/pictures/4872103/6492f2bc_original.jpg?aki_policy=large"", ""https://a0.muscache.com/im/pictures/4872191/4f4659bc_original.jpg?aki_policy=large"", ""https://a0.muscache.com/im/pictures/5070264/a1fbd339_original.jpg?aki_policy=large"", ""https://a0.muscache.com/im/pictures/4818444/a92b5e8a_original.jpg?aki_policy=large"", ""https://a0.muscache.com/im/pictures/4872276/ff15b90b_original.jpg?aki_policy=large"", ""https://a0.muscache.com/im/pictures/4896384/8ae1ca3c_original.jpg?aki_policy=large"", ""https://a0.muscache.com/im/pictures/4871950/c1df5450_original.jpg?aki_policy=large"", ""https://a0.muscache.com/im/pictures/4872255/5e43b7b8_original.jpg?aki_policy=large"", ""https://a0.muscache.com/im/pictures/4872305/eee949d5_original.jpg?aki_policy=large"", ""https://a0.muscache.com/im/pictures/4872419/bec0b0b9_original.jpg?aki_policy=large"", ""https://a0.muscache.com/im/pictures/4872444/f28ac4b8_original.jpg?aki_policy=large"", ""https://a0.muscache.com/im/pictures/4871140/1ac9b511_original.jpg?aki_policy=large"", ""https://a0.muscache.com/im/pictures/43390026/5ebfd829_original.jpg?aki_policy=large"", ""https://a0.muscache.com/im/pictures/109359623/272cd55d_original.jpg?aki_policy=large"", ""https://a0.muscache.com/im/pictures/109364500/17ae35b3_original.jpg?aki_policy=large""]";"{""beds"": 1, ""bedrooms"": 1, ""bathrooms"": 1.0, ""amenity_ids"": [1, 2, 4, 8, 10, 77, 85, 86, 88, 89, 90, 27, 91, 92, 93, 30, 94, 31, 95, 96, 33, 34, 35, 36, 37, 39, 103, 40, 104, 41, 44, 45, 46, 47], ""is_rebookable"": false, ""is_new_listing"": false, ""is_fully_refundable"": true, ""is_host_highly_rated"": true, ""is_business_travel_ready"": false}";"{""weekly_factor"": 1.0, ""monthly_factor"": 1.0}";4585;"";"{""is_superhost"": false}"
447208;Le plus charmant apt Paris Louvre;entire_home;Paris;Palais Royal;48.8669125462;2.34378540337;3;"[""https://a0.muscache.com/im/pictures/5411960/98cd2ee4_original.jpg?aki_policy=large"", ""https://a0.muscache.com/im/pictures/5411957/6bdd1394_original.jpg?aki_policy=large"", ""https://a0.muscache.com/im/pictures/5411931/19b2adcb_original.jpg?aki_policy=large"", ""https://a0.muscache.com/im/pictures/5411940/750bc1fc_original.jpg?aki_policy=large"", ""https://a0.muscache.com/im/pictures/5411943/939d664d_original.jpg?aki_policy=large"", ""https://a0.muscache.com/im/pictures/5411942/7c850ecd_original.jpg?aki_policy=large"", ""https://a0.muscache.com/im/pictures/5411945/3e1248e8_original.jpg?aki_policy=large"", ""https://a0.muscache.com/im/pictures/5411950/920d1fbe_original.jpg?aki_policy=large"", ""https://a0.muscache.com/im/pictures/5411951/59ea0428_original.jpg?aki_policy=large"", ""https://a0.muscache.com/im/pictures/5411954/e0eea2bd_original.jpg?aki_policy=large"", ""https://a0.muscache.com/im/pictures/5411961/3c9fe759_original.jpg?aki_policy=large"", ""https://a0.muscache.com/im/pictures/5411933/6a1d025e_original.jpg?aki_policy=large"", ""https://a0.muscache.com/im/pictures/5411934/89185be9_original.jpg?aki_policy=large"", ""https://a0.muscache.com/im/pictures/5411962/45fbd557_original.jpg?aki_policy=large"", ""https://a0.muscache.com/im/pictures/5411914/67ea371a_original.jpg?aki_policy=large"", ""https://a0.muscache.com/im/pictures/5411919/81c4005f_original.jpg?aki_policy=large"", ""https://a0.muscache.com/im/pictures/5411929/d2e390ed_original.jpg?aki_policy=large"", ""https://a0.muscache.com/im/pictures/5411924/5df58e4c_original.jpg?aki_policy=large"", ""https://a0.muscache.com/im/pictures/5411922/cb3761b6_original.jpg?aki_policy=large"", ""https://a0.muscache.com/im/pictures/5411926/8119796c_original.jpg?aki_policy=large"", ""https://a0.muscache.com/im/pictures/5411928/fdc9793f_original.jpg?aki_policy=large"", ""https://a0.muscache.com/im/pictures/5343947/b8a69c85_original.jpg?aki_policy=large"", ""https://a0.muscache.com/im/pictures/43cf1ddb-8313-469b-a581-5055de763ffe.jpg?aki_policy=large"", ""https://a0.muscache.com/im/pictures/4a31ab42-a256-4587-a79e-b40dfa6de570.jpg?aki_policy=large"", ""https://a0.muscache.com/im/pictures/e6afeec4-2c5b-447e-b91c-4ac86df77562.jpg?aki_policy=large"", ""https://a0.muscache.com/im/pictures/e194310e-2681-406b-8805-af72f9e8a45f.jpg?aki_policy=large"", ""https://a0.muscache.com/im/pictures/804cd38b-88f4-41a0-ac6d-9529585f349e.jpg?aki_policy=large"", ""https://a0.muscache.com/im/pictures/9b752572-f049-49aa-a33c-296d7ff2a25b.jpg?aki_policy=large"", ""https://a0.muscache.com/im/pictures/def5ceeb-3668-43bf-9939-445ea02be4dc.jpg?aki_policy=large"", ""https://a0.muscache.com/im/pictures/e9bd3298-ae7e-4e8e-a957-c8a26541250a.jpg?aki_policy=large""]";"{""beds"": 2, ""bedrooms"": 1, ""bathrooms"": 1.0, ""amenity_ids"": [1, 2, 3, 4, 8, 89, 90, 91, 28, 92, 93, 30, 94, 31, 95, 33, 34, 39, 40, 41, 44, 45, 46, 51, 54], ""is_rebookable"": false, ""is_new_listing"": false, ""is_fully_refundable"": true, ""is_host_highly_rated"": true, ""is_business_travel_ready"": false}";"{""weekly_factor"": 1.0, ""monthly_factor"": 0.9}";4900;"";"{""is_superhost"": false}"
451629;3 pièces terrasse près de Bastille ;entire_home;Paris;11e arrondissement;48.8521627253;2.38666887375;3;"[""https://a0.muscache.com/im/pictures/38801535/246bbf3f_original.jpg?aki_policy=large"", ""https://a0.muscache.com/im/pictures/38801559/9d1a10f5_original.jpg?aki_policy=large"", ""https://a0.muscache.com/im/pictures/38801542/a08f8af9_original.jpg?aki_policy=large"", ""https://a0.muscache.com/im/pictures/38801587/619e3f9d_original.jpg?aki_policy=large"", ""https://a0.muscache.com/im/pictures/38801609/98815338_original.jpg?aki_policy=large"", ""https://a0.muscache.com/im/pictures/38801627/b2058aa3_original.jpg?aki_policy=large"", ""https://a0.muscache.com/im/pictures/38801651/88f499b6_original.jpg?aki_policy=large"", ""https://a0.muscache.com/im/pictures/38801664/0d9ebbb0_original.jpg?aki_policy=large"", ""https://a0.muscache.com/im/pictures/38801670/f810407c_original.jpg?aki_policy=large"", ""https://a0.muscache.com/im/pictures/38801855/57b6bd89_original.jpg?aki_policy=large"", ""https://a0.muscache.com/im/pictures/38801864/4e30625e_original.jpg?aki_policy=large"", ""https://a0.muscache.com/im/pictures/38801952/412949b0_original.jpg?aki_policy=large"", ""https://a0.muscache.com/im/pictures/5556493/c9eea7d8_original.jpg?aki_policy=large"", ""https://a0.muscache.com/im/pictures/5556500/c1d18d41_original.jpg?aki_policy=large"", ""https://a0.muscache.com/im/pictures/5556470/0409940e_original.jpg?aki_policy=large"", ""https://a0.muscache.com/im/pictures/5556513/881a2f8d_original.jpg?aki_policy=large"", ""https://a0.muscache.com/im/pictures/9988c101-db44-4432-9521-f709745a308c.jpg?aki_policy=large"", ""https://a0.muscache.com/im/pictures/33ec18a6-35a3-4888-a2be-e36099b4d463.jpg?aki_policy=large"", ""https://a0.muscache.com/im/pictures/68c6836c-3102-435b-ae02-d66e26e28e0a.jpg?aki_policy=large"", ""https://a0.muscache.com/im/pictures/3bc05965-9179-4943-9588-837a104d4154.jpg?aki_policy=large"", ""https://a0.muscache.com/im/pictures/2c63dee2-1c07-4240-b388-670a53a5db7f.jpg?aki_policy=large"", ""https://a0.muscache.com/im/pictures/f407cefc-c632-4c24-bb8d-c6707d0d749a.jpg?aki_policy=large"", ""https://a0.muscache.com/im/pictures/5314072/2b4e55b5_original.jpg?aki_policy=large"", ""https://a0.muscache.com/im/pictures/44308146/1f36d17c_original.jpg?aki_policy=large"", ""https://a0.muscache.com/im/pictures/38801998/30afd5a1_original.jpg?aki_policy=large"", ""https://a0.muscache.com/im/pictures/5314063/7addbe46_original.jpg?aki_policy=large"", ""https://a0.muscache.com/im/pictures/5267148/71080f60_original.jpg?aki_policy=large"", ""https://a0.muscache.com/im/pictures/5373178/b4ff3295_original.jpg?aki_policy=large"", ""https://a0.muscache.com/im/pictures/38801517/512f5cd9_original.jpg?aki_policy=large"", ""https://a0.muscache.com/im/pictures/5558460/72b6392f_original.jpg?aki_policy=large""]";"{""beds"": 2, ""bedrooms"": 2, ""bathrooms"": 1.0, ""amenity_ids"": [1, 33, 129, 2, 3, 35, 4, 36, 8, 40, 41, 10, 43, 44, 45, 77, 46, 47, 21, 28, 30, 31], ""is_rebookable"": false, ""is_new_listing"": false, ""is_fully_refundable"": true, ""is_host_highly_rated"": true, ""is_business_travel_ready"": false}";"{""weekly_factor"": 1.0, ""monthly_factor"": 0.84}";1552;"";"{""is_superhost"": false}"
452822;2 rooms, 50m² - Canal Saint Martin;entire_home;Paris;Canal Saint-Martin;48.8737973023;2.3641809234;4;"[""https://a0.muscache.com/im/pictures/5274469/19a83df2_original.jpg?aki_policy=large"", ""https://a0.muscache.com/im/pictures/5274314/53820855_original.jpg?aki_policy=large"", ""https://a0.muscache.com/im/pictures/5274357/a0dc2604_original.jpg?aki_policy=large"", ""https://a0.muscache.com/im/pictures/5274410/30e91080_original.jpg?aki_policy=large"", ""https://a0.muscache.com/im/pictures/5274419/b0fadd1f_original.jpg?aki_policy=large"", ""https://a0.muscache.com/im/pictures/5274464/36100fd8_original.jpg?aki_policy=large"", ""https://a0.muscache.com/im/pictures/5274428/b994a381_original.jpg?aki_policy=large"", ""https://a0.muscache.com/im/pictures/5274443/6df02e2e_original.jpg?aki_policy=large"", ""https://a0.muscache.com/im/pictures/5274485/2531fea3_original.jpg?aki_policy=large"", ""https://a0.muscache.com/im/pictures/5274496/2e547d36_original.jpg?aki_policy=large"", ""https://a0.muscache.com/im/pictures/5276152/8171dd04_original.jpg?aki_policy=large"", ""https://a0.muscache.com/im/pictures/5276187/32ce2317_original.jpg?aki_policy=large"", ""https://a0.muscache.com/im/pictures/5276263/2705741a_original.jpg?aki_policy=large"", ""https://a0.muscache.com/im/pictures/5276287/ed9198c1_original.jpg?aki_policy=large"", ""https://a0.muscache.com/im/pictures/5276368/715bb6b4_original.jpg?aki_policy=large"", ""https://a0.muscache.com/im/pictures/13469352/92200967_original.jpg?aki_policy=large"", ""https://a0.muscache.com/im/pictures/5276348/06dc1f64_original.jpg?aki_policy=large""]";"{""beds"": 2, ""bedrooms"": 1, ""bathrooms"": 1.0, ""amenity_ids"": [1, 129, 2, 4, 8, 11, 77, 16, 21, 85, 88, 89, 90, 91, 92, 93, 30, 94, 95, 96, 33, 35, 39, 103, 40, 41, 44, 45, 46, 47, 49, 113, 50], ""is_rebookable"": false, ""is_new_listing"": false, ""is_fully_refundable"": true, ""is_host_highly_rated"": true, ""is_business_travel_ready"": false}";"{""weekly_factor"": 0.9, ""monthly_factor"": 0.85}";381;"";"{""is_superhost"": false}"
459950;CALME et SPACIEUX LOFT, 11e, BASTILLE/NATION;entire_home;Paris;11e arrondissement;48.8509872111;2.3877196549;3;"[""https://a0.muscache.com/im/pictures/5387237/6027da1b_original.jpg?aki_policy=large"", ""https://a0.muscache.com/im/pictures/5386893/461301da_original.jpg?aki_policy=large"", ""https://a0.muscache.com/im/pictures/5386890/8a73636b_original.jpg?aki_policy=large"", ""https://a0.muscache.com/im/pictures/5386895/da06aabd_original.jpg?aki_policy=large"", ""https://a0.muscache.com/im/pictures/5386950/1f6b312a_original.jpg?aki_policy=large"", ""https://a0.muscache.com/im/pictures/5386939/b002276e_original.jpg?aki_policy=large"", ""https://a0.muscache.com/im/pictures/5386942/bd165a30_original.jpg?aki_policy=large"", ""https://a0.muscache.com/im/pictures/5386956/3283b681_original.jpg?aki_policy=large"", ""https://a0.muscache.com/im/pictures/5386876/d80bf299_original.jpg?aki_policy=large"", ""https://a0.muscache.com/im/pictures/5386883/38b2ea33_original.jpg?aki_policy=large"", ""https://a0.muscache.com/im/pictures/5386886/af5a45d9_original.jpg?aki_policy=large"", ""https://a0.muscache.com/im/pictures/5386888/98ff352c_original.jpg?aki_policy=large"", ""https://a0.muscache.com/im/pictures/5387068/f937d27f_original.jpg?aki_policy=large"", ""https://a0.muscache.com/im/pictures/5387074/c9d5e57b_original.jpg?aki_policy=large"", ""https://a0.muscache.com/im/pictures/5387090/1547c59e_original.jpg?aki_policy=large"", ""https://a0.muscache.com/im/pictures/5387066/f3dbc4cf_original.jpg?aki_policy=large"", ""https://a0.muscache.com/im/pictures/5387102/5b4761a7_original.jpg?aki_policy=large"", ""https://a0.muscache.com/im/pictures/5387107/703e7e13_original.jpg?aki_policy=large"", ""https://a0.muscache.com/im/pictures/5387133/e6873702_original.jpg?aki_policy=large"", ""https://a0.muscache.com/im/pictures/5387143/9c17e9fa_original.jpg?aki_policy=large"", ""https://a0.muscache.com/im/pictures/5387136/31d0a1b6_original.jpg?aki_policy=large"", ""https://a0.muscache.com/im/pictures/5387139/26ccfe47_original.jpg?aki_policy=large"", ""https://a0.muscache.com/im/pictures/5387146/3b182e08_original.jpg?aki_policy=large"", ""https://a0.muscache.com/im/pictures/5387150/b517b2a5_original.jpg?aki_policy=large"", ""https://a0.muscache.com/im/pictures/5387152/8560df52_original.jpg?aki_policy=large"", ""https://a0.muscache.com/im/pictures/5387176/ee1edb22_original.jpg?aki_policy=large"", ""https://a0.muscache.com/im/pictures/5387173/2736e049_original.jpg?aki_policy=large""]";"{""beds"": 2, ""bedrooms"": 2, ""bathrooms"": 2.0, ""amenity_ids"": [1, 129, 3, 4, 6, 8, 9, 77, 85, 86, 90, 91, 92, 93, 30, 94, 31, 95, 96, 33, 35, 36, 101, 103, 40, 104, 41, 44, 45, 46, 47, 49], ""is_rebookable"": false, ""is_new_listing"": false, ""is_fully_refundable"": true, ""is_host_highly_rated"": true, ""is_business_travel_ready"": false}";"{""weekly_factor"": 1.0, ""monthly_factor"": 0.8}";2165;"";"{""is_superhost"": false}"
463726;L'appartement aux 1000 secrets;entire_home;Paris;Saint-Paul - Ile Saint-Louis;48.8524357025;2.36144440447;4;"[""https://a0.muscache.com/im/pictures/100813131/dcd51d50_original.jpg?aki_policy=large"", ""https://a0.muscache.com/im/pictures/100813232/ba540068_original.jpg?aki_policy=large"", ""https://a0.muscache.com/im/pictures/100811166/470c754f_original.jpg?aki_policy=large"", ""https://a0.muscache.com/im/pictures/100811224/a281ad1c_original.jpg?aki_policy=large"", ""https://a0.muscache.com/im/pictures/100814794/92e5f015_original.jpg?aki_policy=large"", ""https://a0.muscache.com/im/pictures/100813818/81b81744_original.jpg?aki_policy=large"", ""https://a0.muscache.com/im/pictures/100811396/c0e7f70c_original.jpg?aki_policy=large"", ""https://a0.muscache.com/im/pictures/100811305/68f2efbf_original.jpg?aki_policy=large"", ""https://a0.muscache.com/im/pictures/100814033/9abc38e6_original.jpg?aki_policy=large"", ""https://a0.muscache.com/im/pictures/100812110/b5f68fc2_original.jpg?aki_policy=large"", ""https://a0.muscache.com/im/pictures/100811704/f37d3906_original.jpg?aki_policy=large"", ""https://a0.muscache.com/im/pictures/100811500/2242bc8c_original.jpg?aki_policy=large"", ""https://a0.muscache.com/im/pictures/100811605/16a22057_original.jpg?aki_policy=large"", ""https://a0.muscache.com/im/pictures/100813614/505d3aad_original.jpg?aki_policy=large"", ""https://a0.muscache.com/im/pictures/100811809/e52f5f06_original.jpg?aki_policy=large"", ""https://a0.muscache.com/im/pictures/100811997/8aa12c8b_original.jpg?aki_policy=large"", ""https://a0.muscache.com/im/pictures/100811912/937b58f2_original.jpg?aki_policy=large"", ""https://a0.muscache.com/im/pictures/100812260/bd086641_original.jpg?aki_policy=large"", ""https://a0.muscache.com/im/pictures/100812894/aa76d47d_original.jpg?aki_policy=large"", ""https://a0.muscache.com/im/pictures/100812975/9c356667_original.jpg?aki_policy=large"", ""https://a0.muscache.com/im/pictures/100813046/1618f011_original.jpg?aki_policy=large"", ""https://a0.muscache.com/im/pictures/100813963/82d0c214_original.jpg?aki_policy=large"", ""https://a0.muscache.com/im/pictures/100814121/dd49480c_original.jpg?aki_policy=large"", ""https://a0.muscache.com/im/pictures/100814198/0859a097_original.jpg?aki_policy=large"", ""https://a0.muscache.com/im/pictures/100812373/e0a7274a_original.jpg?aki_policy=large"", ""https://a0.muscache.com/im/pictures/100812453/c72ee6a9_original.jpg?aki_policy=large"", ""https://a0.muscache.com/im/pictures/100812532/32e16678_original.jpg?aki_policy=large"", ""https://a0.muscache.com/im/pictures/100813731/d4b8a12b_original.jpg?aki_policy=large"", ""https://a0.muscache.com/im/pictures/100812636/cac274b0_original.jpg?aki_policy=large"", ""https://a0.muscache.com/im/pictures/100812738/da4e85d9_original.jpg?aki_policy=large""]";"{""beds"": 2, ""bedrooms"": 2, ""bathrooms"": 2.0, ""amenity_ids"": [1, 33, 129, 2, 34, 4, 5, 103, 8, 40, 10, 44, 45, 77, 46, 47, 27, 30, 31], ""is_rebookable"": false, ""is_new_listing"": false, ""is_fully_refundable"": true, ""is_host_highly_rated"": true, ""is_business_travel_ready"": false}";"{""weekly_factor"": 0.95, ""monthly_factor"": 1.0}";7191;"";"{""is_superhost"": true}"
470446;INDEPENDANT1 STUDIO PARIS CENTER;private_room;Paris;Le Marais;48.8590461985;2.35634828115;2;"[""https://a0.muscache.com/im/pictures/5542803/69801506_original.jpg?aki_policy=large"", ""https://a0.muscache.com/im/pictures/5542825/cbd01504_original.jpg?aki_policy=large"", ""https://a0.muscache.com/im/pictures/5542870/a005e776_original.jpg?aki_policy=large"", ""https://a0.muscache.com/im/pictures/5542969/388d5c17_original.jpg?aki_policy=large"", ""https://a0.muscache.com/im/pictures/5543015/b0acd516_original.jpg?aki_policy=large"", ""https://a0.muscache.com/im/pictures/b0052b02-f1aa-4b32-b1e1-f1b828f8bab2.jpg?aki_policy=large"", ""https://a0.muscache.com/im/pictures/8f5645e7-b11d-46c6-9033-053cd1874360.jpg?aki_policy=large"", ""https://a0.muscache.com/im/pictures/c512e43f-c856-4efb-852c-cbacc02a59c2.jpg?aki_policy=large"", ""https://a0.muscache.com/im/pictures/70dd9976-bde6-4338-8e11-09f8e3fc28b0.jpg?aki_policy=large"", ""https://a0.muscache.com/im/pictures/7609294b-114c-4f22-8fc1-ecbf249d7e85.jpg?aki_policy=large""]";"{""beds"": 2, ""bedrooms"": 1, ""bathrooms"": 1.0, ""amenity_ids"": [33, 34, 4, 8, 40, 41, 11, 43, 44, 45, 46, 50, 21, 30, 31], ""is_rebookable"": false, ""is_new_listing"": false, ""is_fully_refundable"": true, ""is_host_highly_rated"": true, ""is_business_travel_ready"": false}";"{""weekly_factor"": 0.97, ""monthly_factor"": 0.6}";3795;"";"{""is_superhost"": false}"
474612;Spacious, quiet loft, rue Oberkampf;entire_home;Paris;11e arrondissement;48.8665123733;2.38271669258;7;"[""https://a0.muscache.com/im/pictures/81012153/e0a1db90_original.jpg?aki_policy=large"", ""https://a0.muscache.com/im/pictures/81012170/f515970e_original.jpg?aki_policy=large"", ""https://a0.muscache.com/im/pictures/81012472/5e5c733c_original.jpg?aki_policy=large"", ""https://a0.muscache.com/im/pictures/5645416/326be2a1_original.jpg?aki_policy=large"", ""https://a0.muscache.com/im/pictures/5645408/ef588843_original.jpg?aki_policy=large"", ""https://a0.muscache.com/im/pictures/5645409/acf810de_original.jpg?aki_policy=large"", ""https://a0.muscache.com/im/pictures/5646589/e5fb5b07_original.jpg?aki_policy=large"", ""https://a0.muscache.com/im/pictures/5611438/8b51b4c2_original.jpg?aki_policy=large"", ""https://a0.muscache.com/im/pictures/5645095/a87d0603_original.jpg?aki_policy=large"", ""https://a0.muscache.com/im/pictures/5645567/40978b11_original.jpg?aki_policy=large"", ""https://a0.muscache.com/im/pictures/5646746/66e153fa_original.jpg?aki_policy=large"", ""https://a0.muscache.com/im/pictures/5645383/863b6678_original.jpg?aki_policy=large"", ""https://a0.muscache.com/im/pictures/5645104/5b4cf4ca_original.jpg?aki_policy=large"", ""https://a0.muscache.com/im/pictures/5645344/f06cabca_original.jpg?aki_policy=large"", ""https://a0.muscache.com/im/pictures/5645393/234f90a9_original.jpg?aki_policy=large"", ""https://a0.muscache.com/im/pictures/5644080/88a26305_original.jpg?aki_policy=large"", ""https://a0.muscache.com/im/pictures/5646719/118c92a2_original.jpg?aki_policy=large"", ""https://a0.muscache.com/im/pictures/5645515/8afd4fec_original.jpg?aki_policy=large"", ""https://a0.muscache.com/im/pictures/5646824/812c967e_original.jpg?aki_policy=large"", ""https://a0.muscache.com/im/pictures/5645511/0016b845_original.jpg?aki_policy=large"", ""https://a0.muscache.com/im/pictures/5645418/62ed6808_original.jpg?aki_policy=large"", ""https://a0.muscache.com/im/pictures/5647032/7f987da1_original.jpg?aki_policy=large"", ""https://a0.muscache.com/im/pictures/5645525/7f133055_original.jpg?aki_policy=large"", ""https://a0.muscache.com/im/pictures/3a32dc6e-43f6-4443-aef0-ffc4e74615a5.jpg?aki_policy=large"", ""https://a0.muscache.com/im/pictures/1b2fc919-1275-4596-9802-381e66412147.jpg?aki_policy=large"", ""https://a0.muscache.com/im/pictures/45740b72-93a6-496c-961c-c4c10516d4b7.jpg?aki_policy=large"", ""https://a0.muscache.com/im/pictures/20033dbd-c890-4fd8-a907-e355806c8127.jpg?aki_policy=large"", ""https://a0.muscache.com/im/pictures/2c1d9a30-8b6e-4dcc-8619-a37b0d69f9df.jpg?aki_policy=large"", ""https://a0.muscache.com/im/pictures/a0a52907-9dd4-49c9-8802-9fa8ad5aabeb.jpg?aki_policy=large"", ""https://a0.muscache.com/im/pictures/79c1efeb-2332-45a1-a3de-0687733c3381.jpg?aki_policy=large""]";"{""beds"": 7, ""bedrooms"": 4, ""bathrooms"": 2.0, ""amenity_ids"": [1, 129, 4, 8, 10, 77, 85, 89, 90, 91, 92, 93, 30, 94, 31, 95, 96, 33, 35, 36, 37, 40, 44, 45, 46, 47, 56], ""is_rebookable"": false, ""is_new_listing"": false, ""is_fully_refundable"": true, ""is_host_highly_rated"": true, ""is_business_travel_ready"": false}";"{""weekly_factor"": 0.9, ""monthly_factor"": 0.8}";7050;"";"{""is_superhost"": true}"
559493;Le Marais very cosy & elegant 2BR;entire_home;Paris;3e arrondissement;48.8645364803;2.36388861292;3;"[""https://a0.muscache.com/im/pictures/7266516/fb1bcb05_original.jpg?aki_policy=large"", ""https://a0.muscache.com/im/pictures/7266598/733cdf8e_original.jpg?aki_policy=large"", ""https://a0.muscache.com/im/pictures/7266355/0e932e85_original.jpg?aki_policy=large"", ""https://a0.muscache.com/im/pictures/7266417/7946f32b_original.jpg?aki_policy=large"", ""https://a0.muscache.com/im/pictures/6866812/4703c86d_original.jpg?aki_policy=large"", ""https://a0.muscache.com/im/pictures/7267381/537d0ddb_original.jpg?aki_policy=large"", ""https://a0.muscache.com/im/pictures/7265903/1167b542_original.jpg?aki_policy=large"", ""https://a0.muscache.com/im/pictures/7265819/f8315fdb_original.jpg?aki_policy=large"", ""https://a0.muscache.com/im/pictures/7266072/aecb098d_original.jpg?aki_policy=large"", ""https://a0.muscache.com/im/pictures/7266115/6e74f194_original.jpg?aki_policy=large"", ""https://a0.muscache.com/im/pictures/79e18e84-9d24-4817-80b4-616429e48ba8.jpg?aki_policy=large"", ""https://a0.muscache.com/im/pictures/74a2b462-b27d-4aaa-9fb6-62e827b50b02.jpg?aki_policy=large"", ""https://a0.muscache.com/im/pictures/c0499497-655f-41ac-bbab-e11206921682.jpg?aki_policy=large"", ""https://a0.muscache.com/im/pictures/7267202/af4862ee_original.jpg?aki_policy=large"", ""https://a0.muscache.com/im/pictures/3243b7d0-66c2-4ff9-b48f-1ecb8266bb75.jpg?aki_policy=large"", ""https://a0.muscache.com/im/pictures/ddac8390-f0bf-4828-a095-e68a0c17ab54.jpg?aki_policy=large"", ""https://a0.muscache.com/im/pictures/0947a82e-c960-4b7c-b64c-eb832449e35c.jpg?aki_policy=large"", ""https://a0.muscache.com/im/pictures/04cd6fb2-f273-48df-a3dd-8245eb5947e4.jpg?aki_policy=large""]";"{""beds"": 2, ""bedrooms"": 2, ""bathrooms"": 1.0, ""amenity_ids"": [1, 33, 3, 131, 4, 8, 40, 45, 77, 47, 49, 50, 30], ""is_rebookable"": false, ""is_new_listing"": false, ""is_fully_refundable"": true, ""is_host_highly_rated"": true, ""is_business_travel_ready"": false}";"{""weekly_factor"": 0.85, ""monthly_factor"": 0.6}";2133;"";"{""is_superhost"": false}"
579343;Cosy 60 m² 2 real rooms with patio;entire_home;Paris;Buttes-Chaumont - Belleville;48.8725350846;2.38943948928;4;"[""https://a0.muscache.com/im/pictures/14784964/7371182f_original.jpg?aki_policy=large"", ""https://a0.muscache.com/im/pictures/14784888/0f0fbcfa_original.jpg?aki_policy=large"", ""https://a0.muscache.com/im/pictures/14784918/ab581a14_original.jpg?aki_policy=large"", ""https://a0.muscache.com/im/pictures/14785017/a1cd0327_original.jpg?aki_policy=large"", ""https://a0.muscache.com/im/pictures/14785073/94734186_original.jpg?aki_policy=large"", ""https://a0.muscache.com/im/pictures/14785611/a1c05cf0_original.jpg?aki_policy=large"", ""https://a0.muscache.com/im/pictures/14785309/a9dc142a_original.jpg?aki_policy=large"", ""https://a0.muscache.com/im/pictures/14785273/ed49f0b3_original.jpg?aki_policy=large"", ""https://a0.muscache.com/im/pictures/14785398/3e056a87_original.jpg?aki_policy=large"", ""https://a0.muscache.com/im/pictures/9562524/02789aa5_original.jpg?aki_policy=large"", ""https://a0.muscache.com/im/pictures/14785442/15e7ff30_original.jpg?aki_policy=large"", ""https://a0.muscache.com/im/pictures/14785477/e17c2ffc_original.jpg?aki_policy=large"", ""https://a0.muscache.com/im/pictures/14785556/3b94453f_original.jpg?aki_policy=large"", ""https://a0.muscache.com/im/pictures/14785538/58ffafd4_original.jpg?aki_policy=large"", ""https://a0.muscache.com/im/pictures/14785095/e6262535_original.jpg?aki_policy=large"", ""https://a0.muscache.com/im/pictures/14785238/85fa23b1_original.jpg?aki_policy=large"", ""https://a0.muscache.com/im/pictures/9536785/1e728ade_original.jpg?aki_policy=large"", ""https://a0.muscache.com/im/pictures/14785181/ee48e041_original.jpg?aki_policy=large"", ""https://a0.muscache.com/im/pictures/14785212/dac20713_original.jpg?aki_policy=large"", ""https://a0.muscache.com/im/pictures/14785640/e420550d_original.jpg?aki_policy=large"", ""https://a0.muscache.com/im/pictures/14785659/0d7bbe7b_original.jpg?aki_policy=large"", ""https://a0.muscache.com/im/pictures/14785753/40b0406c_original.jpg?aki_policy=large"", ""https://a0.muscache.com/im/pictures/14785684/d96bea2d_original.jpg?aki_policy=large"", ""https://a0.muscache.com/im/pictures/14785705/bedc53ba_original.jpg?aki_policy=large"", ""https://a0.muscache.com/im/pictures/14785735/5fd06e11_original.jpg?aki_policy=large"", ""https://a0.muscache.com/im/pictures/14785890/089293e6_original.jpg?aki_policy=large"", ""https://a0.muscache.com/im/pictures/14785818/1b094d92_original.jpg?aki_policy=large"", ""https://a0.muscache.com/im/pictures/14785850/af6c81ea_original.jpg?aki_policy=large"", ""https://a0.muscache.com/im/pictures/14785793/c6f1772f_original.jpg?aki_policy=large"", ""https://a0.muscache.com/im/pictures/9381323/b02d2c8a_original.jpg?aki_policy=large""]";"{""beds"": 2, ""bedrooms"": 2, ""bathrooms"": 1.0, ""amenity_ids"": [1, 33, 129, 2, 3, 35, 4, 36, 8, 40, 41, 10, 11, 12, 44, 45, 77, 46, 47, 16, 27, 28, 30, 31], ""is_rebookable"": false, ""is_new_listing"": false, ""is_fully_refundable"": true, ""is_host_highly_rated"": true, ""is_business_travel_ready"": false}";"{""weekly_factor"": 0.9, ""monthly_factor"": 0.76}";129;"";"{""is_superhost"": false}"
593465;"Typical parisian ""pied a terre""";entire_home;Paris;Ternes;48.8825480926;2.29268762656;4;"[""https://a0.muscache.com/im/pictures/7468154/c1325042_original.jpg?aki_policy=large"", ""https://a0.muscache.com/im/pictures/7473347/737c04da_original.jpg?aki_policy=large"", ""https://a0.muscache.com/im/pictures/7468161/f15493cf_original.jpg?aki_policy=large"", ""https://a0.muscache.com/im/pictures/7468111/ba4411f6_original.jpg?aki_policy=large"", ""https://a0.muscache.com/im/pictures/7468156/f84e94da_original.jpg?aki_policy=large"", ""https://a0.muscache.com/im/pictures/7468135/c0fc8748_original.jpg?aki_policy=large"", ""https://a0.muscache.com/im/pictures/7468120/1e72c09f_original.jpg?aki_policy=large"", ""https://a0.muscache.com/im/pictures/7468126/b6ea1d67_original.jpg?aki_policy=large"", ""https://a0.muscache.com/im/pictures/7468181/93e738ec_original.jpg?aki_policy=large"", ""https://a0.muscache.com/im/pictures/7468102/af1494b7_original.jpg?aki_policy=large"", ""https://a0.muscache.com/im/pictures/7468179/c7e4e44d_original.jpg?aki_policy=large"", ""https://a0.muscache.com/im/pictures/7468118/8c954992_original.jpg?aki_policy=large"", ""https://a0.muscache.com/im/pictures/7468152/301db328_original.jpg?aki_policy=large"", ""https://a0.muscache.com/im/pictures/7473250/acccee8d_original.jpg?aki_policy=large"", ""https://a0.muscache.com/im/pictures/7473259/5d24747d_original.jpg?aki_policy=large"", ""https://a0.muscache.com/im/pictures/7473261/ba25c150_original.jpg?aki_policy=large"", ""https://a0.muscache.com/im/pictures/7473283/1337ac83_original.jpg?aki_policy=large"", ""https://a0.muscache.com/im/pictures/7473292/31f52dbc_original.jpg?aki_policy=large""]";"{""beds"": 1, ""bedrooms"": 1, ""bathrooms"": 1.0, ""amenity_ids"": [1, 129, 4, 8, 77, 21, 85, 89, 90, 27, 91, 92, 93, 30, 94, 95, 96, 33, 34, 35, 100, 103, 40, 41, 44, 45, 46, 47, 56], ""is_rebookable"": false, ""is_new_listing"": false, ""is_fully_refundable"": true, ""is_host_highly_rated"": true, ""is_business_travel_ready"": false}";"{""weekly_factor"": 1.0, ""monthly_factor"": 1.0}";7950;"";"{""is_superhost"": false}"
595610;charme et calme au coeur de Paris;entire_home;Paris;Panthéon;48.845554713;2.35528762264;5;"[""https://a0.muscache.com/im/pictures/9013940/5eb91f32_original.jpg?aki_policy=large"", ""https://a0.muscache.com/im/pictures/9010981/9a5f96fb_original.jpg?aki_policy=large"", ""https://a0.muscache.com/im/pictures/9010972/9e8edaec_original.jpg?aki_policy=large"", ""https://a0.muscache.com/im/pictures/9010992/120e4f36_original.jpg?aki_policy=large"", ""https://a0.muscache.com/im/pictures/9010978/36198ee0_original.jpg?aki_policy=large"", ""https://a0.muscache.com/im/pictures/9010986/8661d2e8_original.jpg?aki_policy=large"", ""https://a0.muscache.com/im/pictures/9011002/a13cd7ad_original.jpg?aki_policy=large"", ""https://a0.muscache.com/im/pictures/9013342/ac3d6531_original.jpg?aki_policy=large"", ""https://a0.muscache.com/im/pictures/9013346/53b0d1ba_original.jpg?aki_policy=large"", ""https://a0.muscache.com/im/pictures/9013944/9faeb4cf_original.jpg?aki_policy=large"", ""https://a0.muscache.com/im/pictures/9013351/caaacf09_original.jpg?aki_policy=large"", ""https://a0.muscache.com/im/pictures/9013354/b6999329_original.jpg?aki_policy=large"", ""https://a0.muscache.com/im/pictures/9013356/320c7df2_original.jpg?aki_policy=large"", ""https://a0.muscache.com/im/pictures/9013361/c5fd0b69_original.jpg?aki_policy=large"", ""https://a0.muscache.com/im/pictures/9013371/b23e1093_original.jpg?aki_policy=large"", ""https://a0.muscache.com/im/pictures/9013373/2cf08dc4_original.jpg?aki_policy=large"", ""https://a0.muscache.com/im/pictures/9013379/94e56da2_original.jpg?aki_policy=large"", ""https://a0.muscache.com/im/pictures/9013360/92c34a3d_original.jpg?aki_policy=large"", ""https://a0.muscache.com/im/pictures/9121362/46e80783_original.jpg?aki_policy=large"", ""https://a0.muscache.com/im/pictures/9012837/0c6cba81_original.jpg?aki_policy=large"", ""https://a0.muscache.com/im/pictures/9014192/7b5353e7_original.jpg?aki_policy=large"", ""https://a0.muscache.com/im/pictures/9014198/de935671_original.jpg?aki_policy=large"", ""https://a0.muscache.com/im/pictures/9010968/7c2ee2dc_original.jpg?aki_policy=large"", ""https://a0.muscache.com/im/pictures/9014210/77cf5b36_original.jpg?aki_policy=large"", ""https://a0.muscache.com/im/pictures/9014215/62197226_original.jpg?aki_policy=large""]";"{""beds"": 4, ""bedrooms"": 1, ""bathrooms"": 1.0, ""amenity_ids"": [1, 129, 2, 3, 4, 8, 10, 77, 21, 85, 86, 87, 89, 90, 91, 92, 93, 30, 94, 31, 95, 96, 103, 40, 44, 45, 46, 47], ""is_rebookable"": false, ""is_new_listing"": false, ""is_fully_refundable"": true, ""is_host_highly_rated"": true, ""is_business_travel_ready"": false}";"{""weekly_factor"": 0.86, ""monthly_factor"": 0.75}";3612;"";"{""is_superhost"": true}"
603267;Luxury cosy flat on CHAMPS ELYSEES;entire_home;Paris;Champs-Elysées;48.8724606615;2.30282614773;4;"[""https://a0.muscache.com/im/pictures/11685339/2a81581d_original.jpg?aki_policy=large"", ""https://a0.muscache.com/im/pictures/11683759/2d6b24ab_original.jpg?aki_policy=large"", ""https://a0.muscache.com/im/pictures/11683795/9ace0f93_original.jpg?aki_policy=large"", ""https://a0.muscache.com/im/pictures/11683924/510c056d_original.jpg?aki_policy=large"", ""https://a0.muscache.com/im/pictures/11684015/157139a4_original.jpg?aki_policy=large"", ""https://a0.muscache.com/im/pictures/11684065/bfff6db1_original.jpg?aki_policy=large"", ""https://a0.muscache.com/im/pictures/11685842/91a102bd_original.jpg?aki_policy=large"", ""https://a0.muscache.com/im/pictures/11685885/0229459a_original.jpg?aki_policy=large"", ""https://a0.muscache.com/im/pictures/11684130/c43f7177_original.jpg?aki_policy=large"", ""https://a0.muscache.com/im/pictures/11684191/c079cc6e_original.jpg?aki_policy=large"", ""https://a0.muscache.com/im/pictures/11684240/794e5675_original.jpg?aki_policy=large"", ""https://a0.muscache.com/im/pictures/11684251/c6955c97_original.jpg?aki_policy=large"", ""https://a0.muscache.com/im/pictures/11684278/8325462f_original.jpg?aki_policy=large"", ""https://a0.muscache.com/im/pictures/11684374/ba1055ae_original.jpg?aki_policy=large"", ""https://a0.muscache.com/im/pictures/11684456/dbdadd7f_original.jpg?aki_policy=large"", ""https://a0.muscache.com/im/pictures/11684544/3b86c7b8_original.jpg?aki_policy=large"", ""https://a0.muscache.com/im/pictures/11684562/bead9f1b_original.jpg?aki_policy=large"", ""https://a0.muscache.com/im/pictures/11684626/13b2cb2d_original.jpg?aki_policy=large"", ""https://a0.muscache.com/im/pictures/11684783/584c2060_original.jpg?aki_policy=large"", ""https://a0.muscache.com/im/pictures/11685420/a8f1492c_original.jpg?aki_policy=large"", ""https://a0.muscache.com/im/pictures/11685460/1b943c27_original.jpg?aki_policy=large"", ""https://a0.muscache.com/im/pictures/11684724/40325c74_original.jpg?aki_policy=large"", ""https://a0.muscache.com/im/pictures/11685583/2ff547d3_original.jpg?aki_policy=large"", ""https://a0.muscache.com/im/pictures/11685675/3406fc5d_original.jpg?aki_policy=large"", ""https://a0.muscache.com/im/pictures/11685802/40cab8df_original.jpg?aki_policy=large"", ""https://a0.muscache.com/im/pictures/11722155/dcab4a54_original.jpg?aki_policy=large"", ""https://a0.muscache.com/im/pictures/11722147/e664d92b_original.jpg?aki_policy=large""]";"{""beds"": 2, ""bedrooms"": 1, ""bathrooms"": 1.0, ""amenity_ids"": [1, 33, 2, 34, 3, 35, 4, 8, 40, 21, 28, 30, 31], ""is_rebookable"": false, ""is_new_listing"": false, ""is_fully_refundable"": true, ""is_host_highly_rated"": false, ""is_business_travel_ready"": false}";"{""weekly_factor"": 0.95, ""monthly_factor"": 1.0}";1811;"";"{""is_superhost"": false}"
611897;Studio Paris Centre Chatelet/Halles;entire_home;Paris;Châtelet - Les Halles - Beaubourg;48.8644705589;2.34642733615;2;"[""https://a0.muscache.com/im/pictures/25439684/684b71d3_original.jpg?aki_policy=large"", ""https://a0.muscache.com/im/pictures/25439706/b611d262_original.jpg?aki_policy=large"", ""https://a0.muscache.com/im/pictures/25439721/b7dffbb7_original.jpg?aki_policy=large"", ""https://a0.muscache.com/im/pictures/25439747/6c853844_original.jpg?aki_policy=large"", ""https://a0.muscache.com/im/pictures/25439698/3ab53383_original.jpg?aki_policy=large"", ""https://a0.muscache.com/im/pictures/25439662/247b218a_original.jpg?aki_policy=large"", ""https://a0.muscache.com/im/pictures/25439691/1e312361_original.jpg?aki_policy=large"", ""https://a0.muscache.com/im/pictures/25439748/b52f8ed4_original.jpg?aki_policy=large"", ""https://a0.muscache.com/im/pictures/25439778/2a64a50d_original.jpg?aki_policy=large"", ""https://a0.muscache.com/im/pictures/25439795/50a94b30_original.jpg?aki_policy=large"", ""https://a0.muscache.com/im/pictures/25439811/d0e49bc1_original.jpg?aki_policy=large"", ""https://a0.muscache.com/im/pictures/25439842/da5a53d0_original.jpg?aki_policy=large"", ""https://a0.muscache.com/im/pictures/25439644/9ab0fe4e_original.jpg?aki_policy=large"", ""https://a0.muscache.com/im/pictures/7748882/d0a280b1_original.jpg?aki_policy=large""]";"{""beds"": 1, ""bedrooms"": 1, ""bathrooms"": 1.0, ""amenity_ids"": [1, 33, 2, 34, 3, 4, 5, 8, 40, 104, 41, 11, 44, 45, 77, 46, 51, 85, 54, 30], ""is_rebookable"": false, ""is_new_listing"": false, ""is_fully_refundable"": true, ""is_host_highly_rated"": false, ""is_business_travel_ready"": false}";"{""weekly_factor"": 1.0, ""monthly_factor"": 1.0}";8099;"";"{""is_superhost"": false}"
688223;Appartement tendance coeur de Paris;entire_home;Paris;Madeleine - Vendôme;48.8709586389;2.32377626315;4;"[""https://a0.muscache.com/im/pictures/9920745/8becc0b9_original.jpg?aki_policy=large"", ""https://a0.muscache.com/im/pictures/9920752/884f3c4a_original.jpg?aki_policy=large"", ""https://a0.muscache.com/im/pictures/9920749/c4ba29f0_original.jpg?aki_policy=large"", ""https://a0.muscache.com/im/pictures/9920754/9ba12b90_original.jpg?aki_policy=large"", ""https://a0.muscache.com/im/pictures/9920760/5b7ffa83_original.jpg?aki_policy=large"", ""https://a0.muscache.com/im/pictures/9920767/a43cda80_original.jpg?aki_policy=large"", ""https://a0.muscache.com/im/pictures/9920777/34d57fd7_original.jpg?aki_policy=large"", ""https://a0.muscache.com/im/pictures/9920784/84c4a1d9_original.jpg?aki_policy=large"", ""https://a0.muscache.com/im/pictures/9920788/a9cfb722_original.jpg?aki_policy=large"", ""https://a0.muscache.com/im/pictures/9920792/23ac8789_original.jpg?aki_policy=large"", ""https://a0.muscache.com/im/pictures/9920796/d3b50db3_original.jpg?aki_policy=large"", ""https://a0.muscache.com/im/pictures/9920739/f2655016_original.jpg?aki_policy=large"", ""https://a0.muscache.com/im/pictures/9920729/b2001745_original.jpg?aki_policy=large"", ""https://a0.muscache.com/im/pictures/9920740/66f61d77_original.jpg?aki_policy=large"", ""https://a0.muscache.com/im/pictures/82708199/1229577f_original.jpg?aki_policy=large"", ""https://a0.muscache.com/im/pictures/82708212/7e5365ed_original.jpg?aki_policy=large"", ""https://a0.muscache.com/im/pictures/82708225/1d4028c6_original.jpg?aki_policy=large""]";"{""beds"": 1, ""bedrooms"": 1, ""bathrooms"": 1.0, ""amenity_ids"": [1, 129, 2, 3, 4, 8, 10, 77, 14, 21, 30, 31, 33, 35, 37, 38, 39, 103, 40, 104, 41, 44, 45, 46, 47], ""is_rebookable"": false, ""is_new_listing"": false, ""is_fully_refundable"": true, ""is_host_highly_rated"": false, ""is_business_travel_ready"": false}";"{""weekly_factor"": 1.0, ""monthly_factor"": 1.0}";7394;"";"{""is_superhost"": false}"
728396;Élégance, Confort & Charme Parisien;entire_home;Paris;République;48.8681864976;2.36888611066;2;"[""https://a0.muscache.com/im/pictures/11187169/63360f03_original.jpg?aki_policy=large"", ""https://a0.muscache.com/im/pictures/11187559/2e8beaec_original.jpg?aki_policy=large"", ""https://a0.muscache.com/im/pictures/25834129/9aefb246_original.jpg?aki_policy=large"", ""https://a0.muscache.com/im/pictures/27894118/ee7a975d_original.jpg?aki_policy=large"", ""https://a0.muscache.com/im/pictures/9925919/c83e3f1b_original.jpg?aki_policy=large"", ""https://a0.muscache.com/im/pictures/9925914/9533967c_original.jpg?aki_policy=large"", ""https://a0.muscache.com/im/pictures/9925913/277e764e_original.jpg?aki_policy=large"", ""https://a0.muscache.com/im/pictures/9925922/e9c6eeb7_original.jpg?aki_policy=large"", ""https://a0.muscache.com/im/pictures/0c99e964-9012-4442-9ba5-1b67edbe2b4a.jpg?aki_policy=large"", ""https://a0.muscache.com/im/pictures/e8bb9085-9053-4a43-a32f-56e41adb53fb.jpg?aki_policy=large"", ""https://a0.muscache.com/im/pictures/275d595d-2bc9-4ad2-8e70-5d975e219081.jpg?aki_policy=large"", ""https://a0.muscache.com/im/pictures/25834131/15178c74_original.jpg?aki_policy=large"", ""https://a0.muscache.com/im/pictures/27462300/2e89e493_original.jpg?aki_policy=large"", ""https://a0.muscache.com/im/pictures/9925916/1026b5b0_original.jpg?aki_policy=large"", ""https://a0.muscache.com/im/pictures/9925924/23e23790_original.jpg?aki_policy=large"", ""https://a0.muscache.com/im/pictures/9925923/414ad5f9_original.jpg?aki_policy=large"", ""https://a0.muscache.com/im/pictures/9925917/956304e4_original.jpg?aki_policy=large"", ""https://a0.muscache.com/im/pictures/9925929/67105bc7_original.jpg?aki_policy=large"", ""https://a0.muscache.com/im/pictures/11864935/18f5cae8_original.jpg?aki_policy=large"", ""https://a0.muscache.com/im/pictures/11865344/f5fc7428_original.jpg?aki_policy=large"", ""https://a0.muscache.com/im/pictures/11865316/1d54f45d_original.jpg?aki_policy=large"", ""https://a0.muscache.com/im/pictures/11865485/f6e5de63_original.jpg?aki_policy=large"", ""https://a0.muscache.com/im/pictures/11865227/84ecebf4_original.jpg?aki_policy=large"", ""https://a0.muscache.com/im/pictures/11865245/62c2b502_original.jpg?aki_policy=large""]";"{""beds"": 1, ""bedrooms"": 1, ""bathrooms"": 1.0, ""amenity_ids"": [1, 33, 129, 2, 3, 35, 4, 8, 40, 41, 44, 45, 77, 46, 47, 49, 50, 30], ""is_rebookable"": false, ""is_new_listing"": false, ""is_fully_refundable"": true, ""is_host_highly_rated"": true, ""is_business_travel_ready"": false}";"{""weekly_factor"": 1.0, ""monthly_factor"": 0.75}";5253;"";"{""is_superhost"": true}"
745338;Saint Germain des Prés - Notre Dame;entire_home;Paris;Saint Germain des Prés - Odéon;48.8562196355;2.33831143806;2;"[""https://a0.muscache.com/im/pictures/aedd1e4c-7155-4f0d-9cc3-1a3b6e68841e.jpg?aki_policy=large"", ""https://a0.muscache.com/im/pictures/a66aed6c-0d03-4e01-b127-ec7817e04bee.jpg?aki_policy=large"", ""https://a0.muscache.com/im/pictures/777e51a5-7b21-4f0d-8ce2-72cfaadf0e14.jpg?aki_policy=large"", ""https://a0.muscache.com/im/pictures/3caf49d5-058e-416c-bd14-8936bba2db39.jpg?aki_policy=large"", ""https://a0.muscache.com/im/pictures/11617853/e9b99b85_original.jpg?aki_policy=large"", ""https://a0.muscache.com/im/pictures/11618122/0e96ab7d_original.jpg?aki_policy=large"", ""https://a0.muscache.com/im/pictures/11617179/1e48422c_original.jpg?aki_policy=large"", ""https://a0.muscache.com/im/pictures/11618251/eedfe3f5_original.jpg?aki_policy=large"", ""https://a0.muscache.com/im/pictures/11616569/b9329d7d_original.jpg?aki_policy=large"", ""https://a0.muscache.com/im/pictures/11616426/d8ca0d6d_original.jpg?aki_policy=large"", ""https://a0.muscache.com/im/pictures/11616220/e693d776_original.jpg?aki_policy=large"", ""https://a0.muscache.com/im/pictures/11616742/cc5af332_original.jpg?aki_policy=large"", ""https://a0.muscache.com/im/pictures/11618463/ee357850_original.jpg?aki_policy=large"", ""https://a0.muscache.com/im/pictures/37742970/8ee82cf4_original.jpg?aki_policy=large"", ""https://a0.muscache.com/im/pictures/37743953/90b55bc5_original.jpg?aki_policy=large"", ""https://a0.muscache.com/im/pictures/a72cfbc2-9a7f-46dc-8a3b-b21a8afdf9e5.jpg?aki_policy=large"", ""https://a0.muscache.com/im/pictures/9da8d69f-2907-440c-ae87-58d6861d32c0.jpg?aki_policy=large"", ""https://a0.muscache.com/im/pictures/3a1a7faf-3232-44a3-a752-d11c412d9e90.jpg?aki_policy=large"", ""https://a0.muscache.com/im/pictures/8e83e4da-d879-4b8d-bffb-53c4b63b2092.jpg?aki_policy=large"", ""https://a0.muscache.com/im/pictures/3bec3de7-4801-46e7-aebc-c87aff54b5bd.jpg?aki_policy=large""]";"{""beds"": 1, ""bedrooms"": 1, ""bathrooms"": 1.0, ""amenity_ids"": [96, 1, 3, 131, 4, 8, 40, 104, 41, 43, 44, 45, 77, 46, 47, 49, 89, 90, 91, 93, 30, 94, 31], ""is_rebookable"": false, ""is_new_listing"": false, ""is_fully_refundable"": true, ""is_host_highly_rated"": false, ""is_business_travel_ready"": false}";"{""weekly_factor"": 0.85, ""monthly_factor"": 0.6}";2750;"";"{""is_superhost"": false}"
757733;Superbe appartement Paris centre;entire_home;Paris;Saint Germain des Prés - Odéon;48.8538549846;2.34339371994;2;"[""https://a0.muscache.com/im/pictures/11950784/0997e5fe_original.jpg?aki_policy=large"", ""https://a0.muscache.com/im/pictures/11950620/95829e67_original.jpg?aki_policy=large"", ""https://a0.muscache.com/im/pictures/11951125/babfae3e_original.jpg?aki_policy=large"", ""https://a0.muscache.com/im/pictures/11951322/270d28eb_original.jpg?aki_policy=large"", ""https://a0.muscache.com/im/pictures/11950914/3d13df9f_original.jpg?aki_policy=large"", ""https://a0.muscache.com/im/pictures/11953617/9b8bf71b_original.jpg?aki_policy=large"", ""https://a0.muscache.com/im/pictures/11951502/a6ec43b9_original.jpg?aki_policy=large"", ""https://a0.muscache.com/im/pictures/11951717/889d7d8c_original.jpg?aki_policy=large"", ""https://a0.muscache.com/im/pictures/11951936/c2ce67b9_original.jpg?aki_policy=large"", ""https://a0.muscache.com/im/pictures/11953044/ba586666_original.jpg?aki_policy=large"", ""https://a0.muscache.com/im/pictures/11953271/c11e0312_original.jpg?aki_policy=large"", ""https://a0.muscache.com/im/pictures/11953459/5f3528fa_original.jpg?aki_policy=large"", ""https://a0.muscache.com/im/pictures/11950379/d90574ec_original.jpg?aki_policy=large"", ""https://a0.muscache.com/im/pictures/11950111/ed92f778_original.jpg?aki_policy=large"", ""https://a0.muscache.com/im/pictures/11949810/8f7d961e_original.jpg?aki_policy=large"", ""https://a0.muscache.com/im/pictures/11949001/a0c2b548_original.jpg?aki_policy=large"", ""https://a0.muscache.com/im/pictures/11949345/3d806165_original.jpg?aki_policy=large"", ""https://a0.muscache.com/im/pictures/11949525/f7520d15_original.jpg?aki_policy=large"", ""https://a0.muscache.com/im/pictures/11954053/5d980a8b_original.jpg?aki_policy=large"", ""https://a0.muscache.com/im/pictures/11953780/9c8a7911_original.jpg?aki_policy=large"", ""https://a0.muscache.com/im/pictures/11902731/4e84086f_original.jpg?aki_policy=large""]";"{""beds"": 1, ""bedrooms"": 1, ""bathrooms"": 1.0, ""amenity_ids"": [1, 33, 129, 2, 34, 3, 4, 39, 8, 40, 41, 10, 43, 44, 45, 77, 46, 47, 30], ""is_rebookable"": false, ""is_new_listing"": false, ""is_fully_refundable"": true, ""is_host_highly_rated"": true, ""is_business_travel_ready"": false}";"{""weekly_factor"": 1.0, ""monthly_factor"": 1.0}";5701;"";"{""is_superhost"": false}"
761399;top center front Beaubourg MuseummodernArtMarais;entire_home;Paris;Châtelet - Les Halles - Beaubourg;48.8584683615;2.35056393622;5;"[""https://a0.muscache.com/im/pictures/10590650/f479f35d_original.jpg?aki_policy=large"", ""https://a0.muscache.com/im/pictures/11053747/3aeb603f_original.jpg?aki_policy=large"", ""https://a0.muscache.com/im/pictures/10590609/5ab79a4c_original.jpg?aki_policy=large"", ""https://a0.muscache.com/im/pictures/10591751/3ce63472_original.jpg?aki_policy=large"", ""https://a0.muscache.com/im/pictures/10592762/e1b7eea0_original.jpg?aki_policy=large"", ""https://a0.muscache.com/im/pictures/10995938/4d3e77f9_original.jpg?aki_policy=large"", ""https://a0.muscache.com/im/pictures/10995945/e2719fe6_original.jpg?aki_policy=large"", ""https://a0.muscache.com/im/pictures/10591708/12681738_original.jpg?aki_policy=large"", ""https://a0.muscache.com/im/pictures/11054042/f017e94e_original.jpg?aki_policy=large"", ""https://a0.muscache.com/im/pictures/10996007/1b138f72_original.jpg?aki_policy=large"", ""https://a0.muscache.com/im/pictures/10995948/31dcc00d_original.jpg?aki_policy=large"", ""https://a0.muscache.com/im/pictures/10591606/36f9aab7_original.jpg?aki_policy=large"", ""https://a0.muscache.com/im/pictures/10591964/5a29dd6a_original.jpg?aki_policy=large"", ""https://a0.muscache.com/im/pictures/10996020/57d19981_original.jpg?aki_policy=large"", ""https://a0.muscache.com/im/pictures/10996040/e308c65a_original.jpg?aki_policy=large"", ""https://a0.muscache.com/im/pictures/10996028/f1c7999e_original.jpg?aki_policy=large"", ""https://a0.muscache.com/im/pictures/10996062/178ef4f0_original.jpg?aki_policy=large"", ""https://a0.muscache.com/im/pictures/10996063/0b0e73bb_original.jpg?aki_policy=large"", ""https://a0.muscache.com/im/pictures/10592264/8adb4400_original.jpg?aki_policy=large"", ""https://a0.muscache.com/im/pictures/10996049/df655095_original.jpg?aki_policy=large"", ""https://a0.muscache.com/im/pictures/10592827/5aa28da2_original.jpg?aki_policy=large"", ""https://a0.muscache.com/im/pictures/10996089/7bd837b6_original.jpg?aki_policy=large"", ""https://a0.muscache.com/im/pictures/10591929/788b6f2a_original.jpg?aki_policy=large"", ""https://a0.muscache.com/im/pictures/10591307/5eb69c36_original.jpg?aki_policy=large"", ""https://a0.muscache.com/im/pictures/10592112/263b3934_original.jpg?aki_policy=large"", ""https://a0.muscache.com/im/pictures/10592154/280975eb_original.jpg?aki_policy=large"", ""https://a0.muscache.com/im/pictures/10996001/501edaa0_original.jpg?aki_policy=large"", ""https://a0.muscache.com/im/pictures/10995958/aa4ad5b3_original.jpg?aki_policy=large"", ""https://a0.muscache.com/im/pictures/10996012/b5828634_original.jpg?aki_policy=large"", ""https://a0.muscache.com/im/pictures/10592183/eabdb29d_original.jpg?aki_policy=large""]";"{""beds"": 3, ""bedrooms"": 2, ""bathrooms"": 1.5, ""amenity_ids"": [129, 2, 66, 3, 4, 8, 77, 21, 28, 30, 31, 287, 33, 35, 38, 39, 103, 40, 104, 41, 43, 44, 45, 47, 50], ""is_rebookable"": false, ""is_new_listing"": false, ""is_fully_refundable"": true, ""is_host_highly_rated"": false, ""is_business_travel_ready"": false}";"{""weekly_factor"": 0.88, ""monthly_factor"": 0.51}";7825;"";"{""is_superhost"": false}"
762171;Loft - Paris 6/St Germain des Prés;entire_home;Paris;Saint Germain des Prés - Odéon;48.8541967038;2.33977479362;5;"[""https://a0.muscache.com/im/pictures/30371646/84e1af9c_original.jpg?aki_policy=large"", ""https://a0.muscache.com/im/pictures/10599461/352abb64_original.jpg?aki_policy=large"", ""https://a0.muscache.com/im/pictures/30371593/8958ea0c_original.jpg?aki_policy=large"", ""https://a0.muscache.com/im/pictures/30371615/272e19b7_original.jpg?aki_policy=large"", ""https://a0.muscache.com/im/pictures/30371674/4eadf273_original.jpg?aki_policy=large"", ""https://a0.muscache.com/im/pictures/30371628/818d70f4_original.jpg?aki_policy=large"", ""https://a0.muscache.com/im/pictures/30371574/1cd5feb6_original.jpg?aki_policy=large"", ""https://a0.muscache.com/im/pictures/30371657/7b4c5b4f_original.jpg?aki_policy=large"", ""https://a0.muscache.com/im/pictures/30371557/39dbf6b1_original.jpg?aki_policy=large"", ""https://a0.muscache.com/im/pictures/30371526/eadcb306_original.jpg?aki_policy=large"", ""https://a0.muscache.com/im/pictures/30371500/557840c9_original.jpg?aki_policy=large"", ""https://a0.muscache.com/im/pictures/30371457/b94dfda2_original.jpg?aki_policy=large"", ""https://a0.muscache.com/im/pictures/30371474/1b76561a_original.jpg?aki_policy=large""]";"{""beds"": 3, ""bedrooms"": 2, ""bathrooms"": 1.5, ""amenity_ids"": [1, 129, 2, 66, 3, 4, 8, 72, 10, 77, 30, 31, 33, 34, 35, 36, 103, 40, 104, 41, 43, 44, 45, 46, 47], ""is_rebookable"": false, ""is_new_listing"": false, ""is_fully_refundable"": true, ""is_host_highly_rated"": true, ""is_business_travel_ready"": false}";"{""weekly_factor"": 0.9, ""monthly_factor"": 0.74}";7224;"";"{""is_superhost"": false}"
768731;G04518 Superb studio Paris Marais;entire_home;Paris;Le Marais;48.8568774045;2.35918750704;2;"[""https://a0.muscache.com/im/pictures/10722355/c390ba05_original.jpg?aki_policy=large"", ""https://a0.muscache.com/im/pictures/10722288/0b2ab158_original.jpg?aki_policy=large"", ""https://a0.muscache.com/im/pictures/10722291/e6096c84_original.jpg?aki_policy=large"", ""https://a0.muscache.com/im/pictures/10722296/54da0d9f_original.jpg?aki_policy=large"", ""https://a0.muscache.com/im/pictures/10722300/48d861c6_original.jpg?aki_policy=large"", ""https://a0.muscache.com/im/pictures/10722305/a33f73a8_original.jpg?aki_policy=large"", ""https://a0.muscache.com/im/pictures/10722306/71250e37_original.jpg?aki_policy=large"", ""https://a0.muscache.com/im/pictures/10722308/0b84f509_original.jpg?aki_policy=large"", ""https://a0.muscache.com/im/pictures/10722309/88ef4397_original.jpg?aki_policy=large"", ""https://a0.muscache.com/im/pictures/10722312/e0336aea_original.jpg?aki_policy=large"", ""https://a0.muscache.com/im/pictures/10722316/1d178d53_original.jpg?aki_policy=large"", ""https://a0.muscache.com/im/pictures/10722317/9d848f2a_original.jpg?aki_policy=large"", ""https://a0.muscache.com/im/pictures/10722321/032fd7d2_original.jpg?aki_policy=large"", ""https://a0.muscache.com/im/pictures/10722325/cbbdb208_original.jpg?aki_policy=large"", ""https://a0.muscache.com/im/pictures/10722330/ec1ca63f_original.jpg?aki_policy=large"", ""https://a0.muscache.com/im/pictures/10722340/2806ee17_original.jpg?aki_policy=large"", ""https://a0.muscache.com/im/pictures/10722342/ba3afd69_original.jpg?aki_policy=large"", ""https://a0.muscache.com/im/pictures/10722344/35c82149_original.jpg?aki_policy=large"", ""https://a0.muscache.com/im/pictures/10722345/730cafea_original.jpg?aki_policy=large"", ""https://a0.muscache.com/im/pictures/10722354/c6800baa_original.jpg?aki_policy=large""]";"{""beds"": 1, ""bedrooms"": 0, ""bathrooms"": 1.0, ""amenity_ids"": [1, 33, 129, 2, 3, 35, 4, 8, 40, 104, 41, 10, 44, 45, 77, 46, 47, 21, 28, 30], ""is_rebookable"": false, ""is_new_listing"": false, ""is_fully_refundable"": true, ""is_host_highly_rated"": true, ""is_business_travel_ready"": false}";"{""weekly_factor"": 1.0, ""monthly_factor"": 1.0}";1261;"";"{""is_superhost"": false}"
782786;Typique 2P parisien à Ménilmontant;entire_home;Paris;11e arrondissement;48.867887572;2.38039731778;4;"[""https://a0.muscache.com/im/pictures/20213749/f0e2a625_original.jpg?aki_policy=large"", ""https://a0.muscache.com/im/pictures/74381825/e513e901_original.jpg?aki_policy=large"", ""https://a0.muscache.com/im/pictures/20213815/952fdf6a_original.jpg?aki_policy=large"", ""https://a0.muscache.com/im/pictures/20213868/b66e9135_original.jpg?aki_policy=large"", ""https://a0.muscache.com/im/pictures/20213965/d2fa26f7_original.jpg?aki_policy=large"", ""https://a0.muscache.com/im/pictures/20213995/ac61ef0e_original.jpg?aki_policy=large"", ""https://a0.muscache.com/im/pictures/20214030/62b05ffa_original.jpg?aki_policy=large"", ""https://a0.muscache.com/im/pictures/20214159/1d9a12f1_original.jpg?aki_policy=large"", ""https://a0.muscache.com/im/pictures/20214069/5424f98f_original.jpg?aki_policy=large"", ""https://a0.muscache.com/im/pictures/20214108/dff673d3_original.jpg?aki_policy=large"", ""https://a0.muscache.com/im/pictures/20214329/644838e4_original.jpg?aki_policy=large"", ""https://a0.muscache.com/im/pictures/20214512/fc81e1d9_original.jpg?aki_policy=large"", ""https://a0.muscache.com/im/pictures/20214741/fa496e37_original.jpg?aki_policy=large"", ""https://a0.muscache.com/im/pictures/20214850/f281b5d3_original.jpg?aki_policy=large"", ""https://a0.muscache.com/im/pictures/20214933/43d95957_original.jpg?aki_policy=large"", ""https://a0.muscache.com/im/pictures/20215029/45169b88_original.jpg?aki_policy=large"", ""https://a0.muscache.com/im/pictures/20215120/6294be12_original.jpg?aki_policy=large"", ""https://a0.muscache.com/im/pictures/20215200/135e9c9b_original.jpg?aki_policy=large"", ""https://a0.muscache.com/im/pictures/20215475/f0b6752b_original.jpg?aki_policy=large"", ""https://a0.muscache.com/im/pictures/20215528/7daf6b41_original.jpg?aki_policy=large"", ""https://a0.muscache.com/im/pictures/20215584/d84ae312_original.jpg?aki_policy=large"", ""https://a0.muscache.com/im/pictures/20215654/1260b0c3_original.jpg?aki_policy=large"", ""https://a0.muscache.com/im/pictures/20215725/07f51c30_original.jpg?aki_policy=large"", ""https://a0.muscache.com/im/pictures/10971218/a05ccf67_original.jpg?aki_policy=large"", ""https://a0.muscache.com/im/pictures/10971352/30571824_original.jpg?aki_policy=large"", ""https://a0.muscache.com/im/pictures/10971353/40c0beb5_original.jpg?aki_policy=large"", ""https://a0.muscache.com/im/pictures/10971350/720f5626_original.jpg?aki_policy=large"", ""https://a0.muscache.com/im/pictures/10971349/9fdf4e74_original.jpg?aki_policy=large"", ""https://a0.muscache.com/im/pictures/10971355/c6f91d5b_original.jpg?aki_policy=large"", ""https://a0.muscache.com/im/pictures/10972045/f5354189_original.jpg?aki_policy=large""]";"{""beds"": 2, ""bedrooms"": 1, ""bathrooms"": 1.0, ""amenity_ids"": [1, 2, 131, 4, 8, 10, 11, 77, 21, 85, 90, 91, 93, 30, 94, 31, 95, 33, 34, 40, 41, 107, 44, 45, 46, 47, 61], ""is_rebookable"": false, ""is_new_listing"": false, ""is_fully_refundable"": true, ""is_host_highly_rated"": true, ""is_business_travel_ready"": false}";"{""weekly_factor"": 0.85, ""monthly_factor"": 0.7}";5537;"";"{""is_superhost"": false}"
793331;Superbe Studio Cosy - quartier branché Oberkampf;entire_home;Paris;République;48.8661028563;2.37552393278;2;"[""https://a0.muscache.com/im/pictures/11157413/48b1721f_original.jpg?aki_policy=large"", ""https://a0.muscache.com/im/pictures/11157387/04b58a3a_original.jpg?aki_policy=large"", ""https://a0.muscache.com/im/pictures/11157377/97d03354_original.jpg?aki_policy=large"", ""https://a0.muscache.com/im/pictures/11157380/9e7033f8_original.jpg?aki_policy=large"", ""https://a0.muscache.com/im/pictures/11157427/f0866814_original.jpg?aki_policy=large"", ""https://a0.muscache.com/im/pictures/11157500/55bd445c_original.jpg?aki_policy=large"", ""https://a0.muscache.com/im/pictures/11157578/597df064_original.jpg?aki_policy=large"", ""https://a0.muscache.com/im/pictures/11157481/802ca8bc_original.jpg?aki_policy=large"", ""https://a0.muscache.com/im/pictures/11157498/90ab5d2f_original.jpg?aki_policy=large""]";"{""beds"": 1, ""bedrooms"": 1, ""bathrooms"": 1.0, ""amenity_ids"": [1, 2, 3, 35, 4, 36, 8, 40, 41, 44, 45, 46, 47, 30, 31], ""is_rebookable"": false, ""is_new_listing"": false, ""is_fully_refundable"": true, ""is_host_highly_rated"": true, ""is_business_travel_ready"": false}";"{""weekly_factor"": 1.0, ""monthly_factor"": 0.9}";3096;"";"{""is_superhost"": true}"
814262;Studette idéalement située Place des Ternes;entire_home;Paris;"";48.8803030816;2.29961444769;2;"[""https://a0.muscache.com/im/pictures/11520339/806ebc44_original.jpg?aki_policy=large"", ""https://a0.muscache.com/im/pictures/11520351/48d5e5f0_original.jpg?aki_policy=large"", ""https://a0.muscache.com/im/pictures/11520392/0d51afeb_original.jpg?aki_policy=large"", ""https://a0.muscache.com/im/pictures/11520427/444b07ee_original.jpg?aki_policy=large"", ""https://a0.muscache.com/im/pictures/11520439/d77d1d32_original.jpg?aki_policy=large"", ""https://a0.muscache.com/im/pictures/11520474/10a1ccd4_original.jpg?aki_policy=large"", ""https://a0.muscache.com/im/pictures/12357270/62e63e38_original.jpg?aki_policy=large"", ""https://a0.muscache.com/im/pictures/11520503/6dd28a3a_original.jpg?aki_policy=large"", ""https://a0.muscache.com/im/pictures/11520527/2fecf4a0_original.jpg?aki_policy=large"", ""https://a0.muscache.com/im/pictures/11520561/00fc6672_original.jpg?aki_policy=large"", ""https://a0.muscache.com/im/pictures/11520571/dac03225_original.jpg?aki_policy=large"", ""https://a0.muscache.com/im/pictures/11520593/aa4d6fcc_original.jpg?aki_policy=large"", ""https://a0.muscache.com/im/pictures/11520596/c335bac8_original.jpg?aki_policy=large""]";"{""beds"": 1, ""bedrooms"": 1, ""bathrooms"": 1.0, ""amenity_ids"": [1, 2, 4, 21, 8, 28, 30], ""is_rebookable"": false, ""is_new_listing"": false, ""is_fully_refundable"": true, ""is_host_highly_rated"": false, ""is_business_travel_ready"": false}";"{""weekly_factor"": 0.94, ""monthly_factor"": 0.62}";5155;"";"{""is_superhost"": false}"
822948;New 43 m2 1 bdr on Canal St. Martin;entire_home;Paris;Canal Saint-Martin;48.8787224598;2.36722300539;3;"[""https://a0.muscache.com/im/pictures/15140431/77d43bd5_original.jpg?aki_policy=large"", ""https://a0.muscache.com/im/pictures/11682054/e9ca7c10_original.jpg?aki_policy=large"", ""https://a0.muscache.com/im/pictures/11682878/d19f6c70_original.jpg?aki_policy=large"", ""https://a0.muscache.com/im/pictures/11682068/7de9b7ca_original.jpg?aki_policy=large"", ""https://a0.muscache.com/im/pictures/15140399/7c783b88_original.jpg?aki_policy=large"", ""https://a0.muscache.com/im/pictures/15140534/0ac1c09c_original.jpg?aki_policy=large"", ""https://a0.muscache.com/im/pictures/15140331/c0991927_original.jpg?aki_policy=large"", ""https://a0.muscache.com/im/pictures/15140358/e0101587_original.jpg?aki_policy=large"", ""https://a0.muscache.com/im/pictures/11682741/b7d2cbf7_original.jpg?aki_policy=large"", ""https://a0.muscache.com/im/pictures/11682743/b59b7897_original.jpg?aki_policy=large"", ""https://a0.muscache.com/im/pictures/15140804/e12d1340_original.jpg?aki_policy=large"", ""https://a0.muscache.com/im/pictures/15140887/3ef4c509_original.jpg?aki_policy=large"", ""https://a0.muscache.com/im/pictures/15140959/243bd5c6_original.jpg?aki_policy=large"", ""https://a0.muscache.com/im/pictures/15140730/beb388ac_original.jpg?aki_policy=large"", ""https://a0.muscache.com/im/pictures/15141043/f5c19e48_original.jpg?aki_policy=large"", ""https://a0.muscache.com/im/pictures/15140580/8e00fabc_original.jpg?aki_policy=large"", ""https://a0.muscache.com/im/pictures/15140682/9e15fe42_original.jpg?aki_policy=large"", ""https://a0.muscache.com/im/pictures/15141208/11ba6b54_original.jpg?aki_policy=large"", ""https://a0.muscache.com/im/pictures/15141139/daf77939_original.jpg?aki_policy=large"", ""https://a0.muscache.com/im/pictures/11682873/fb8bc5f8_original.jpg?aki_policy=large"", ""https://a0.muscache.com/im/pictures/13871481/e3df9759_original.jpg?aki_policy=large""]";"{""beds"": 2, ""bedrooms"": 1, ""bathrooms"": 1.0, ""amenity_ids"": [1, 33, 2, 3, 4, 8, 28, 30], ""is_rebookable"": false, ""is_new_listing"": false, ""is_fully_refundable"": true, ""is_host_highly_rated"": false, ""is_business_travel_ready"": false}";"{""weekly_factor"": 0.98, ""monthly_factor"": 1.0}";1910;"";"{""is_superhost"": false}"
824785;Lovely Flat Near Montmartre - 40mn from Airport;entire_home;Paris;Gare du Nord - Gare de I'Est;48.8801424396;2.3488920549;6;"[""https://a0.muscache.com/im/pictures/109279092/a1d4b117_original.jpg?aki_policy=large"", ""https://a0.muscache.com/im/pictures/109240488/5c41a3a7_original.jpg?aki_policy=large"", ""https://a0.muscache.com/im/pictures/109240506/89ca31e8_original.jpg?aki_policy=large"", ""https://a0.muscache.com/im/pictures/109240659/12987806_original.jpg?aki_policy=large"", ""https://a0.muscache.com/im/pictures/109240572/8c65e0fd_original.jpg?aki_policy=large"", ""https://a0.muscache.com/im/pictures/109240618/e24b5d17_original.jpg?aki_policy=large"", ""https://a0.muscache.com/im/pictures/109240714/5fd5d401_original.jpg?aki_policy=large"", ""https://a0.muscache.com/im/pictures/109240876/b7632cd1_original.jpg?aki_policy=large"", ""https://a0.muscache.com/im/pictures/109240675/5bdd3232_original.jpg?aki_policy=large"", ""https://a0.muscache.com/im/pictures/109240733/ed5f3c40_original.jpg?aki_policy=large"", ""https://a0.muscache.com/im/pictures/109242694/6070ffb1_original.jpg?aki_policy=large"", ""https://a0.muscache.com/im/pictures/109241002/0cb2c8b6_original.jpg?aki_policy=large"", ""https://a0.muscache.com/im/pictures/109241036/f3c0e9df_original.jpg?aki_policy=large"", ""https://a0.muscache.com/im/pictures/109242052/ed42161a_original.jpg?aki_policy=large"", ""https://a0.muscache.com/im/pictures/109242082/e477d689_original.jpg?aki_policy=large"", ""https://a0.muscache.com/im/pictures/109242120/24823a96_original.jpg?aki_policy=large"", ""https://a0.muscache.com/im/pictures/12729428/ccf98447_original.jpg?aki_policy=large"", ""https://a0.muscache.com/im/pictures/12729464/75abcbbb_original.jpg?aki_policy=large"", ""https://a0.muscache.com/im/pictures/12729644/0038c0c4_original.jpg?aki_policy=large"", ""https://a0.muscache.com/im/pictures/109242153/8989900e_original.jpg?aki_policy=large"", ""https://a0.muscache.com/im/pictures/109242209/8222ca4d_original.jpg?aki_policy=large"", ""https://a0.muscache.com/im/pictures/109242289/28edbd4d_original.jpg?aki_policy=large"", ""https://a0.muscache.com/im/pictures/c15fcdf1-95d3-4349-82a0-0aa6f9c82fba.jpg?aki_policy=large"", ""https://a0.muscache.com/im/pictures/ec4cbe8e-e94a-4d5e-9e7d-ed4add3ae9a9.jpg?aki_policy=large""]";"{""beds"": 5, ""bedrooms"": 3, ""bathrooms"": 1.0, ""amenity_ids"": [1, 33, 129, 3, 35, 4, 8, 45, 77, 21, 28, 30, 31], ""is_rebookable"": false, ""is_new_listing"": false, ""is_fully_refundable"": true, ""is_host_highly_rated"": true, ""is_business_travel_ready"": false}";"{""weekly_factor"": 0.98, ""monthly_factor"": 0.61}";4574;"";"{""is_superhost"": false}"
830268;Luxury Architect Duplex Tour Eiffel;entire_home;Paris;Tour Eiffel - Champ de Mars;48.8518098257;2.29420869169;6;"[""https://a0.muscache.com/im/pictures/11790648/770fb83a_original.jpg?aki_policy=large"", ""https://a0.muscache.com/im/pictures/11790649/a4db8853_original.jpg?aki_policy=large"", ""https://a0.muscache.com/im/pictures/11790693/83da78ff_original.jpg?aki_policy=large"", ""https://a0.muscache.com/im/pictures/11792788/c3dccc89_original.jpg?aki_policy=large"", ""https://a0.muscache.com/im/pictures/11790662/5365c673_original.jpg?aki_policy=large"", ""https://a0.muscache.com/im/pictures/11792776/1de7f004_original.jpg?aki_policy=large"", ""https://a0.muscache.com/im/pictures/11790711/bcc1cc6a_original.jpg?aki_policy=large"", ""https://a0.muscache.com/im/pictures/11790701/b539c810_original.jpg?aki_policy=large"", ""https://a0.muscache.com/im/pictures/11792809/21fcb2cb_original.jpg?aki_policy=large"", ""https://a0.muscache.com/im/pictures/11790664/5f4def1e_original.jpg?aki_policy=large"", ""https://a0.muscache.com/im/pictures/11790707/17fc4a8e_original.jpg?aki_policy=large"", ""https://a0.muscache.com/im/pictures/11792868/1822e631_original.jpg?aki_policy=large"", ""https://a0.muscache.com/im/pictures/11790656/03d74eb8_original.jpg?aki_policy=large"", ""https://a0.muscache.com/im/pictures/11790661/36a2ed91_original.jpg?aki_policy=large"", ""https://a0.muscache.com/im/pictures/11790704/d3f5a524_original.jpg?aki_policy=large"", ""https://a0.muscache.com/im/pictures/11790714/cdd0570a_original.jpg?aki_policy=large"", ""https://a0.muscache.com/im/pictures/11790712/fa963a31_original.jpg?aki_policy=large"", ""https://a0.muscache.com/im/pictures/11790713/6dd8c5e9_original.jpg?aki_policy=large"", ""https://a0.muscache.com/im/pictures/11798398/0f51b252_original.jpg?aki_policy=large"", ""https://a0.muscache.com/im/pictures/11798419/702353d9_original.jpg?aki_policy=large"", ""https://a0.muscache.com/im/pictures/11798413/55aedd16_original.jpg?aki_policy=large"", ""https://a0.muscache.com/im/pictures/11798415/45a36342_original.jpg?aki_policy=large"", ""https://a0.muscache.com/im/pictures/11798420/795398ab_original.jpg?aki_policy=large"", ""https://a0.muscache.com/im/pictures/13364626/3d6904cc_original.jpg?aki_policy=large"", ""https://a0.muscache.com/im/pictures/13364606/4ae1a433_original.jpg?aki_policy=large""]";"{""beds"": 3, ""bedrooms"": 2, ""bathrooms"": 2.5, ""amenity_ids"": [1, 2, 3, 4, 8, 72, 90, 91, 28, 92, 93, 30, 31, 95, 96, 33, 34, 35, 36, 40, 41, 43, 44, 45, 46, 47], ""is_rebookable"": false, ""is_new_listing"": false, ""is_fully_refundable"": true, ""is_host_highly_rated"": true, ""is_business_travel_ready"": false}";"{""weekly_factor"": 1.0, ""monthly_factor"": 1.0}";1427;"";"{""is_superhost"": false}"
846592;L'Oasis de Sévigné - Saint Paul;entire_home;Paris;"";48.8566650924;2.36335722142;2;"[""https://a0.muscache.com/im/pictures/12066350/7eb4b8e6_original.jpg?aki_policy=large"", ""https://a0.muscache.com/im/pictures/814a7396-11f7-49e0-84c4-1eef78286e50.jpg?aki_policy=large"", ""https://a0.muscache.com/im/pictures/12067282/c38dcc3b_original.jpg?aki_policy=large"", ""https://a0.muscache.com/im/pictures/90c05dad-1d2b-4845-86e4-36d41b91ec14.jpg?aki_policy=large"", ""https://a0.muscache.com/im/pictures/12066836/fe4c7780_original.jpg?aki_policy=large"", ""https://a0.muscache.com/im/pictures/12067199/9be43bc0_original.jpg?aki_policy=large"", ""https://a0.muscache.com/im/pictures/12066646/0196ab51_original.jpg?aki_policy=large"", ""https://a0.muscache.com/im/pictures/12066898/343a81dd_original.jpg?aki_policy=large"", ""https://a0.muscache.com/im/pictures/12066643/3fb10b5b_original.jpg?aki_policy=large"", ""https://a0.muscache.com/im/pictures/12066741/69a6452f_original.jpg?aki_policy=large"", ""https://a0.muscache.com/im/pictures/12066857/a027cb56_original.jpg?aki_policy=large"", ""https://a0.muscache.com/im/pictures/12067351/e31f7232_original.jpg?aki_policy=large"", ""https://a0.muscache.com/im/pictures/12067698/2d533cca_original.jpg?aki_policy=large"", ""https://a0.muscache.com/im/pictures/12067078/bda44750_original.jpg?aki_policy=large"", ""https://a0.muscache.com/im/pictures/12066576/962d96d7_original.jpg?aki_policy=large"", ""https://a0.muscache.com/im/pictures/40546624/bb392dec_original.jpg?aki_policy=large"", ""https://a0.muscache.com/im/pictures/12066944/e211dbf3_original.jpg?aki_policy=large""]";"{""beds"": 1, ""bedrooms"": 1, ""bathrooms"": 1.0, ""amenity_ids"": [1, 33, 129, 2, 34, 3, 4, 8, 40, 41, 10, 43, 44, 45, 77, 46, 47, 30], ""is_rebookable"": false, ""is_new_listing"": false, ""is_fully_refundable"": true, ""is_host_highly_rated"": true, ""is_business_travel_ready"": false}";"{""weekly_factor"": 0.82, ""monthly_factor"": 0.52}";4508;"";"{""is_superhost"": false}"
862407;Flat front of Eiffel Tower;entire_home;Paris;Tour Eiffel - Champ de Mars;48.8594684158;2.29627162691;2;"[""https://a0.muscache.com/im/pictures/13457167/752666d6_original.jpg?aki_policy=large"", ""https://a0.muscache.com/im/pictures/13457144/9faf68f1_original.jpg?aki_policy=large"", ""https://a0.muscache.com/im/pictures/13457310/4101c575_original.jpg?aki_policy=large"", ""https://a0.muscache.com/im/pictures/13457185/0f932e0d_original.jpg?aki_policy=large"", ""https://a0.muscache.com/im/pictures/13457272/2a9c32f5_original.jpg?aki_policy=large"", ""https://a0.muscache.com/im/pictures/13457156/1b7206f2_original.jpg?aki_policy=large"", ""https://a0.muscache.com/im/pictures/13457211/725a37fc_original.jpg?aki_policy=large"", ""https://a0.muscache.com/im/pictures/13457247/7413dd5a_original.jpg?aki_policy=large"", ""https://a0.muscache.com/im/pictures/13457354/e89df06d_original.jpg?aki_policy=large"", ""https://a0.muscache.com/im/pictures/13457413/7741c901_original.jpg?aki_policy=large"", ""https://a0.muscache.com/im/pictures/13457435/779ef7b6_original.jpg?aki_policy=large"", ""https://a0.muscache.com/im/pictures/13457502/77f7758f_original.jpg?aki_policy=large"", ""https://a0.muscache.com/im/pictures/13457594/4b61c06f_original.jpg?aki_policy=large"", ""https://a0.muscache.com/im/pictures/14832982/60215ad4_original.jpg?aki_policy=large""]";"{""beds"": 1, ""bedrooms"": 1, ""bathrooms"": 1.0, ""amenity_ids"": [129, 3, 35, 4, 103, 40, 41, 10, 42, 43, 44, 45, 77, 46, 47, 16, 49, 21, 57, 28, 30, 31], ""is_rebookable"": false, ""is_new_listing"": false, ""is_fully_refundable"": true, ""is_host_highly_rated"": true, ""is_business_travel_ready"": false}";"{""weekly_factor"": 1.0, ""monthly_factor"": 1.0}";6794;"";"{""is_superhost"": true}"
862705;Le Marais flat near Pl. des Vosges;entire_home;Paris;Le Marais;48.8575367413;2.36473655038;3;"[""https://a0.muscache.com/im/pictures/24957126/4fefa3ed_original.jpg?aki_policy=large"", ""https://a0.muscache.com/im/pictures/24957228/b6ed0eb4_original.jpg?aki_policy=large"", ""https://a0.muscache.com/im/pictures/24957278/1dbe3977_original.jpg?aki_policy=large"", ""https://a0.muscache.com/im/pictures/24957317/30f1d0b8_original.jpg?aki_policy=large"", ""https://a0.muscache.com/im/pictures/24957378/8b92d7b7_original.jpg?aki_policy=large"", ""https://a0.muscache.com/im/pictures/24957424/9e0c4662_original.jpg?aki_policy=large"", ""https://a0.muscache.com/im/pictures/24957535/1ea2cd77_original.jpg?aki_policy=large"", ""https://a0.muscache.com/im/pictures/24957549/d508d82f_original.jpg?aki_policy=large"", ""https://a0.muscache.com/im/pictures/24957617/3976e1e8_original.jpg?aki_policy=large"", ""https://a0.muscache.com/im/pictures/24957671/0873b4f1_original.jpg?aki_policy=large"", ""https://a0.muscache.com/im/pictures/24957743/4c387af1_original.jpg?aki_policy=large"", ""https://a0.muscache.com/im/pictures/24957819/c4343141_original.jpg?aki_policy=large"", ""https://a0.muscache.com/im/pictures/24957857/87a0c477_original.jpg?aki_policy=large"", ""https://a0.muscache.com/im/pictures/24957919/50d5932a_original.jpg?aki_policy=large"", ""https://a0.muscache.com/im/pictures/24965976/08564e88_original.jpg?aki_policy=large"", ""https://a0.muscache.com/im/pictures/24966054/ff7b66df_original.jpg?aki_policy=large"", ""https://a0.muscache.com/im/pictures/24966119/0247fa21_original.jpg?aki_policy=large"", ""https://a0.muscache.com/im/pictures/24966175/2d2737f3_original.jpg?aki_policy=large"", ""https://a0.muscache.com/im/pictures/24966225/229be88a_original.jpg?aki_policy=large"", ""https://a0.muscache.com/im/pictures/24966284/f4d8391d_original.jpg?aki_policy=large"", ""https://a0.muscache.com/im/pictures/24966331/e0fc5383_original.jpg?aki_policy=large"", ""https://a0.muscache.com/im/pictures/24966372/fd5cfa28_original.jpg?aki_policy=large"", ""https://a0.muscache.com/im/pictures/24966428/989e37ee_original.jpg?aki_policy=large"", ""https://a0.muscache.com/im/pictures/13473936/a7a9ba86_original.jpg?aki_policy=large"", ""https://a0.muscache.com/im/pictures/13495439/1cf68803_original.jpg?aki_policy=large""]";"{""beds"": 2, ""bedrooms"": 2, ""bathrooms"": 1.0, ""amenity_ids"": [1, 33, 129, 2, 34, 3, 35, 4, 36, 8, 40, 44, 45, 77, 14, 46, 47, 30, 31], ""is_rebookable"": false, ""is_new_listing"": false, ""is_fully_refundable"": true, ""is_host_highly_rated"": true, ""is_business_travel_ready"": false}";"{""weekly_factor"": 1.0, ""monthly_factor"": 0.7}";2834;"";"{""is_superhost"": false}"
863566;Champs Elysées! Mini appart ! 8 m²;entire_home;Paris;Champs-Elysées;48.8751606965;2.28774529868;2;"[""https://a0.muscache.com/im/pictures/13658610/f5f61c6e_original.jpg?aki_policy=large"", ""https://a0.muscache.com/im/pictures/13658578/2fd5778b_original.jpg?aki_policy=large"", ""https://a0.muscache.com/im/pictures/13658591/57bbbb80_original.jpg?aki_policy=large"", ""https://a0.muscache.com/im/pictures/13658598/54eb8139_original.jpg?aki_policy=large"", ""https://a0.muscache.com/im/pictures/37522658-5742-40ec-be08-d8f6b6ec82fd.jpg?aki_policy=large"", ""https://a0.muscache.com/im/pictures/47ca11e4-ea06-4d3a-8c6e-a8f11159d548.jpg?aki_policy=large"", ""https://a0.muscache.com/im/pictures/13658629/349c2285_original.jpg?aki_policy=large"", ""https://a0.muscache.com/im/pictures/13658618/7a8b147d_original.jpg?aki_policy=large"", ""https://a0.muscache.com/im/pictures/13658641/add17034_original.jpg?aki_policy=large"", ""https://a0.muscache.com/im/pictures/13658647/b19d94cd_original.jpg?aki_policy=large"", ""https://a0.muscache.com/im/pictures/13658662/2c138344_original.jpg?aki_policy=large"", ""https://a0.muscache.com/im/pictures/12389100/7d3a59b7_original.jpg?aki_policy=large"", ""https://a0.muscache.com/im/pictures/12389155/78cc9c58_original.jpg?aki_policy=large"", ""https://a0.muscache.com/im/pictures/12389030/f76f3f6e_original.jpg?aki_policy=large"", ""https://a0.muscache.com/im/pictures/12389043/e9df817b_original.jpg?aki_policy=large"", ""https://a0.muscache.com/im/pictures/12389054/c5cf35c5_original.jpg?aki_policy=large"", ""https://a0.muscache.com/im/pictures/12389133/31ccd30e_original.jpg?aki_policy=large"", ""https://a0.muscache.com/im/pictures/12389143/457325d5_original.jpg?aki_policy=large"", ""https://a0.muscache.com/im/pictures/12491992/196be6de_original.jpg?aki_policy=large"", ""https://a0.muscache.com/im/pictures/12491996/0c79d394_original.jpg?aki_policy=large"", ""https://a0.muscache.com/im/pictures/12492026/83348783_original.jpg?aki_policy=large"", ""https://a0.muscache.com/im/pictures/12492034/be008c2f_original.jpg?aki_policy=large"", ""https://a0.muscache.com/im/pictures/12492036/17df6f9c_original.jpg?aki_policy=large"", ""https://a0.muscache.com/im/pictures/12492037/f240fa02_original.jpg?aki_policy=large"", ""https://a0.muscache.com/im/pictures/12492041/d5d3bd64_original.jpg?aki_policy=large"", ""https://a0.muscache.com/im/pictures/12492042/4ace6861_original.jpg?aki_policy=large"", ""https://a0.muscache.com/im/pictures/13513533/d24ae19b_original.jpg?aki_policy=large"", ""https://a0.muscache.com/im/pictures/12492112/0d4cbccc_original.jpg?aki_policy=large""]";"{""beds"": 1, ""bedrooms"": 0, ""bathrooms"": 0.5, ""amenity_ids"": [96, 3, 4, 103, 8, 40, 104, 10, 43, 44, 45, 77, 14, 49, 50, 51, 85, 54, 86, 90, 91, 93, 30, 94], ""is_rebookable"": false, ""is_new_listing"": false, ""is_fully_refundable"": true, ""is_host_highly_rated"": false, ""is_business_travel_ready"": false}";"{""weekly_factor"": 1.0, ""monthly_factor"": 1.0}";2230;"";"{""is_superhost"": false}"
865472;Apartment Paris Nation;entire_home;Paris;11e arrondissement;48.851738;2.391103;5;"[""https://a0.muscache.com/im/pictures/5a083433-8f7b-417d-87d3-4f515c1a1287.jpg?aki_policy=large"", ""https://a0.muscache.com/im/pictures/50c357b4-94d2-4bea-8eac-637f31432588.jpg?aki_policy=large"", ""https://a0.muscache.com/im/pictures/f88c8a9e-c610-41fa-b3b7-642bed09ee71.jpg?aki_policy=large"", ""https://a0.muscache.com/im/pictures/c9d2c446-c0a8-4a45-acf2-268f084401a6.jpg?aki_policy=large"", ""https://a0.muscache.com/im/pictures/f772b9b1-0a27-4484-a2c8-6356819e4400.jpg?aki_policy=large"", ""https://a0.muscache.com/im/pictures/3d393eec-ad64-4c96-b9e8-4566fa766536.jpg?aki_policy=large"", ""https://a0.muscache.com/im/pictures/f43b2148-c646-4de6-92f7-8b36d5b9cb19.jpg?aki_policy=large"", ""https://a0.muscache.com/im/pictures/a777ad1b-0ef9-4d13-9fcc-6b417b564529.jpg?aki_policy=large"", ""https://a0.muscache.com/im/pictures/d0b96c3b-4b0f-4b8a-8da5-acbccb76dc5e.jpg?aki_policy=large"", ""https://a0.muscache.com/im/pictures/7ee69204-8039-46ce-b199-b0dedee29bd1.jpg?aki_policy=large"", ""https://a0.muscache.com/im/pictures/dff80c94-51f1-4895-90c4-e9c97463a529.jpg?aki_policy=large"", ""https://a0.muscache.com/im/pictures/319f609d-bf3e-46f9-880e-86d52c1c619c.jpg?aki_policy=large"", ""https://a0.muscache.com/im/pictures/1bf57f67-eb59-4d4a-baff-b4245800455b.jpg?aki_policy=large"", ""https://a0.muscache.com/im/pictures/853c6962-fb19-4b0f-b261-7a0d848080ee.jpg?aki_policy=large"", ""https://a0.muscache.com/im/pictures/e894dba5-295d-47bf-9956-43df4a412cde.jpg?aki_policy=large""]";"{""beds"": 4, ""bedrooms"": 3, ""bathrooms"": 2.0, ""amenity_ids"": [1, 33, 2, 3, 35, 4, 38, 8, 40, 11, 44, 77, 47, 21, 85, 86, 87, 88, 28, 30, 31], ""is_rebookable"": false, ""is_new_listing"": false, ""is_fully_refundable"": true, ""is_host_highly_rated"": false, ""is_business_travel_ready"": false}";"{""weekly_factor"": 0.98, ""monthly_factor"": 0.8}";6303;"";"{""is_superhost"": false}"
869842;Loft au pied de la Tour Eiffel;entire_home;Paris;"";48.8589676383;2.28818156932;4;"[""https://a0.muscache.com/im/pictures/12557707/d3cdb3d3_original.jpg?aki_policy=large"", ""https://a0.muscache.com/im/pictures/12557696/c0bd76ad_original.jpg?aki_policy=large"", ""https://a0.muscache.com/im/pictures/12557709/3e4f7cdc_original.jpg?aki_policy=large"", ""https://a0.muscache.com/im/pictures/12557716/b107e9f1_original.jpg?aki_policy=large"", ""https://a0.muscache.com/im/pictures/12557720/457901dc_original.jpg?aki_policy=large"", ""https://a0.muscache.com/im/pictures/12557725/7d9783dd_original.jpg?aki_policy=large"", ""https://a0.muscache.com/im/pictures/12557751/76664cb0_original.jpg?aki_policy=large"", ""https://a0.muscache.com/im/pictures/12557756/5f1f92b3_original.jpg?aki_policy=large"", ""https://a0.muscache.com/im/pictures/12557760/18b811f3_original.jpg?aki_policy=large"", ""https://a0.muscache.com/im/pictures/12557766/5bca384f_original.jpg?aki_policy=large"", ""https://a0.muscache.com/im/pictures/12557778/d8688b44_original.jpg?aki_policy=large"", ""https://a0.muscache.com/im/pictures/12557786/7352ddf5_original.jpg?aki_policy=large"", ""https://a0.muscache.com/im/pictures/12557790/840d914b_original.jpg?aki_policy=large"", ""https://a0.muscache.com/im/pictures/12557804/c749ab62_original.jpg?aki_policy=large"", ""https://a0.muscache.com/im/pictures/12557806/ca3257a4_original.jpg?aki_policy=large"", ""https://a0.muscache.com/im/pictures/12557813/7a402eb7_original.jpg?aki_policy=large"", ""https://a0.muscache.com/im/pictures/12557824/53718650_original.jpg?aki_policy=large"", ""https://a0.muscache.com/im/pictures/12557828/b063765c_original.jpg?aki_policy=large"", ""https://a0.muscache.com/im/pictures/12557835/6f9916d7_original.jpg?aki_policy=large"", ""https://a0.muscache.com/im/pictures/12557840/2fd6b22e_original.jpg?aki_policy=large"", ""https://a0.muscache.com/im/pictures/12557848/a004d70a_original.jpg?aki_policy=large"", ""https://a0.muscache.com/im/pictures/12557866/30f522cd_original.jpg?aki_policy=large"", ""https://a0.muscache.com/im/pictures/12557874/0879e83a_original.jpg?aki_policy=large"", ""https://a0.muscache.com/im/pictures/12557881/34c948e0_original.jpg?aki_policy=large"", ""https://a0.muscache.com/im/pictures/12557898/9f5da968_original.jpg?aki_policy=large"", ""https://a0.muscache.com/im/pictures/12557926/028737fb_original.jpg?aki_policy=large""]";"{""beds"": 1, ""bedrooms"": 1, ""bathrooms"": 1.0, ""amenity_ids"": [1, 33, 2, 3, 35, 4, 38, 8, 40, 43, 44, 45, 46, 47, 21, 28, 30, 31], ""is_rebookable"": false, ""is_new_listing"": false, ""is_fully_refundable"": true, ""is_host_highly_rated"": true, ""is_business_travel_ready"": false}";"{""weekly_factor"": 0.9, ""monthly_factor"": 0.85}";1311;"";"{""is_superhost"": false}"
892158;Bel appt au coeur de Paris Marais;entire_home;Paris;Le Marais;48.8598844627;2.35397616295;6;"[""https://a0.muscache.com/im/pictures/13714715/4f935380_original.jpg?aki_policy=large"", ""https://a0.muscache.com/im/pictures/13714893/b7d053ab_original.jpg?aki_policy=large"", ""https://a0.muscache.com/im/pictures/9fb50c00-d3cd-43e6-81b3-79a8275b1d84.jpg?aki_policy=large"", ""https://a0.muscache.com/im/pictures/58945172/821e9650_original.jpg?aki_policy=large"", ""https://a0.muscache.com/im/pictures/e9f362eb-9a38-4e09-8810-accd414862fa.jpg?aki_policy=large"", ""https://a0.muscache.com/im/pictures/13715231/be27f0e8_original.jpg?aki_policy=large"", ""https://a0.muscache.com/im/pictures/ce245436-9a03-4f09-af27-2198c0a3ac9b.jpg?aki_policy=large"", ""https://a0.muscache.com/im/pictures/13714372/23b32527_original.jpg?aki_policy=large"", ""https://a0.muscache.com/im/pictures/31547660/c472f304_original.jpg?aki_policy=large"", ""https://a0.muscache.com/im/pictures/3ecca4eb-0c53-4837-b12d-d2361863f0cb.jpg?aki_policy=large"", ""https://a0.muscache.com/im/pictures/58244002/81221c5d_original.jpg?aki_policy=large"", ""https://a0.muscache.com/im/pictures/58248588/5bd28f30_original.jpg?aki_policy=large"", ""https://a0.muscache.com/im/pictures/58248617/cf2c64b4_original.jpg?aki_policy=large"", ""https://a0.muscache.com/im/pictures/58248657/5d68bc23_original.jpg?aki_policy=large"", ""https://a0.muscache.com/im/pictures/58248883/f31d3458_original.jpg?aki_policy=large"", ""https://a0.muscache.com/im/pictures/58248956/367d521b_original.jpg?aki_policy=large"", ""https://a0.muscache.com/im/pictures/58249010/bfc7b211_original.jpg?aki_policy=large"", ""https://a0.muscache.com/im/pictures/13413573/d673cbdf_original.jpg?aki_policy=large"", ""https://a0.muscache.com/im/pictures/ce9c3598-ac2f-4d7d-913d-ed3dfdbaa6f4.jpg?aki_policy=large"", ""https://a0.muscache.com/im/pictures/4419c3af-2ed4-4202-aebf-9b923fb3beb3.jpg?aki_policy=large""]";"{""beds"": 3, ""bedrooms"": 2, ""bathrooms"": 1.0, ""amenity_ids"": [1, 33, 34, 3, 4, 8, 40, 41, 12, 45, 21, 30, 31], ""is_rebookable"": false, ""is_new_listing"": false, ""is_fully_refundable"": true, ""is_host_highly_rated"": false, ""is_business_travel_ready"": false}";"{""weekly_factor"": 1.0, ""monthly_factor"": 0.82}";876;"";"{""is_superhost"": true}"
907739;Canal Saint Martin - 64m2 - Balcon;entire_home;Paris;République;48.8716682929;2.36294590142;4;"[""https://a0.muscache.com/im/pictures/6d29d603-3414-4d13-a04f-2cacc6c8516c.jpg?aki_policy=large"", ""https://a0.muscache.com/im/pictures/c2319698-40bd-4827-a6f7-803f416daee1.jpg?aki_policy=large"", ""https://a0.muscache.com/im/pictures/7c466c81-9c9a-47d2-951a-beb889498c18.jpg?aki_policy=large"", ""https://a0.muscache.com/im/pictures/601c2383-8176-42c0-a3c5-f558fb9db251.jpg?aki_policy=large"", ""https://a0.muscache.com/im/pictures/fd8f6f3f-7ea4-45e6-aaff-cd07071cf4ee.jpg?aki_policy=large"", ""https://a0.muscache.com/im/pictures/603d57b7-aa1c-4e39-af19-b4e6c2fd8017.jpg?aki_policy=large"", ""https://a0.muscache.com/im/pictures/34fb8f75-7b1c-4695-b854-f464e314ff84.jpg?aki_policy=large"", ""https://a0.muscache.com/im/pictures/e188fc05-156a-4a6f-a3e0-2b4a316b1771.jpg?aki_policy=large"", ""https://a0.muscache.com/im/pictures/232b131d-ccba-4fb4-b710-29f7ad0ec4c1.jpg?aki_policy=large"", ""https://a0.muscache.com/im/pictures/c2dea9fd-acc4-4cfd-ac4f-6024bcc049fd.jpg?aki_policy=large"", ""https://a0.muscache.com/im/pictures/40485974/530ead2f_original.jpg?aki_policy=large"", ""https://a0.muscache.com/im/pictures/48820595/30e9035a_original.jpg?aki_policy=large"", ""https://a0.muscache.com/im/pictures/f7f031c2-bab4-4ee5-bb65-316462ff7c6c.jpg?aki_policy=large"", ""https://a0.muscache.com/im/pictures/2e794c31-aecd-4cb4-af41-1e1b335866df.jpg?aki_policy=large"", ""https://a0.muscache.com/im/pictures/e1819373-1db6-41f4-8ef5-9f54bf9a5a65.jpg?aki_policy=large"", ""https://a0.muscache.com/im/pictures/dfdfd673-5ed4-4195-a4e3-d13926593b35.jpg?aki_policy=large"", ""https://a0.muscache.com/im/pictures/1fddd1c4-918f-4bd8-8692-dc849d60114e.jpg?aki_policy=large"", ""https://a0.muscache.com/im/pictures/520d7921-246f-4052-8411-5d4c4971796d.jpg?aki_policy=large"", ""https://a0.muscache.com/im/pictures/13251506/ef431364_original.jpg?aki_policy=large"", ""https://a0.muscache.com/im/pictures/0da5f647-85e5-4fca-943e-576219d521f3.jpg?aki_policy=large"", ""https://a0.muscache.com/im/pictures/d5a30d5c-82fb-4312-9b94-d85a53494543.jpg?aki_policy=large"", ""https://a0.muscache.com/im/pictures/59b9df7b-8d01-4dd3-aae1-58c0a5623d57.jpg?aki_policy=large"", ""https://a0.muscache.com/im/pictures/ab2d9e59-27c0-4541-a2ca-54959328963d.jpg?aki_policy=large"", ""https://a0.muscache.com/im/pictures/13251485/545063fd_original.jpg?aki_policy=large"", ""https://a0.muscache.com/im/pictures/90802378/2ef2ad2d_original.jpg?aki_policy=large"", ""https://a0.muscache.com/im/pictures/90889797/17e1d2be_original.jpg?aki_policy=large"", ""https://a0.muscache.com/im/pictures/3ed6e43b-dcb1-48b3-8e7c-fccbf6652fb9.jpg?aki_policy=large"", ""https://a0.muscache.com/im/pictures/13494130/19ecf5ce_original.jpg?aki_policy=large"", ""https://a0.muscache.com/im/pictures/13494010/4274f302_original.jpg?aki_policy=large"", ""https://a0.muscache.com/im/pictures/13494075/0f9a1c9a_original.jpg?aki_policy=large""]";"{""beds"": 1, ""bedrooms"": 1, ""bathrooms"": 1.0, ""amenity_ids"": [1, 33, 2, 3, 35, 4, 8, 40, 44, 45, 46, 47, 21, 28, 30], ""is_rebookable"": false, ""is_new_listing"": false, ""is_fully_refundable"": true, ""is_host_highly_rated"": true, ""is_business_travel_ready"": false}";"{""weekly_factor"": 1.0, ""monthly_factor"": 0.85}";5288;"";"{""is_superhost"": true}"
916839;studio center of Paris - 2 people;entire_home;Paris;Palais Royal;48.8669004439;2.33610557883;2;"[""https://a0.muscache.com/im/pictures/45239583/f4fd873f_original.jpg?aki_policy=large"", ""https://a0.muscache.com/im/pictures/45239827/ece22dd1_original.jpg?aki_policy=large"", ""https://a0.muscache.com/im/pictures/45240077/3ed92299_original.jpg?aki_policy=large"", ""https://a0.muscache.com/im/pictures/45240205/338a1583_original.jpg?aki_policy=large"", ""https://a0.muscache.com/im/pictures/45240308/0871a896_original.jpg?aki_policy=large""]";"{""beds"": 1, ""bedrooms"": 1, ""bathrooms"": 1.0, ""amenity_ids"": [1, 4, 21, 8, 30], ""is_rebookable"": false, ""is_new_listing"": false, ""is_fully_refundable"": true, ""is_host_highly_rated"": false, ""is_business_travel_ready"": false}";"{""weekly_factor"": 0.92, ""monthly_factor"": 0.9}";7649;"";"{""is_superhost"": false}"
932668;Ile-Saint-Louis...The best of Paris;entire_home;Paris;Saint-Paul - Ile Saint-Louis;48.8519493659;2.35769719987;2;"[""https://a0.muscache.com/im/pictures/67645841/bdef478a_original.jpg?aki_policy=large"", ""https://a0.muscache.com/im/pictures/67629324/dab0e23e_original.jpg?aki_policy=large"", ""https://a0.muscache.com/im/pictures/67704405/e83a208a_original.jpg?aki_policy=large"", ""https://a0.muscache.com/im/pictures/67631878/962887a2_original.jpg?aki_policy=large"", ""https://a0.muscache.com/im/pictures/67632489/eda9c1bc_original.jpg?aki_policy=large"", ""https://a0.muscache.com/im/pictures/67633149/dc602f3a_original.jpg?aki_policy=large"", ""https://a0.muscache.com/im/pictures/67633789/2140897d_original.jpg?aki_policy=large"", ""https://a0.muscache.com/im/pictures/67634557/3f951c43_original.jpg?aki_policy=large"", ""https://a0.muscache.com/im/pictures/67635309/83737752_original.jpg?aki_policy=large"", ""https://a0.muscache.com/im/pictures/67646488/20a19b31_original.jpg?aki_policy=large"", ""https://a0.muscache.com/im/pictures/67647843/e1de6f5a_original.jpg?aki_policy=large"", ""https://a0.muscache.com/im/pictures/67649496/b333611b_original.jpg?aki_policy=large"", ""https://a0.muscache.com/im/pictures/67686765/37b4c988_original.jpg?aki_policy=large"", ""https://a0.muscache.com/im/pictures/67687494/5714deaf_original.jpg?aki_policy=large"", ""https://a0.muscache.com/im/pictures/67688683/523d88f1_original.jpg?aki_policy=large"", ""https://a0.muscache.com/im/pictures/67689355/ac1712ec_original.jpg?aki_policy=large"", ""https://a0.muscache.com/im/pictures/67689872/eeadf144_original.jpg?aki_policy=large"", ""https://a0.muscache.com/im/pictures/67705010/aea3790e_original.jpg?aki_policy=large"", ""https://a0.muscache.com/im/pictures/67705330/1cb8e6a1_original.jpg?aki_policy=large"", ""https://a0.muscache.com/im/pictures/67709800/b358dfbe_original.jpg?aki_policy=large"", ""https://a0.muscache.com/im/pictures/67710147/32fc0b57_original.jpg?aki_policy=large"", ""https://a0.muscache.com/im/pictures/13737481/d5737be7_original.jpg?aki_policy=large"", ""https://a0.muscache.com/im/pictures/13737496/56c8b4d6_original.jpg?aki_policy=large"", ""https://a0.muscache.com/im/pictures/13737508/9dabb972_original.jpg?aki_policy=large"", ""https://a0.muscache.com/im/pictures/13737512/068df32c_original.jpg?aki_policy=large"", ""https://a0.muscache.com/im/pictures/13737515/9894d03b_original.jpg?aki_policy=large"", ""https://a0.muscache.com/im/pictures/13737540/f88a373a_original.jpg?aki_policy=large"", ""https://a0.muscache.com/im/pictures/69382672/ca160198_original.jpg?aki_policy=large""]";"{""beds"": 1, ""bedrooms"": 1, ""bathrooms"": 1.5, ""amenity_ids"": [1, 33, 2, 3, 4, 8, 40, 11, 43, 45, 14, 46, 47, 16, 21, 30], ""is_rebookable"": false, ""is_new_listing"": false, ""is_fully_refundable"": true, ""is_host_highly_rated"": true, ""is_business_travel_ready"": false}";"{""weekly_factor"": 1.0, ""monthly_factor"": 1.0}";1989;"";"{""is_superhost"": true}"
985898;Sunny Bright Big and Safe near Bastille/Marias!;private_room;Paris;Saint-Paul - Ile Saint-Louis;48.8525536114;2.36478201803;2;"[""https://a0.muscache.com/im/pictures/27108953/c8be9544_original.jpg?aki_policy=large"", ""https://a0.muscache.com/im/pictures/27108709/3e788c08_original.jpg?aki_policy=large"", ""https://a0.muscache.com/im/pictures/27108734/020e5b04_original.jpg?aki_policy=large"", ""https://a0.muscache.com/im/pictures/27108688/71216936_original.jpg?aki_policy=large"", ""https://a0.muscache.com/im/pictures/27108757/a87f44e2_original.jpg?aki_policy=large"", ""https://a0.muscache.com/im/pictures/27108781/758a22da_original.jpg?aki_policy=large"", ""https://a0.muscache.com/im/pictures/27108770/0e494285_original.jpg?aki_policy=large"", ""https://a0.muscache.com/im/pictures/27108674/59da5470_original.jpg?aki_policy=large"", ""https://a0.muscache.com/im/pictures/27108795/8834b5b8_original.jpg?aki_policy=large"", ""https://a0.muscache.com/im/pictures/27108817/7559a194_original.jpg?aki_policy=large"", ""https://a0.muscache.com/im/pictures/14868984/10b1823a_original.jpg?aki_policy=large"", ""https://a0.muscache.com/im/pictures/27108820/a3b4aa7f_original.jpg?aki_policy=large"", ""https://a0.muscache.com/im/pictures/27108856/7a8e6103_original.jpg?aki_policy=large"", ""https://a0.muscache.com/im/pictures/27108862/121aea1b_original.jpg?aki_policy=large"", ""https://a0.muscache.com/im/pictures/27108969/505033c7_original.jpg?aki_policy=large"", ""https://a0.muscache.com/im/pictures/27109008/d472efd5_original.jpg?aki_policy=large"", ""https://a0.muscache.com/im/pictures/27108890/364bdecd_original.jpg?aki_policy=large"", ""https://a0.muscache.com/im/pictures/27108906/476ac933_original.jpg?aki_policy=large"", ""https://a0.muscache.com/im/pictures/27108926/76e8684e_original.jpg?aki_policy=large"", ""https://a0.muscache.com/im/pictures/27108870/47c9c303_original.jpg?aki_policy=large"", ""https://a0.muscache.com/im/pictures/27108877/9ceb7c99_original.jpg?aki_policy=large"", ""https://a0.muscache.com/im/pictures/27108882/d35fe90c_original.jpg?aki_policy=large"", ""https://a0.muscache.com/im/pictures/14781564/e5b0cd15_original.jpg?aki_policy=large"", ""https://a0.muscache.com/im/pictures/14781553/590787b0_original.jpg?aki_policy=large"", ""https://a0.muscache.com/im/pictures/14781550/15a5d4d3_original.jpg?aki_policy=large"", ""https://a0.muscache.com/im/pictures/14781558/4d340676_original.jpg?aki_policy=large""]";"{""beds"": 2, ""bedrooms"": 1, ""bathrooms"": 1.5, ""amenity_ids"": [1, 33, 2, 3, 4, 8, 40, 41, 10, 43, 12, 44, 45, 77, 46, 47, 51, 85, 54, 57, 61, 30, 31], ""is_rebookable"": false, ""is_new_listing"": false, ""is_fully_refundable"": true, ""is_host_highly_rated"": false, ""is_business_travel_ready"": false}";"{""weekly_factor"": 1.0, ""monthly_factor"": 1.0}";572;"";"{""is_superhost"": false}"
993592;Eiffel Quai de Seine;entire_home;Paris;Commerce - Dupleix;48.8463052773;2.27952342992;6;"[""https://a0.muscache.com/im/pictures/14910034/c40e95bd_original.jpg?aki_policy=large"", ""https://a0.muscache.com/im/pictures/14910038/2f899fc7_original.jpg?aki_policy=large"", ""https://a0.muscache.com/im/pictures/14910037/941d0e62_original.jpg?aki_policy=large"", ""https://a0.muscache.com/im/pictures/14910053/72736475_original.jpg?aki_policy=large"", ""https://a0.muscache.com/im/pictures/14910048/c121a018_original.jpg?aki_policy=large"", ""https://a0.muscache.com/im/pictures/001cf3dc-4bc8-4f35-8726-e0273e31ac5f.jpg?aki_policy=large"", ""https://a0.muscache.com/im/pictures/14910057/fb6b893a_original.jpg?aki_policy=large"", ""https://a0.muscache.com/im/pictures/14910041/b5478242_original.jpg?aki_policy=large"", ""https://a0.muscache.com/im/pictures/14910042/9382fa8f_original.jpg?aki_policy=large"", ""https://a0.muscache.com/im/pictures/14910011/38f1363f_original.jpg?aki_policy=large"", ""https://a0.muscache.com/im/pictures/14910015/b5e6d8c7_original.jpg?aki_policy=large"", ""https://a0.muscache.com/im/pictures/14910013/5d2ac322_original.jpg?aki_policy=large"", ""https://a0.muscache.com/im/pictures/14910020/154da7d4_original.jpg?aki_policy=large"", ""https://a0.muscache.com/im/pictures/14910023/1d422869_original.jpg?aki_policy=large"", ""https://a0.muscache.com/im/pictures/14910026/ce7e2f9a_original.jpg?aki_policy=large"", ""https://a0.muscache.com/im/pictures/14910027/3a7193f6_original.jpg?aki_policy=large"", ""https://a0.muscache.com/im/pictures/14910056/8d61010e_original.jpg?aki_policy=large"", ""https://a0.muscache.com/im/pictures/14910029/4b2dd255_original.jpg?aki_policy=large"", ""https://a0.muscache.com/im/pictures/14910036/d2015621_original.jpg?aki_policy=large"", ""https://a0.muscache.com/im/pictures/14910031/59536214_original.jpg?aki_policy=large"", ""https://a0.muscache.com/im/pictures/14910033/43068d1f_original.jpg?aki_policy=large"", ""https://a0.muscache.com/im/pictures/14910032/56717cc3_original.jpg?aki_policy=large"", ""https://a0.muscache.com/im/pictures/14910051/6b7079fe_original.jpg?aki_policy=large"", ""https://a0.muscache.com/im/pictures/14910044/454884d6_original.jpg?aki_policy=large"", ""https://a0.muscache.com/im/pictures/14910046/223e349f_original.jpg?aki_policy=large"", ""https://a0.muscache.com/im/pictures/14910050/51aeb406_original.jpg?aki_policy=large"", ""https://a0.muscache.com/im/pictures/14910061/b65adfa1_original.jpg?aki_policy=large"", ""https://a0.muscache.com/im/pictures/14910065/8f5c3ef6_original.jpg?aki_policy=large"", ""https://a0.muscache.com/im/pictures/a5480668-4689-4e1a-bc0a-2117cda70eed.jpg?aki_policy=large""]";"{""beds"": 4, ""bedrooms"": 2, ""bathrooms"": 2.0, ""amenity_ids"": [1, 2, 3, 4, 6, 8, 9, 77, 21, 85, 86, 89, 90, 91, 28, 92, 93, 30, 94, 31, 95, 32, 96, 33, 34, 35, 40, 41, 44, 45, 46, 47], ""is_rebookable"": false, ""is_new_listing"": true, ""is_fully_refundable"": true, ""is_host_highly_rated"": true, ""is_business_travel_ready"": false}";"{""weekly_factor"": 1.0, ""monthly_factor"": 1.0}";2348;"";"{""is_superhost"": false}"
994435;MARAIS 15th-Century 4-bed, 4.5 bath;entire_home;Paris;Le Marais;48.8588839168;2.35444195917;8;"[""https://a0.muscache.com/im/pictures/14922779/6d81a3bd_original.jpg?aki_policy=large"", ""https://a0.muscache.com/im/pictures/14922822/06a2ebf0_original.jpg?aki_policy=large"", ""https://a0.muscache.com/im/pictures/14922927/b3d2673f_original.jpg?aki_policy=large"", ""https://a0.muscache.com/im/pictures/14922936/2c3e2622_original.jpg?aki_policy=large"", ""https://a0.muscache.com/im/pictures/14922976/ce95d490_original.jpg?aki_policy=large"", ""https://a0.muscache.com/im/pictures/14923270/fc68984a_original.jpg?aki_policy=large"", ""https://a0.muscache.com/im/pictures/14923324/2a97b9ae_original.jpg?aki_policy=large"", ""https://a0.muscache.com/im/pictures/14923349/a2d2d9ed_original.jpg?aki_policy=large"", ""https://a0.muscache.com/im/pictures/14923427/9b85066e_original.jpg?aki_policy=large"", ""https://a0.muscache.com/im/pictures/14924843/c2a0a1c6_original.jpg?aki_policy=large"", ""https://a0.muscache.com/im/pictures/14923476/09e5a3fa_original.jpg?aki_policy=large"", ""https://a0.muscache.com/im/pictures/14934639/40cf1eb8_original.jpg?aki_policy=large"", ""https://a0.muscache.com/im/pictures/14923540/ff9cbdcd_original.jpg?aki_policy=large"", ""https://a0.muscache.com/im/pictures/14923568/c6c034ee_original.jpg?aki_policy=large"", ""https://a0.muscache.com/im/pictures/14923585/dae64f8b_original.jpg?aki_policy=large"", ""https://a0.muscache.com/im/pictures/1d69e566-5ec7-4df2-bb32-c51121c392dd.jpg?aki_policy=large""]";"{""beds"": 4, ""bedrooms"": 4, ""bathrooms"": 4.5, ""amenity_ids"": [96, 1, 33, 2, 34, 3, 4, 103, 8, 104, 107, 90, 27, 91, 28, 92, 93, 30, 94, 31, 95], ""is_rebookable"": false, ""is_new_listing"": false, ""is_fully_refundable"": true, ""is_host_highly_rated"": true, ""is_business_travel_ready"": false}";"{""weekly_factor"": 0.9, ""monthly_factor"": 0.7}";3796;"";"{""is_superhost"": false}"
28751412;Malesherbes Monceau Monsen;entire_home;Paris;Monceau;48.8809227893;2.31456848516;2;"[""https://a0.muscache.com/im/pictures/bcbc1d93-cfe1-4b62-98da-fe0f61022593.jpg?aki_policy=large""]";"{""beds"": 1, ""bedrooms"": 0, ""bathrooms"": 1.0, ""amenity_ids"": [1, 33, 35, 4, 36, 37, 39, 8, 40, 77, 46, 21, 57, 30], ""is_rebookable"": false, ""is_new_listing"": true, ""is_fully_refundable"": true, ""is_host_highly_rated"": false, ""is_business_travel_ready"": false}";"{""weekly_factor"": 1.0, ""monthly_factor"": 1.0}";6888;"";"{""is_superhost"": false}"
1008724;Joli appartement  Paris-Bastille-Aligre;entire_home;Paris;Bastille;48.852936603;2.37971393697;4;"[""https://a0.muscache.com/im/pictures/361b9b4e-e116-474a-b03a-27d00ea7f4f1.jpg?aki_policy=large"", ""https://a0.muscache.com/im/pictures/4910958b-6bb1-42a9-bedd-ba76a7ca2d8c.jpg?aki_policy=large"", ""https://a0.muscache.com/im/pictures/15902386/773543c7_original.jpg?aki_policy=large"", ""https://a0.muscache.com/im/pictures/15159384/fccbebc6_original.jpg?aki_policy=large"", ""https://a0.muscache.com/im/pictures/32929380-46f3-4f79-b3fd-ffd5daf147c4.jpg?aki_policy=large"", ""https://a0.muscache.com/im/pictures/5535b50c-89ab-4428-9943-33a0b713d281.jpg?aki_policy=large"", ""https://a0.muscache.com/im/pictures/c7a68375-c350-4c67-9615-d41b3ed511af.jpg?aki_policy=large"", ""https://a0.muscache.com/im/pictures/34081320/218dc884_original.jpg?aki_policy=large"", ""https://a0.muscache.com/im/pictures/10396af8-7ca1-44b7-9ee6-8b4dc7f71251.jpg?aki_policy=large"", ""https://a0.muscache.com/im/pictures/a363f9c6-8b20-4ea7-a386-4ed37e670ba7.jpg?aki_policy=large"", ""https://a0.muscache.com/im/pictures/33916940/34a369a2_original.jpg?aki_policy=large"", ""https://a0.muscache.com/im/pictures/33916975/bdf80ce3_original.jpg?aki_policy=large"", ""https://a0.muscache.com/im/pictures/33917009/4becef0b_original.jpg?aki_policy=large"", ""https://a0.muscache.com/im/pictures/33917071/8dd028c2_original.jpg?aki_policy=large"", ""https://a0.muscache.com/im/pictures/33917084/838efbef_original.jpg?aki_policy=large"", ""https://a0.muscache.com/im/pictures/33917117/cf2cd68b_original.jpg?aki_policy=large""]";"{""beds"": 2, ""bedrooms"": 2, ""bathrooms"": 1.0, ""amenity_ids"": [33, 2, 3, 35, 4, 8, 40, 28, 30, 31], ""is_rebookable"": false, ""is_new_listing"": false, ""is_fully_refundable"": true, ""is_host_highly_rated"": true, ""is_business_travel_ready"": false}";"{""weekly_factor"": 1.0, ""monthly_factor"": 0.75}";5469;"";"{""is_superhost"": false}"
1031007;Sorbonne Notre Dame idéal avec enfants;entire_home;Paris;"";48.848486854;2.35005541488;5;"[""https://a0.muscache.com/im/pictures/16143898/bfb0d6a1_original.jpg?aki_policy=large"", ""https://a0.muscache.com/im/pictures/16143892/7bb21871_original.jpg?aki_policy=large"", ""https://a0.muscache.com/im/pictures/16143877/3f4d948c_original.jpg?aki_policy=large"", ""https://a0.muscache.com/im/pictures/16143874/d86aaddf_original.jpg?aki_policy=large"", ""https://a0.muscache.com/im/pictures/16143840/4b099a52_original.jpg?aki_policy=large"", ""https://a0.muscache.com/im/pictures/16143851/d2eb0d86_original.jpg?aki_policy=large"", ""https://a0.muscache.com/im/pictures/16143867/0516805c_original.jpg?aki_policy=large"", ""https://a0.muscache.com/im/pictures/16143866/b60d24ae_original.jpg?aki_policy=large"", ""https://a0.muscache.com/im/pictures/a2a61641-3e13-4f87-81ad-83c5af9996e2.jpg?aki_policy=large"", ""https://a0.muscache.com/im/pictures/77bbbdc0-aca9-4fe5-b034-da5aebf6cfd7.jpg?aki_policy=large"", ""https://a0.muscache.com/im/pictures/16144103/30515970_original.jpg?aki_policy=large"", ""https://a0.muscache.com/im/pictures/16144116/9d5d20a9_original.jpg?aki_policy=large"", ""https://a0.muscache.com/im/pictures/16144139/71bb03d8_original.jpg?aki_policy=large"", ""https://a0.muscache.com/im/pictures/c2872d7d-a12a-44f8-a0f7-ddee40f9970f.jpg?aki_policy=large"", ""https://a0.muscache.com/im/pictures/16144153/cb4a4700_original.jpg?aki_policy=large""]";"{""beds"": 5, ""bedrooms"": 2, ""bathrooms"": 1.5, ""amenity_ids"": [1, 33, 2, 34, 3, 4, 21, 8, 40, 14, 30, 31], ""is_rebookable"": false, ""is_new_listing"": false, ""is_fully_refundable"": true, ""is_host_highly_rated"": false, ""is_business_travel_ready"": false}";"{""weekly_factor"": 1.0, ""monthly_factor"": 1.0}";3990;"";"{""is_superhost"": false}"
1038815;VUE PANORAMIQUE SUR  PARIS;entire_home;Paris;Bastille;48.8606572168;2.37307960821;4;"[""https://a0.muscache.com/im/pictures/16464279/d70971f9_original.jpg?aki_policy=large"", ""https://a0.muscache.com/im/pictures/16236897/3257f542_original.jpg?aki_policy=large"", ""https://a0.muscache.com/im/pictures/35534a57-5b6d-4d40-80bb-1cefc19d987f.jpg?aki_policy=large"", ""https://a0.muscache.com/im/pictures/f98ac304-0e72-4077-8699-362d6f52f67f.jpg?aki_policy=large"", ""https://a0.muscache.com/im/pictures/6d85c67b-2fd5-4f64-8dcd-c3ec25fc235f.jpg?aki_policy=large"", ""https://a0.muscache.com/im/pictures/c5e1a73b-0534-420a-b65a-4ceaa52a65c7.jpg?aki_policy=large"", ""https://a0.muscache.com/im/pictures/e3d6084c-d0fb-4288-abea-e47386e53247.jpg?aki_policy=large"", ""https://a0.muscache.com/im/pictures/9ae0f0c7-59a0-4904-b1e3-7b357e3e8e06.jpg?aki_policy=large"", ""https://a0.muscache.com/im/pictures/10d28acf-5e77-4b9b-931a-dae78a6bde37.jpg?aki_policy=large"", ""https://a0.muscache.com/im/pictures/ebb2a8a9-1556-4eca-a678-e60fd99f7dd7.jpg?aki_policy=large"", ""https://a0.muscache.com/im/pictures/28315341-6e2d-4e47-a694-7dafcd43204c.jpg?aki_policy=large"", ""https://a0.muscache.com/im/pictures/670ca73d-bbe2-43fe-adb2-fcb5797b79d4.jpg?aki_policy=large"", ""https://a0.muscache.com/im/pictures/298e2a17-3984-4275-a1ed-919b3d64c995.jpg?aki_policy=large"", ""https://a0.muscache.com/im/pictures/7ae33678-10bc-4fbb-bdc5-38c32db38600.jpg?aki_policy=large"", ""https://a0.muscache.com/im/pictures/9fda15b6-a700-493a-9ee3-4689541dd545.jpg?aki_policy=large"", ""https://a0.muscache.com/im/pictures/1896fdeb-220c-4ce0-b23b-012ccd1e44f8.jpg?aki_policy=large"", ""https://a0.muscache.com/im/pictures/03cfe434-156e-46d6-8621-9963223e81c0.jpg?aki_policy=large"", ""https://a0.muscache.com/im/pictures/2bea1e47-3108-4696-87ea-936e19dcb10a.jpg?aki_policy=large"", ""https://a0.muscache.com/im/pictures/9bc76401-9c24-4eb4-8c7f-f0c193ca2e01.jpg?aki_policy=large"", ""https://a0.muscache.com/im/pictures/1a1589fe-2e3a-48e0-ac38-8fc000c9efe9.jpg?aki_policy=large"", ""https://a0.muscache.com/im/pictures/8f674f98-7ef2-4bad-9179-76f78e502977.jpg?aki_policy=large"", ""https://a0.muscache.com/im/pictures/e497933b-3afd-4160-8315-aed2cef90646.jpg?aki_policy=large"", ""https://a0.muscache.com/im/pictures/e85d188a-5805-4f40-bbe9-25c17e44516e.jpg?aki_policy=large"", ""https://a0.muscache.com/im/pictures/5aa9a1e5-9012-4415-8d90-60b1cf751cd9.jpg?aki_policy=large"", ""https://a0.muscache.com/im/pictures/16236840/3f466a85_original.jpg?aki_policy=large"", ""https://a0.muscache.com/im/pictures/16236859/f297a600_original.jpg?aki_policy=large"", ""https://a0.muscache.com/im/pictures/16236854/5dc0a712_original.jpg?aki_policy=large"", ""https://a0.muscache.com/im/pictures/16236886/a1554067_original.jpg?aki_policy=large"", ""https://a0.muscache.com/im/pictures/16236906/ecc8a480_original.jpg?aki_policy=large"", ""https://a0.muscache.com/im/pictures/16237088/91f4a9c6_original.jpg?aki_policy=large""]";"{""beds"": 2, ""bedrooms"": 2, ""bathrooms"": 2.0, ""amenity_ids"": [1, 129, 2, 3, 4, 6, 8, 77, 21, 85, 86, 87, 89, 90, 91, 28, 92, 93, 30, 94, 95, 96, 33, 34, 35, 36, 100, 40, 104, 41, 44, 45, 46, 47, 49, 50], ""is_rebookable"": false, ""is_new_listing"": false, ""is_fully_refundable"": true, ""is_host_highly_rated"": true, ""is_business_travel_ready"": false}";"{""weekly_factor"": 1.0, ""monthly_factor"": 0.75}";5204;"";"{""is_superhost"": false}"
1048793;Appartement 2 pièces Paris 20ième;entire_home;Paris;Buttes-Chaumont - Belleville;48.8734626432;2.39672840406;2;"[""https://a0.muscache.com/im/pictures/15770937/1a3cb00a_original.jpg?aki_policy=large"", ""https://a0.muscache.com/im/pictures/15770892/369ef283_original.jpg?aki_policy=large"", ""https://a0.muscache.com/im/pictures/15771000/da45d4c6_original.jpg?aki_policy=large"", ""https://a0.muscache.com/im/pictures/18121398/38db4b06_original.jpg?aki_policy=large"", ""https://a0.muscache.com/im/pictures/15770977/261a420f_original.jpg?aki_policy=large""]";"{""beds"": 1, ""bedrooms"": 1, ""bathrooms"": 1.0, ""amenity_ids"": [1, 33, 2, 3, 4, 8, 40, 41, 43, 44, 45, 46, 30, 31], ""is_rebookable"": false, ""is_new_listing"": false, ""is_fully_refundable"": true, ""is_host_highly_rated"": true, ""is_business_travel_ready"": false}";"{""weekly_factor"": 0.971014, ""monthly_factor"": 0.82764}";7802;"";"{""is_superhost"": true}"
1055073;Charmant et confortable 2-pièces;entire_home;Paris;Buttes-Chaumont - Belleville;48.8797817563;2.39044554135;4;"[""https://a0.muscache.com/im/pictures/16098831/9f35204e_original.jpg?aki_policy=large"", ""https://a0.muscache.com/im/pictures/16098861/e0599539_original.jpg?aki_policy=large"", ""https://a0.muscache.com/im/pictures/16098894/c6a4d99b_original.jpg?aki_policy=large"", ""https://a0.muscache.com/im/pictures/16098952/0addbeaf_original.jpg?aki_policy=large"", ""https://a0.muscache.com/im/pictures/16098995/c5f08b66_original.jpg?aki_policy=large"", ""https://a0.muscache.com/im/pictures/16099056/c158a72b_original.jpg?aki_policy=large"", ""https://a0.muscache.com/im/pictures/16099093/91747d98_original.jpg?aki_policy=large"", ""https://a0.muscache.com/im/pictures/16099143/781c5831_original.jpg?aki_policy=large"", ""https://a0.muscache.com/im/pictures/16099164/3c06cbca_original.jpg?aki_policy=large"", ""https://a0.muscache.com/im/pictures/16099188/3f957945_original.jpg?aki_policy=large"", ""https://a0.muscache.com/im/pictures/16099272/7cfb7444_original.jpg?aki_policy=large"", ""https://a0.muscache.com/im/pictures/16099316/54ac9df8_original.jpg?aki_policy=large"", ""https://a0.muscache.com/im/pictures/16099394/cf0d4378_original.jpg?aki_policy=large"", ""https://a0.muscache.com/im/pictures/16099456/5b3485ba_original.jpg?aki_policy=large"", ""https://a0.muscache.com/im/pictures/16099238/bdab0a38_original.jpg?aki_policy=large""]";"{""beds"": 1, ""bedrooms"": 1, ""bathrooms"": 1.0, ""amenity_ids"": [1, 49, 50, 4, 8, 41, 28, 44, 30], ""is_rebookable"": false, ""is_new_listing"": false, ""is_fully_refundable"": true, ""is_host_highly_rated"": false, ""is_business_travel_ready"": false}";"{""weekly_factor"": 0.97, ""monthly_factor"": 0.81}";908;"";"{""is_superhost"": false}"
1070274;Studio with Panoramic view of Paris;entire_home;Paris;Buttes-Chaumont - Belleville;48.8736075951;2.39597021907;3;"[""https://a0.muscache.com/im/pictures/16090139/c5e889d3_original.jpg?aki_policy=large"", ""https://a0.muscache.com/im/pictures/49204070/4db8cbd0_original.jpg?aki_policy=large"", ""https://a0.muscache.com/im/pictures/23392728/d96a7ecb_original.jpg?aki_policy=large"", ""https://a0.muscache.com/im/pictures/49202664/543eb407_original.jpg?aki_policy=large"", ""https://a0.muscache.com/im/pictures/49202596/8b1df007_original.jpg?aki_policy=large"", ""https://a0.muscache.com/im/pictures/49203421/2f354833_original.jpg?aki_policy=large"", ""https://a0.muscache.com/im/pictures/23392815/5e69b60e_original.jpg?aki_policy=large"", ""https://a0.muscache.com/im/pictures/16090259/c7a86d4f_original.jpg?aki_policy=large"", ""https://a0.muscache.com/im/pictures/16167047/966e8e82_original.jpg?aki_policy=large"", ""https://a0.muscache.com/im/pictures/49203630/4a5b5402_original.jpg?aki_policy=large"", ""https://a0.muscache.com/im/pictures/49203921/78b50975_original.jpg?aki_policy=large"", ""https://a0.muscache.com/im/pictures/23392686/d234316a_original.jpg?aki_policy=large"", ""https://a0.muscache.com/im/pictures/19829213/8ccee82a_original.jpg?aki_policy=large"", ""https://a0.muscache.com/im/pictures/16607505/1041dd4e_original.jpg?aki_policy=large"", ""https://a0.muscache.com/im/pictures/49204321/2ea6dd92_original.jpg?aki_policy=large"", ""https://a0.muscache.com/im/pictures/19829223/6d086a88_original.jpg?aki_policy=large"", ""https://a0.muscache.com/im/pictures/49203752/28c636ec_original.jpg?aki_policy=large"", ""https://a0.muscache.com/im/pictures/23392816/a7a6e82a_original.jpg?aki_policy=large"", ""https://a0.muscache.com/im/pictures/49204907/df472f38_original.jpg?aki_policy=large"", ""https://a0.muscache.com/im/pictures/23392747/7eff801e_original.jpg?aki_policy=large"", ""https://a0.muscache.com/im/pictures/49204601/df0ad7cb_original.jpg?aki_policy=large"", ""https://a0.muscache.com/im/pictures/49204771/458b9102_original.jpg?aki_policy=large"", ""https://a0.muscache.com/im/pictures/49204215/9a876370_original.jpg?aki_policy=large"", ""https://a0.muscache.com/im/pictures/49204434/e9c94a69_original.jpg?aki_policy=large"", ""https://a0.muscache.com/im/pictures/16155371/f5e5de4f_original.jpg?aki_policy=large"", ""https://a0.muscache.com/im/pictures/16155485/48656a8e_original.jpg?aki_policy=large"", ""https://a0.muscache.com/im/pictures/16177863/10db7f68_original.jpg?aki_policy=large"", ""https://a0.muscache.com/im/pictures/16177952/d3a8ebb5_original.jpg?aki_policy=large""]";"{""beds"": 1, ""bedrooms"": 1, ""bathrooms"": 1.0, ""amenity_ids"": [64, 1, 129, 2, 66, 3, 4, 6, 71, 8, 72, 9, 11, 77, 21, 28, 30, 31, 33, 34, 35, 36, 37, 40, 41, 43, 44, 45, 46, 47, 62], ""is_rebookable"": false, ""is_new_listing"": false, ""is_fully_refundable"": true, ""is_host_highly_rated"": true, ""is_business_travel_ready"": false}";"{""weekly_factor"": 0.9, ""monthly_factor"": 0.85}";8031;"";"{""is_superhost"": true}"
1083545;Charmant -Marais - Hotel de Ville ;entire_home;Paris;"";48.86145056;2.35376411065;5;"[""https://a0.muscache.com/im/pictures/18513121/51cd45be_original.jpg?aki_policy=large"", ""https://a0.muscache.com/im/pictures/18512903/c7adf484_original.jpg?aki_policy=large"", ""https://a0.muscache.com/im/pictures/18512964/0424df72_original.jpg?aki_policy=large"", ""https://a0.muscache.com/im/pictures/18512967/8ff9ee9d_original.jpg?aki_policy=large"", ""https://a0.muscache.com/im/pictures/18513067/b4eb7f48_original.jpg?aki_policy=large"", ""https://a0.muscache.com/im/pictures/18512965/ba2193dd_original.jpg?aki_policy=large"", ""https://a0.muscache.com/im/pictures/18513064/576c7e4d_original.jpg?aki_policy=large"", ""https://a0.muscache.com/im/pictures/18513021/14075331_original.jpg?aki_policy=large"", ""https://a0.muscache.com/im/pictures/18513065/890c296d_original.jpg?aki_policy=large"", ""https://a0.muscache.com/im/pictures/18512966/79eb1a0d_original.jpg?aki_policy=large"", ""https://a0.muscache.com/im/pictures/18513087/4f4c916e_original.jpg?aki_policy=large"", ""https://a0.muscache.com/im/pictures/18513081/7f199606_original.jpg?aki_policy=large"", ""https://a0.muscache.com/im/pictures/18512948/bc4af8cc_original.jpg?aki_policy=large"", ""https://a0.muscache.com/im/pictures/18513009/2230f14e_original.jpg?aki_policy=large"", ""https://a0.muscache.com/im/pictures/18512947/28d1c916_original.jpg?aki_policy=large"", ""https://a0.muscache.com/im/pictures/18512850/867b8d8b_original.jpg?aki_policy=large"", ""https://a0.muscache.com/im/pictures/18513008/2080b263_original.jpg?aki_policy=large"", ""https://a0.muscache.com/im/pictures/18513037/4b6c8dbd_original.jpg?aki_policy=large"", ""https://a0.muscache.com/im/pictures/18513116/3697edca_original.jpg?aki_policy=large"", ""https://a0.muscache.com/im/pictures/18512980/a47e3f27_original.jpg?aki_policy=large"", ""https://a0.muscache.com/im/pictures/18513066/e5c4b4c8_original.jpg?aki_policy=large"", ""https://a0.muscache.com/im/pictures/18513016/10b5aba6_original.jpg?aki_policy=large"", ""https://a0.muscache.com/im/pictures/18513112/e1f91ba9_original.jpg?aki_policy=large"", ""https://a0.muscache.com/im/pictures/18513022/abb1a3cb_original.jpg?aki_policy=large"", ""https://a0.muscache.com/im/pictures/61006164/92af8c2c_original.jpg?aki_policy=large"", ""https://a0.muscache.com/im/pictures/61006182/f6ee8e3e_original.jpg?aki_policy=large"", ""https://a0.muscache.com/im/pictures/61006200/690ded0a_original.jpg?aki_policy=large""]";"{""beds"": 3, ""bedrooms"": 2, ""bathrooms"": 1.0, ""amenity_ids"": [1, 2, 3, 4, 8, 89, 90, 27, 91, 92, 30, 94, 31, 95, 33, 34, 35, 36, 40, 41, 44, 45, 46, 47, 51, 54], ""is_rebookable"": false, ""is_new_listing"": false, ""is_fully_refundable"": true, ""is_host_highly_rated"": true, ""is_business_travel_ready"": false}";"{""weekly_factor"": 1.0, ""monthly_factor"": 0.82}";1416;"";"{""is_superhost"": true}"
1085564;ARC DE TRIOMPHE-PTE MAILLOT 110m2;entire_home;Paris;Ternes;48.8804741046;2.29309286281;4;"[""https://a0.muscache.com/im/pictures/0e79fa38-eab5-4c52-be8d-6ade2fccdcc9.jpg?aki_policy=large"", ""https://a0.muscache.com/im/pictures/58289799/11da7508_original.jpg?aki_policy=large"", ""https://a0.muscache.com/im/pictures/58289843/ac3ff1f4_original.jpg?aki_policy=large"", ""https://a0.muscache.com/im/pictures/539d51d6-88ac-4a8c-a10f-5491ec5cc15c.jpg?aki_policy=large"", ""https://a0.muscache.com/im/pictures/58289865/3c3c36b8_original.jpg?aki_policy=large"", ""https://a0.muscache.com/im/pictures/24320256/f9aba986_original.jpg?aki_policy=large"", ""https://a0.muscache.com/im/pictures/19280814/e40c2f79_original.jpg?aki_policy=large"", ""https://a0.muscache.com/im/pictures/58289977/3ba29233_original.jpg?aki_policy=large"", ""https://a0.muscache.com/im/pictures/24320212/63404145_original.jpg?aki_policy=large"", ""https://a0.muscache.com/im/pictures/58289939/31aa7eaf_original.jpg?aki_policy=large"", ""https://a0.muscache.com/im/pictures/21d5d512-84ba-4b5b-951e-792500c058db.jpg?aki_policy=large"", ""https://a0.muscache.com/im/pictures/25643749/14573a9d_original.jpg?aki_policy=large"", ""https://a0.muscache.com/im/pictures/21909621/0ed3bb8b_original.jpg?aki_policy=large"", ""https://a0.muscache.com/im/pictures/69025150/ae9a7456_original.jpg?aki_policy=large"", ""https://a0.muscache.com/im/pictures/19342713/e1c424a3_original.jpg?aki_policy=large"", ""https://a0.muscache.com/im/pictures/58289770/930b2d30_original.jpg?aki_policy=large"", ""https://a0.muscache.com/im/pictures/18948409/732797d7_original.jpg?aki_policy=large"", ""https://a0.muscache.com/im/pictures/18948401/b5c42aa9_original.jpg?aki_policy=large"", ""https://a0.muscache.com/im/pictures/18948400/3f3ad68b_original.jpg?aki_policy=large"", ""https://a0.muscache.com/im/pictures/25643752/fdfdc8ac_original.jpg?aki_policy=large"", ""https://a0.muscache.com/im/pictures/25643750/a34f3894_original.jpg?aki_policy=large"", ""https://a0.muscache.com/im/pictures/24424026/8f30fc7c_original.jpg?aki_policy=large"", ""https://a0.muscache.com/im/pictures/19288565/4e791d74_original.jpg?aki_policy=large""]";"{""beds"": 3, ""bedrooms"": 2, ""bathrooms"": 1.5, ""amenity_ids"": [1, 2, 4, 8, 72, 10, 77, 85, 86, 89, 90, 91, 92, 93, 30, 94, 31, 95, 96, 33, 34, 98, 36, 103, 40, 104, 41, 45, 46, 47, 50, 127], ""is_rebookable"": false, ""is_new_listing"": false, ""is_fully_refundable"": true, ""is_host_highly_rated"": true, ""is_business_travel_ready"": false}";"{""weekly_factor"": 0.95, ""monthly_factor"": 1.0}";5329;"";"{""is_superhost"": false}"
1102053;Au calme en plein coeur de Paris !;entire_home;Paris;"";48.8787814758;2.34606967829;5;"[""https://a0.muscache.com/im/pictures/17035095/7550fabc_original.jpg?aki_policy=large"", ""https://a0.muscache.com/im/pictures/17035104/130e1a59_original.jpg?aki_policy=large"", ""https://a0.muscache.com/im/pictures/17035151/9277b4e4_original.jpg?aki_policy=large"", ""https://a0.muscache.com/im/pictures/17035161/4821b0f2_original.jpg?aki_policy=large"", ""https://a0.muscache.com/im/pictures/17034970/ee0419c5_original.jpg?aki_policy=large"", ""https://a0.muscache.com/im/pictures/17034980/1607b7cc_original.jpg?aki_policy=large"", ""https://a0.muscache.com/im/pictures/17034982/ffc6812c_original.jpg?aki_policy=large"", ""https://a0.muscache.com/im/pictures/17035017/16beec34_original.jpg?aki_policy=large"", ""https://a0.muscache.com/im/pictures/17035057/e09e0ab9_original.jpg?aki_policy=large"", ""https://a0.muscache.com/im/pictures/17035043/6cd12afc_original.jpg?aki_policy=large"", ""https://a0.muscache.com/im/pictures/17034890/0a722d4e_original.jpg?aki_policy=large"", ""https://a0.muscache.com/im/pictures/17034902/15fdb7bc_original.jpg?aki_policy=large"", ""https://a0.muscache.com/im/pictures/17034903/1535027e_original.jpg?aki_policy=large"", ""https://a0.muscache.com/im/pictures/17034904/399c9c11_original.jpg?aki_policy=large"", ""https://a0.muscache.com/im/pictures/17034913/0883a906_original.jpg?aki_policy=large"", ""https://a0.muscache.com/im/pictures/17034919/b7c6b8a7_original.jpg?aki_policy=large"", ""https://a0.muscache.com/im/pictures/24313837/d246c995_original.jpg?aki_policy=large"", ""https://a0.muscache.com/im/pictures/17034931/a63c99a6_original.jpg?aki_policy=large"", ""https://a0.muscache.com/im/pictures/17035029/827d4bc0_original.jpg?aki_policy=large"", ""https://a0.muscache.com/im/pictures/17035031/57f0f8f2_original.jpg?aki_policy=large"", ""https://a0.muscache.com/im/pictures/24313690/ad0e528d_original.jpg?aki_policy=large"", ""https://a0.muscache.com/im/pictures/24312938/8a95e00f_original.jpg?aki_policy=large"", ""https://a0.muscache.com/im/pictures/17034945/99c716b5_original.jpg?aki_policy=large"", ""https://a0.muscache.com/im/pictures/17035033/6d8e755f_original.jpg?aki_policy=large"", ""https://a0.muscache.com/im/pictures/17035019/e0f48ef6_original.jpg?aki_policy=large"", ""https://a0.muscache.com/im/pictures/24311348/a65daf01_original.jpg?aki_policy=large"", ""https://a0.muscache.com/im/pictures/24311403/09b842ed_original.jpg?aki_policy=large"", ""https://a0.muscache.com/im/pictures/17034941/efad6bb7_original.jpg?aki_policy=large"", ""https://a0.muscache.com/im/pictures/17034957/9f91d4f9_original.jpg?aki_policy=large""]";"{""beds"": 3, ""bedrooms"": 3, ""bathrooms"": 2.0, ""amenity_ids"": [1, 2, 3, 131, 4, 8, 11, 77, 21, 85, 90, 91, 28, 92, 93, 30, 94, 31, 95, 96, 33, 34, 35, 38, 40, 41, 44, 45, 46, 47], ""is_rebookable"": false, ""is_new_listing"": false, ""is_fully_refundable"": true, ""is_host_highly_rated"": false, ""is_business_travel_ready"": false}";"{""weekly_factor"": 0.95, ""monthly_factor"": 0.75}";905;"";"{""is_superhost"": false}"
1110935;REX HOUSE - Central, lumineux, cosy;entire_home;Paris;Opéra - Grands Boulevards;48.8720337807;2.34912570589;6;"[""https://a0.muscache.com/im/pictures/17887291/4b35e983_original.jpg?aki_policy=large"", ""https://a0.muscache.com/im/pictures/17887410/65f74e22_original.jpg?aki_policy=large"", ""https://a0.muscache.com/im/pictures/17887238/be788cb8_original.jpg?aki_policy=large"", ""https://a0.muscache.com/im/pictures/17885718/7517ae57_original.jpg?aki_policy=large"", ""https://a0.muscache.com/im/pictures/17887346/e561a2f4_original.jpg?aki_policy=large"", ""https://a0.muscache.com/im/pictures/17888877/903b864e_original.jpg?aki_policy=large"", ""https://a0.muscache.com/im/pictures/17887571/4a10de60_original.jpg?aki_policy=large"", ""https://a0.muscache.com/im/pictures/17887695/f56dbb64_original.jpg?aki_policy=large"", ""https://a0.muscache.com/im/pictures/17887623/756a94f8_original.jpg?aki_policy=large"", ""https://a0.muscache.com/im/pictures/17887470/76407389_original.jpg?aki_policy=large"", ""https://a0.muscache.com/im/pictures/17887494/1b156965_original.jpg?aki_policy=large"", ""https://a0.muscache.com/im/pictures/17887523/1f406b76_original.jpg?aki_policy=large"", ""https://a0.muscache.com/im/pictures/17887798/4d710fb1_original.jpg?aki_policy=large"", ""https://a0.muscache.com/im/pictures/17887907/8fdd028b_original.jpg?aki_policy=large"", ""https://a0.muscache.com/im/pictures/17887940/ef1b97d6_original.jpg?aki_policy=large"", ""https://a0.muscache.com/im/pictures/17887989/4dd13af6_original.jpg?aki_policy=large"", ""https://a0.muscache.com/im/pictures/17888037/9e62e4bc_original.jpg?aki_policy=large"", ""https://a0.muscache.com/im/pictures/17888087/7bf7c395_original.jpg?aki_policy=large"", ""https://a0.muscache.com/im/pictures/17888160/c9d1d169_original.jpg?aki_policy=large"", ""https://a0.muscache.com/im/pictures/17888270/7a55b443_original.jpg?aki_policy=large"", ""https://a0.muscache.com/im/pictures/17888350/a27c54f3_original.jpg?aki_policy=large"", ""https://a0.muscache.com/im/pictures/17888663/53a6d9e9_original.jpg?aki_policy=large"", ""https://a0.muscache.com/im/pictures/17888601/a1f827b9_original.jpg?aki_policy=large"", ""https://a0.muscache.com/im/pictures/17888474/21bea697_original.jpg?aki_policy=large"", ""https://a0.muscache.com/im/pictures/17888516/69effe62_original.jpg?aki_policy=large"", ""https://a0.muscache.com/im/pictures/17888792/c59de8cc_original.jpg?aki_policy=large"", ""https://a0.muscache.com/im/pictures/16707956/186c21b3_original.jpg?aki_policy=large""]";"{""beds"": 3, ""bedrooms"": 2, ""bathrooms"": 1.0, ""amenity_ids"": [1, 2, 3, 131, 4, 8, 77, 89, 90, 91, 92, 93, 30, 94, 95, 96, 33, 34, 35, 36, 103, 40, 41, 43, 44, 45, 46, 47], ""is_rebookable"": false, ""is_new_listing"": false, ""is_fully_refundable"": true, ""is_host_highly_rated"": false, ""is_business_travel_ready"": false}";"{""weekly_factor"": 1.0, ""monthly_factor"": 1.0}";4932;"";"{""is_superhost"": true}"
1117899;★ App'Art de Charme ★;entire_home;Paris;Saint-Lazare;48.8781740743;2.32809249813;3;"[""https://a0.muscache.com/im/pictures/16859741/30738090_original.jpg?aki_policy=large"", ""https://a0.muscache.com/im/pictures/16859703/fa0ed777_original.jpg?aki_policy=large"", ""https://a0.muscache.com/im/pictures/16859662/282d7fe9_original.jpg?aki_policy=large"", ""https://a0.muscache.com/im/pictures/16859682/0b89d25e_original.jpg?aki_policy=large"", ""https://a0.muscache.com/im/pictures/16859692/2b996bfc_original.jpg?aki_policy=large"", ""https://a0.muscache.com/im/pictures/16859714/7c2f497f_original.jpg?aki_policy=large"", ""https://a0.muscache.com/im/pictures/16859654/902bb1d9_original.jpg?aki_policy=large"", ""https://a0.muscache.com/im/pictures/16859684/cf1f6e8b_original.jpg?aki_policy=large"", ""https://a0.muscache.com/im/pictures/16859756/8da0772b_original.jpg?aki_policy=large"", ""https://a0.muscache.com/im/pictures/16859759/46551ce9_original.jpg?aki_policy=large"", ""https://a0.muscache.com/im/pictures/16859724/e9cee856_original.jpg?aki_policy=large"", ""https://a0.muscache.com/im/pictures/b0c77d0f-0a91-4ef7-a298-b6d9aa2cb1ab.jpg?aki_policy=large"", ""https://a0.muscache.com/im/pictures/74f6daa9-0e81-44d8-8fd9-6880fa737289.jpg?aki_policy=large"", ""https://a0.muscache.com/im/pictures/379e0dc9-46f3-494e-8218-5761a0cab336.jpg?aki_policy=large"", ""https://a0.muscache.com/im/pictures/0e30ed7e-4e8e-44ec-a3bc-b87269a3c6fd.jpg?aki_policy=large""]";"{""beds"": 1, ""bedrooms"": 1, ""bathrooms"": 1.0, ""amenity_ids"": [1, 129, 2, 3, 4, 36, 103, 8, 40, 41, 43, 12, 44, 45, 77, 46, 47, 30, 31], ""is_rebookable"": false, ""is_new_listing"": false, ""is_fully_refundable"": true, ""is_host_highly_rated"": true, ""is_business_travel_ready"": false}";"{""weekly_factor"": 1.0, ""monthly_factor"": 1.0}";410;"";"{""is_superhost"": true}"
1126419;11è, Duplex 90m2, 5 chambres. 8 pers. 9 maximum;entire_home;Paris;République;48.8664406859;2.36542130377;9;"[""https://a0.muscache.com/im/pictures/28085520/423250a8_original.jpg?aki_policy=large"", ""https://a0.muscache.com/im/pictures/16994728/45971e34_original.jpg?aki_policy=large"", ""https://a0.muscache.com/im/pictures/28092692/69cf301c_original.jpg?aki_policy=large"", ""https://a0.muscache.com/im/pictures/16994719/0927eebc_original.jpg?aki_policy=large"", ""https://a0.muscache.com/im/pictures/16994735/0ec68c3b_original.jpg?aki_policy=large"", ""https://a0.muscache.com/im/pictures/16994752/01db802f_original.jpg?aki_policy=large"", ""https://a0.muscache.com/im/pictures/16994804/d682116c_original.jpg?aki_policy=large"", ""https://a0.muscache.com/im/pictures/16994788/4b9cf2dd_original.jpg?aki_policy=large"", ""https://a0.muscache.com/im/pictures/16994802/966e63fd_original.jpg?aki_policy=large"", ""https://a0.muscache.com/im/pictures/16994811/130cc418_original.jpg?aki_policy=large"", ""https://a0.muscache.com/im/pictures/16994778/6278f297_original.jpg?aki_policy=large"", ""https://a0.muscache.com/im/pictures/16994761/bece3307_original.jpg?aki_policy=large"", ""https://a0.muscache.com/im/pictures/633096c6-d97f-4c06-a64f-98d5f3e4237d.jpg?aki_policy=large"", ""https://a0.muscache.com/im/pictures/2e6a2158-5e07-4f35-837d-d7b69fa42072.jpg?aki_policy=large"", ""https://a0.muscache.com/im/pictures/d4727e64-e502-4c70-94c3-83b6349d46bc.jpg?aki_policy=large""]";"{""beds"": 6, ""bedrooms"": 5, ""bathrooms"": 2.0, ""amenity_ids"": [1, 2, 66, 4, 70, 8, 73, 74, 77, 16, 85, 86, 89, 90, 91, 92, 93, 30, 94, 31, 95, 96, 33, 35, 103, 40, 41, 44, 45, 46, 47, 51, 54, 61], ""is_rebookable"": false, ""is_new_listing"": false, ""is_fully_refundable"": true, ""is_host_highly_rated"": false, ""is_business_travel_ready"": false}";"{""weekly_factor"": 0.8, ""monthly_factor"": 0.6}";6207;"";"{""is_superhost"": false}"
1126705;Grand appartement Parc de Passy;entire_home;Paris;Passy;48.8543075003;2.28281441678;5;"[""https://a0.muscache.com/im/pictures/18803140/047c9637_original.jpg?aki_policy=large"", ""https://a0.muscache.com/im/pictures/18803083/454efb05_original.jpg?aki_policy=large"", ""https://a0.muscache.com/im/pictures/18803181/d2d52f17_original.jpg?aki_policy=large"", ""https://a0.muscache.com/im/pictures/18803123/483cbda9_original.jpg?aki_policy=large"", ""https://a0.muscache.com/im/pictures/18803265/7da25cd3_original.jpg?aki_policy=large"", ""https://a0.muscache.com/im/pictures/18802921/660a05b0_original.jpg?aki_policy=large"", ""https://a0.muscache.com/im/pictures/18803206/c4dd488f_original.jpg?aki_policy=large"", ""https://a0.muscache.com/im/pictures/18803207/4b21ce20_original.jpg?aki_policy=large"", ""https://a0.muscache.com/im/pictures/18803248/6f4f5a1b_original.jpg?aki_policy=large"", ""https://a0.muscache.com/im/pictures/18802916/bcca6274_original.jpg?aki_policy=large"", ""https://a0.muscache.com/im/pictures/18803021/5c9eee8f_original.jpg?aki_policy=large"", ""https://a0.muscache.com/im/pictures/18802983/c36ef42a_original.jpg?aki_policy=large"", ""https://a0.muscache.com/im/pictures/18802993/e7be1be0_original.jpg?aki_policy=large"", ""https://a0.muscache.com/im/pictures/18803274/6ce607b5_original.jpg?aki_policy=large"", ""https://a0.muscache.com/im/pictures/18803280/19e219cf_original.jpg?aki_policy=large"", ""https://a0.muscache.com/im/pictures/18803288/0216dd91_original.jpg?aki_policy=large"", ""https://a0.muscache.com/im/pictures/18803045/adaed0d8_original.jpg?aki_policy=large"", ""https://a0.muscache.com/im/pictures/18803066/db43ed53_original.jpg?aki_policy=large"", ""https://a0.muscache.com/im/pictures/18803237/a4a5bfa1_original.jpg?aki_policy=large"", ""https://a0.muscache.com/im/pictures/18803250/50de4df1_original.jpg?aki_policy=large"", ""https://a0.muscache.com/im/pictures/18803054/f90ca71b_original.jpg?aki_policy=large"", ""https://a0.muscache.com/im/pictures/18803302/0bad6f46_original.jpg?aki_policy=large""]";"{""beds"": 5, ""bedrooms"": 3, ""bathrooms"": 2.0, ""amenity_ids"": [32, 1, 33, 2, 34, 3, 4, 103, 8, 40, 41, 10, 44, 45, 77, 46, 47, 51, 21, 23, 55, 28, 30, 31], ""is_rebookable"": false, ""is_new_listing"": false, ""is_fully_refundable"": true, ""is_host_highly_rated"": false, ""is_business_travel_ready"": false}";"{""weekly_factor"": 1.0, ""monthly_factor"": 1.0}";8118;"";"{""is_superhost"": false}"
1128202;MAGNIFIQUE APPARTEMENT PARIS CENTRE;entire_home;Paris;Invalides - Ecole Militaire;48.8494057831;2.31084919425;5;"[""https://a0.muscache.com/im/pictures/16969320/27a7a2ef_original.jpg?aki_policy=large"", ""https://a0.muscache.com/im/pictures/66727296/0259d75f_original.jpg?aki_policy=large"", ""https://a0.muscache.com/im/pictures/66727315/ac1694d7_original.jpg?aki_policy=large"", ""https://a0.muscache.com/im/pictures/66727327/ddd0e999_original.jpg?aki_policy=large"", ""https://a0.muscache.com/im/pictures/66727341/ad0ff5eb_original.jpg?aki_policy=large"", ""https://a0.muscache.com/im/pictures/66727354/efe0f889_original.jpg?aki_policy=large"", ""https://a0.muscache.com/im/pictures/66727365/a64b1bbc_original.jpg?aki_policy=large"", ""https://a0.muscache.com/im/pictures/66727374/69709a36_original.jpg?aki_policy=large"", ""https://a0.muscache.com/im/pictures/66727382/20388225_original.jpg?aki_policy=large"", ""https://a0.muscache.com/im/pictures/66727394/50142ba0_original.jpg?aki_policy=large""]";"{""beds"": 4, ""bedrooms"": 3, ""bathrooms"": 2.0, ""amenity_ids"": [1, 33, 2, 3, 4, 21, 8, 11, 28, 30, 31], ""is_rebookable"": false, ""is_new_listing"": false, ""is_fully_refundable"": true, ""is_host_highly_rated"": true, ""is_business_travel_ready"": false}";"{""weekly_factor"": 0.71, ""monthly_factor"": 0.58}";2293;"";"{""is_superhost"": false}"
1176558;Beau  appartement Parisien de 90m2;entire_home;Paris;3e arrondissement;48.8638549148;2.36465563513;2;"[""https://a0.muscache.com/im/pictures/75026378/33c18ff8_original.jpg?aki_policy=large"", ""https://a0.muscache.com/im/pictures/17691065/17aea3e8_original.jpg?aki_policy=large"", ""https://a0.muscache.com/im/pictures/17691071/054fa546_original.jpg?aki_policy=large"", ""https://a0.muscache.com/im/pictures/72766878/88b80046_original.jpg?aki_policy=large"", ""https://a0.muscache.com/im/pictures/17691073/45cb1376_original.jpg?aki_policy=large"", ""https://a0.muscache.com/im/pictures/75026418/6edfd6ad_original.jpg?aki_policy=large"", ""https://a0.muscache.com/im/pictures/75024691/a2187ce8_original.jpg?aki_policy=large"", ""https://a0.muscache.com/im/pictures/73210022/329db9f9_original.jpg?aki_policy=large"", ""https://a0.muscache.com/im/pictures/75024505/bb1630f7_original.jpg?aki_policy=large"", ""https://a0.muscache.com/im/pictures/17691086/fe408688_original.jpg?aki_policy=large"", ""https://a0.muscache.com/im/pictures/75026798/d32acf2e_original.jpg?aki_policy=large"", ""https://a0.muscache.com/im/pictures/27349124/f84605b1_original.jpg?aki_policy=large"", ""https://a0.muscache.com/im/pictures/75026341/ebe6bb7e_original.jpg?aki_policy=large"", ""https://a0.muscache.com/im/pictures/73214665/ca401e8a_original.jpg?aki_policy=large"", ""https://a0.muscache.com/im/pictures/17691109/85d1f854_original.jpg?aki_policy=large"", ""https://a0.muscache.com/im/pictures/75024630/7b463918_original.jpg?aki_policy=large"", ""https://a0.muscache.com/im/pictures/28938671/658d9149_original.jpg?aki_policy=large"", ""https://a0.muscache.com/im/pictures/28938672/d7874cba_original.jpg?aki_policy=large"", ""https://a0.muscache.com/im/pictures/75026459/d84e393e_original.jpg?aki_policy=large"", ""https://a0.muscache.com/im/pictures/28938676/fa0d6487_original.jpg?aki_policy=large"", ""https://a0.muscache.com/im/pictures/28938681/0851ff03_original.jpg?aki_policy=large"", ""https://a0.muscache.com/im/pictures/33216983/45335ca9_original.jpg?aki_policy=large"", ""https://a0.muscache.com/im/pictures/75024754/1a3ec354_original.jpg?aki_policy=large"", ""https://a0.muscache.com/im/pictures/f7802f6a-b882-4d15-8608-972bc92e31e0.jpg?aki_policy=large"", ""https://a0.muscache.com/im/pictures/26429c3e-d8c4-47f3-a256-805162bbf59a.jpg?aki_policy=large""]";"{""beds"": 2, ""bedrooms"": 2, ""bathrooms"": 1.0, ""amenity_ids"": [1, 129, 2, 66, 3, 4, 8, 10, 11, 12, 77, 17, 19, 21, 27, 30, 31, 33, 35, 103, 40, 41, 45, 46, 47], ""is_rebookable"": false, ""is_new_listing"": false, ""is_fully_refundable"": true, ""is_host_highly_rated"": false, ""is_business_travel_ready"": false}";"{""weekly_factor"": 1.0, ""monthly_factor"": 0.69}";5092;"";"{""is_superhost"": false}"
1185329;Charmant 2 pièces Marché St Honoré;entire_home;Paris;"";48.8650433406;2.33248575554;3;"[""https://a0.muscache.com/im/pictures/17824065/66fadf68_original.jpg?aki_policy=large"", ""https://a0.muscache.com/im/pictures/17823946/3104a649_original.jpg?aki_policy=large"", ""https://a0.muscache.com/im/pictures/17832031/da83679f_original.jpg?aki_policy=large"", ""https://a0.muscache.com/im/pictures/17823888/e54f1596_original.jpg?aki_policy=large"", ""https://a0.muscache.com/im/pictures/17832043/27fa92b9_original.jpg?aki_policy=large"", ""https://a0.muscache.com/im/pictures/17832036/cd033c44_original.jpg?aki_policy=large"", ""https://a0.muscache.com/im/pictures/17824241/97125bbd_original.jpg?aki_policy=large"", ""https://a0.muscache.com/im/pictures/17824125/31506ac1_original.jpg?aki_policy=large"", ""https://a0.muscache.com/im/pictures/17823847/c5d0579f_original.jpg?aki_policy=large"", ""https://a0.muscache.com/im/pictures/17824218/88a91351_original.jpg?aki_policy=large"", ""https://a0.muscache.com/im/pictures/17824157/2a53d25a_original.jpg?aki_policy=large"", ""https://a0.muscache.com/im/pictures/17832029/24e197f0_original.jpg?aki_policy=large"", ""https://a0.muscache.com/im/pictures/17823970/13cd1ed2_original.jpg?aki_policy=large"", ""https://a0.muscache.com/im/pictures/17824055/635b5a93_original.jpg?aki_policy=large"", ""https://a0.muscache.com/im/pictures/17823800/6f3466b1_original.jpg?aki_policy=large"", ""https://a0.muscache.com/im/pictures/17832037/23fa8363_original.jpg?aki_policy=large"", ""https://a0.muscache.com/im/pictures/17824281/ef7598bc_original.jpg?aki_policy=large"", ""https://a0.muscache.com/im/pictures/17832021/0ddf13c9_original.jpg?aki_policy=large""]";"{""beds"": 1, ""bedrooms"": 1, ""bathrooms"": 1.0, ""amenity_ids"": [32, 1, 33, 2, 3, 35, 4, 39, 8, 40, 104, 11, 45, 77, 46, 51, 54, 30, 31], ""is_rebookable"": false, ""is_new_listing"": false, ""is_fully_refundable"": true, ""is_host_highly_rated"": false, ""is_business_travel_ready"": false}";"{""weekly_factor"": 0.87, ""monthly_factor"": 0.72}";7774;"";"{""is_superhost"": false}"
1204369;Nice studio: heart of trendy Paris;entire_home;Paris;2e arrondissement;48.8672890052;2.34846215387;2;"[""https://a0.muscache.com/im/pictures/18115872/e01d7407_original.jpg?aki_policy=large"", ""https://a0.muscache.com/im/pictures/18115893/5afb05d1_original.jpg?aki_policy=large"", ""https://a0.muscache.com/im/pictures/18115913/c13ec6ef_original.jpg?aki_policy=large"", ""https://a0.muscache.com/im/pictures/18115987/4ac8acf4_original.jpg?aki_policy=large"", ""https://a0.muscache.com/im/pictures/19301526/84810810_original.jpg?aki_policy=large"", ""https://a0.muscache.com/im/pictures/18131448/7a4b46ed_original.jpg?aki_policy=large"", ""https://a0.muscache.com/im/pictures/19298421/5f29f9d8_original.jpg?aki_policy=large"", ""https://a0.muscache.com/im/pictures/18117459/e6916d55_original.jpg?aki_policy=large"", ""https://a0.muscache.com/im/pictures/18131245/469f3e67_original.jpg?aki_policy=large"", ""https://a0.muscache.com/im/pictures/18131587/4f1a1ea2_original.jpg?aki_policy=large"", ""https://a0.muscache.com/im/pictures/19299348/00ae8ff9_original.jpg?aki_policy=large"", ""https://a0.muscache.com/im/pictures/18115952/ff1cd6f6_original.jpg?aki_policy=large"", ""https://a0.muscache.com/im/pictures/18117159/2b07dd0b_original.jpg?aki_policy=large""]";"{""beds"": 1, ""bedrooms"": 1, ""bathrooms"": 1.0, ""amenity_ids"": [129, 3, 35, 4, 36, 103, 8, 40, 104, 41, 44, 45, 46, 47, 49, 50, 23, 30, 287], ""is_rebookable"": false, ""is_new_listing"": false, ""is_fully_refundable"": true, ""is_host_highly_rated"": true, ""is_business_travel_ready"": false}";"{""weekly_factor"": 1.0, ""monthly_factor"": 0.8}";5395;"";"{""is_superhost"": false}"
1205915;COZY 108 m² QUARTIER MARAIS PARIS;entire_home;Paris;Le Marais;48.8607546823;2.36423565555;6;"[""https://a0.muscache.com/im/pictures/19136257/25d09ae9_original.jpg?aki_policy=large"", ""https://a0.muscache.com/im/pictures/19136293/cc0cbf85_original.jpg?aki_policy=large"", ""https://a0.muscache.com/im/pictures/19136465/78c7f12f_original.jpg?aki_policy=large"", ""https://a0.muscache.com/im/pictures/19362413/222fc860_original.jpg?aki_policy=large"", ""https://a0.muscache.com/im/pictures/19136516/3cc3dcfe_original.jpg?aki_policy=large"", ""https://a0.muscache.com/im/pictures/19136572/895586bf_original.jpg?aki_policy=large"", ""https://a0.muscache.com/im/pictures/19136634/ca05709a_original.jpg?aki_policy=large"", ""https://a0.muscache.com/im/pictures/19136796/c0190b8f_original.jpg?aki_policy=large"", ""https://a0.muscache.com/im/pictures/19136848/f4fe5353_original.jpg?aki_policy=large"", ""https://a0.muscache.com/im/pictures/19136919/009cf562_original.jpg?aki_policy=large"", ""https://a0.muscache.com/im/pictures/19137086/06833158_original.jpg?aki_policy=large"", ""https://a0.muscache.com/im/pictures/19136970/b8b27063_original.jpg?aki_policy=large"", ""https://a0.muscache.com/im/pictures/19137029/9c00425f_original.jpg?aki_policy=large"", ""https://a0.muscache.com/im/pictures/19362630/e8443fb4_original.jpg?aki_policy=large"", ""https://a0.muscache.com/im/pictures/19138311/1fc6009a_original.jpg?aki_policy=large"", ""https://a0.muscache.com/im/pictures/19362651/5b774cb6_original.jpg?aki_policy=large"", ""https://a0.muscache.com/im/pictures/19362705/5b504b9f_original.jpg?aki_policy=large"", ""https://a0.muscache.com/im/pictures/19138403/18e01eb0_original.jpg?aki_policy=large"", ""https://a0.muscache.com/im/pictures/19362764/dc8ca405_original.jpg?aki_policy=large"", ""https://a0.muscache.com/im/pictures/19362816/d73dea0b_original.jpg?aki_policy=large"", ""https://a0.muscache.com/im/pictures/19138577/bc679ba7_original.jpg?aki_policy=large"", ""https://a0.muscache.com/im/pictures/19138660/c097ff42_original.jpg?aki_policy=large"", ""https://a0.muscache.com/im/pictures/b6772c1d-2a28-44e9-be80-3b1e1988026a.jpg?aki_policy=large"", ""https://a0.muscache.com/im/pictures/700db750-e849-44d6-bad1-ad8f8dde48f0.jpg?aki_policy=large"", ""https://a0.muscache.com/im/pictures/8aeb4ab7-3f1f-45f1-a607-95a69131f6a2.jpg?aki_policy=large"", ""https://a0.muscache.com/im/pictures/7d37926a-aeb6-45ad-9e3e-0de9104e2b8a.jpg?aki_policy=large"", ""https://a0.muscache.com/im/pictures/063a0e49-da59-400a-869e-223be8088b05.jpg?aki_policy=large"", ""https://a0.muscache.com/im/pictures/5094a023-947e-486f-a4ed-92b743e335fd.jpg?aki_policy=large"", ""https://a0.muscache.com/im/pictures/19139288/d012fc75_original.jpg?aki_policy=large"", ""https://a0.muscache.com/im/pictures/19362457/226020ff_original.jpg?aki_policy=large""]";"{""beds"": 3, ""bedrooms"": 3, ""bathrooms"": 1.5, ""amenity_ids"": [64, 1, 33, 129, 2, 34, 3, 35, 4, 37, 8, 40, 72, 41, 44, 45, 77, 46, 25, 27, 28, 30, 31], ""is_rebookable"": false, ""is_new_listing"": false, ""is_fully_refundable"": true, ""is_host_highly_rated"": true, ""is_business_travel_ready"": false}";"{""weekly_factor"": 0.97, ""monthly_factor"": 0.85}";5217;"";"{""is_superhost"": false}"
1222997;Appartement famillial centre Paris;entire_home;Paris;Gare du Nord - Gare de I'Est;48.8771533953;2.34560020069;8;"[""https://a0.muscache.com/im/pictures/d1bf6ec2-9fbb-4454-8fe1-57721dc0a602.jpg?aki_policy=large"", ""https://a0.muscache.com/im/pictures/6c940794-7c7e-4ae7-a1e7-6e23129b11c8.jpg?aki_policy=large"", ""https://a0.muscache.com/im/pictures/cf414bdb-3c8b-4d9c-a83a-97be22307d1b.jpg?aki_policy=large"", ""https://a0.muscache.com/im/pictures/18749388/9d325a80_original.jpg?aki_policy=large"", ""https://a0.muscache.com/im/pictures/18750988/8aaf9f3a_original.jpg?aki_policy=large"", ""https://a0.muscache.com/im/pictures/18750975/3e9709f4_original.jpg?aki_policy=large"", ""https://a0.muscache.com/im/pictures/18749521/32f5b886_original.jpg?aki_policy=large"", ""https://a0.muscache.com/im/pictures/18749534/ae1651c2_original.jpg?aki_policy=large"", ""https://a0.muscache.com/im/pictures/2d6fc5cd-9c64-4936-8e6d-470a5641e2b0.jpg?aki_policy=large"", ""https://a0.muscache.com/im/pictures/4b4ae818-b693-4259-b406-5bffcc662502.jpg?aki_policy=large"", ""https://a0.muscache.com/im/pictures/45f61afe-4c3d-4afa-9b7a-9f7c10dd0470.jpg?aki_policy=large"", ""https://a0.muscache.com/im/pictures/4aeb56b1-5bba-49b7-9a65-250430057587.jpg?aki_policy=large"", ""https://a0.muscache.com/im/pictures/ee3204ec-ea8c-4614-91ec-f3320016dbff.jpg?aki_policy=large"", ""https://a0.muscache.com/im/pictures/a20dd20e-04d4-4db5-9a93-23767c00876a.jpg?aki_policy=large"", ""https://a0.muscache.com/im/pictures/d12faf6d-07be-462f-bbe6-80c1baf73062.jpg?aki_policy=large"", ""https://a0.muscache.com/im/pictures/e3382804-2bcd-4f2a-a05b-8abf5175419a.jpg?aki_policy=large"", ""https://a0.muscache.com/im/pictures/cc572ec5-7344-4d87-8682-8a64bc7ad904.jpg?aki_policy=large"", ""https://a0.muscache.com/im/pictures/1b1456de-e629-447d-a95c-94357062e252.jpg?aki_policy=large""]";"{""beds"": 6, ""bedrooms"": 4, ""bathrooms"": 2.0, ""amenity_ids"": [1, 2, 66, 3, 4, 69, 8, 72, 10, 74, 75, 12, 77, 17, 18, 21, 85, 87, 89, 90, 27, 91, 92, 93, 30, 94, 31, 95, 96, 33, 34, 98, 35, 39, 40, 43, 44, 45, 46, 47, 111, 113, 51, 115, 54], ""is_rebookable"": false, ""is_new_listing"": false, ""is_fully_refundable"": true, ""is_host_highly_rated"": true, ""is_business_travel_ready"": false}";"{""weekly_factor"": 0.9, ""monthly_factor"": 1.0}";5257;"";"{""is_superhost"": false}"
22885596;Clear, spacious room with large private bathroom;private_room;Paris;Châtelet - Les Halles - Beaubourg;48.8666277074;2.3450028205;2;"[""https://a0.muscache.com/im/pictures/610ca5f0-bf74-4f17-ba66-a2d4ffbfae2a.jpg?aki_policy=large"", ""https://a0.muscache.com/im/pictures/e54f68e6-f42a-4d5a-88d0-c0a2f253b4c3.jpg?aki_policy=large"", ""https://a0.muscache.com/im/pictures/1d4a6ddc-4e7b-4c36-b107-18c98c7ce71c.jpg?aki_policy=large"", ""https://a0.muscache.com/im/pictures/352a5950-a0f4-4f3d-bbc7-22755ac599b4.jpg?aki_policy=large""]";"{""beds"": 1, ""bedrooms"": 1, ""bathrooms"": 2.0, ""amenity_ids"": [33, 34, 35, 4, 37, 38, 8, 40, 41, 44, 45, 46, 16, 21, 28, 30], ""is_rebookable"": false, ""is_new_listing"": false, ""is_fully_refundable"": true, ""is_host_highly_rated"": true, ""is_business_travel_ready"": false}";"{""weekly_factor"": 1.0, ""monthly_factor"": 1.0}";6035;"";"{""is_superhost"": true}"
1226049;Charming flat,Champs-Elysées,8th;entire_home;Paris;Champs-Elysées;48.8666282357;2.30342621261;4;"[""https://a0.muscache.com/im/pictures/62492206/e37f2352_original.jpg?aki_policy=large"", ""https://a0.muscache.com/im/pictures/62491770/4bd650ef_original.jpg?aki_policy=large"", ""https://a0.muscache.com/im/pictures/62488929/1ce1a309_original.jpg?aki_policy=large"", ""https://a0.muscache.com/im/pictures/62488860/e784ba3c_original.jpg?aki_policy=large"", ""https://a0.muscache.com/im/pictures/62488872/feca885c_original.jpg?aki_policy=large"", ""https://a0.muscache.com/im/pictures/62488848/e59e9a52_original.jpg?aki_policy=large"", ""https://a0.muscache.com/im/pictures/62488977/5559461b_original.jpg?aki_policy=large"", ""https://a0.muscache.com/im/pictures/62488887/c798a4c9_original.jpg?aki_policy=large"", ""https://a0.muscache.com/im/pictures/62488917/4aeb485c_original.jpg?aki_policy=large"", ""https://a0.muscache.com/im/pictures/62491929/fef497cc_original.jpg?aki_policy=large"", ""https://a0.muscache.com/im/pictures/62491921/1b34e2e1_original.jpg?aki_policy=large"", ""https://a0.muscache.com/im/pictures/62488942/531f43f4_original.jpg?aki_policy=large"", ""https://a0.muscache.com/im/pictures/62491761/09d36df9_original.jpg?aki_policy=large"", ""https://a0.muscache.com/im/pictures/62492460/15d5deb7_original.jpg?aki_policy=large""]";"{""beds"": 2, ""bedrooms"": 1, ""bathrooms"": 1.0, ""amenity_ids"": [32, 33, 34, 3, 4, 6, 8, 40, 44, 21, 28, 30, 31], ""is_rebookable"": false, ""is_new_listing"": false, ""is_fully_refundable"": true, ""is_host_highly_rated"": false, ""is_business_travel_ready"": false}";"{""weekly_factor"": 0.84, ""monthly_factor"": 1.0}";1787;"";"{""is_superhost"": false}"
1234750;Duplex loft with amazing terrace!;entire_home;Paris;11e arrondissement;48.8604739031;2.37666882809;3;"[""https://a0.muscache.com/im/pictures/22326560/8c3d1740_original.jpg?aki_policy=large"", ""https://a0.muscache.com/im/pictures/22326416/768d5339_original.jpg?aki_policy=large"", ""https://a0.muscache.com/im/pictures/22326632/16623b26_original.jpg?aki_policy=large"", ""https://a0.muscache.com/im/pictures/22326733/c91f691c_original.jpg?aki_policy=large"", ""https://a0.muscache.com/im/pictures/22326794/ec8e4b60_original.jpg?aki_policy=large"", ""https://a0.muscache.com/im/pictures/22326940/d2745c8f_original.jpg?aki_policy=large"", ""https://a0.muscache.com/im/pictures/22327027/de69df09_original.jpg?aki_policy=large"", ""https://a0.muscache.com/im/pictures/22327417/de268737_original.jpg?aki_policy=large"", ""https://a0.muscache.com/im/pictures/22327475/5a181fb9_original.jpg?aki_policy=large"", ""https://a0.muscache.com/im/pictures/22327516/2184efef_original.jpg?aki_policy=large"", ""https://a0.muscache.com/im/pictures/22327625/c787f47a_original.jpg?aki_policy=large"", ""https://a0.muscache.com/im/pictures/22327667/aeea1032_original.jpg?aki_policy=large"", ""https://a0.muscache.com/im/pictures/22327446/dd65f315_original.jpg?aki_policy=large"", ""https://a0.muscache.com/im/pictures/22327771/53bfe1e8_original.jpg?aki_policy=large"", ""https://a0.muscache.com/im/pictures/22327801/f9569fdb_original.jpg?aki_policy=large"", ""https://a0.muscache.com/im/pictures/22327846/8d6dd55d_original.jpg?aki_policy=large"", ""https://a0.muscache.com/im/pictures/22327877/f85ec74f_original.jpg?aki_policy=large"", ""https://a0.muscache.com/im/pictures/22327911/8969b421_original.jpg?aki_policy=large"", ""https://a0.muscache.com/im/pictures/22327932/90ec99a3_original.jpg?aki_policy=large"", ""https://a0.muscache.com/im/pictures/22327973/8e6200f1_original.jpg?aki_policy=large"", ""https://a0.muscache.com/im/pictures/22328014/9644e69e_original.jpg?aki_policy=large"", ""https://a0.muscache.com/im/pictures/22328214/0e194aa4_original.jpg?aki_policy=large"", ""https://a0.muscache.com/im/pictures/22328354/d3f624e2_original.jpg?aki_policy=large"", ""https://a0.muscache.com/im/pictures/22328420/83bb1d7a_original.jpg?aki_policy=large"", ""https://a0.muscache.com/im/pictures/22328479/d25065d1_original.jpg?aki_policy=large"", ""https://a0.muscache.com/im/pictures/22328523/9676417d_original.jpg?aki_policy=large"", ""https://a0.muscache.com/im/pictures/22328616/d93ae93d_original.jpg?aki_policy=large"", ""https://a0.muscache.com/im/pictures/22328724/e006bd3b_original.jpg?aki_policy=large"", ""https://a0.muscache.com/im/pictures/22328227/d9ad2172_original.jpg?aki_policy=large"", ""https://a0.muscache.com/im/pictures/22328301/2d3a3618_original.jpg?aki_policy=large""]";"{""beds"": 2, ""bedrooms"": 2, ""bathrooms"": 1.0, ""amenity_ids"": [1, 129, 2, 66, 3, 4, 5, 8, 10, 11, 75, 77, 16, 27, 28, 30, 31, 33, 34, 103, 40, 104, 41, 44, 45, 46], ""is_rebookable"": false, ""is_new_listing"": false, ""is_fully_refundable"": true, ""is_host_highly_rated"": true, ""is_business_travel_ready"": false}";"{""weekly_factor"": 0.9, ""monthly_factor"": 0.6}";2444;"";"{""is_superhost"": false}"
1235441;Suffren, appartement standing 15è;entire_home;Paris;Tour Eiffel - Champ de Mars;48.8502304308;2.29915867569;4;"[""https://a0.muscache.com/im/pictures/18599089/d8256ee2_original.jpg?aki_policy=large"", ""https://a0.muscache.com/im/pictures/18599037/18b3c034_original.jpg?aki_policy=large"", ""https://a0.muscache.com/im/pictures/18599096/887e3fb5_original.jpg?aki_policy=large"", ""https://a0.muscache.com/im/pictures/18599102/109f7598_original.jpg?aki_policy=large"", ""https://a0.muscache.com/im/pictures/18599022/e99d68cd_original.jpg?aki_policy=large"", ""https://a0.muscache.com/im/pictures/18599097/ede7ccea_original.jpg?aki_policy=large"", ""https://a0.muscache.com/im/pictures/18599021/6bef79d8_original.jpg?aki_policy=large"", ""https://a0.muscache.com/im/pictures/18599008/04b17964_original.jpg?aki_policy=large"", ""https://a0.muscache.com/im/pictures/18599026/445cd785_original.jpg?aki_policy=large"", ""https://a0.muscache.com/im/pictures/18599027/d182a152_original.jpg?aki_policy=large"", ""https://a0.muscache.com/im/pictures/18599035/369393d8_original.jpg?aki_policy=large"", ""https://a0.muscache.com/im/pictures/18599039/8884055f_original.jpg?aki_policy=large"", ""https://a0.muscache.com/im/pictures/18599042/5d80a14a_original.jpg?aki_policy=large"", ""https://a0.muscache.com/im/pictures/18599046/75e589c8_original.jpg?aki_policy=large"", ""https://a0.muscache.com/im/pictures/18599048/78daf8cf_original.jpg?aki_policy=large"", ""https://a0.muscache.com/im/pictures/18599038/793aebc1_original.jpg?aki_policy=large"", ""https://a0.muscache.com/im/pictures/18599051/238b734a_original.jpg?aki_policy=large"", ""https://a0.muscache.com/im/pictures/18599059/6aece035_original.jpg?aki_policy=large"", ""https://a0.muscache.com/im/pictures/18599061/d69f9da3_original.jpg?aki_policy=large"", ""https://a0.muscache.com/im/pictures/18599066/6fc103be_original.jpg?aki_policy=large"", ""https://a0.muscache.com/im/pictures/18599068/07b63f0a_original.jpg?aki_policy=large"", ""https://a0.muscache.com/im/pictures/18599084/108ff8df_original.jpg?aki_policy=large"", ""https://a0.muscache.com/im/pictures/18599074/fde16de5_original.jpg?aki_policy=large"", ""https://a0.muscache.com/im/pictures/18599076/ad040134_original.jpg?aki_policy=large"", ""https://a0.muscache.com/im/pictures/af39fe33-d9f6-4bde-b81f-9e64224fde87.jpg?aki_policy=large""]";"{""beds"": 1, ""bedrooms"": 1, ""bathrooms"": 1.0, ""amenity_ids"": [1, 33, 129, 4, 8, 40, 45, 77, 46, 47, 21, 30, 31], ""is_rebookable"": false, ""is_new_listing"": false, ""is_fully_refundable"": true, ""is_host_highly_rated"": true, ""is_business_travel_ready"": false}";"{""weekly_factor"": 0.66, ""monthly_factor"": 0.4}";6868;"";"{""is_superhost"": false}"
1241014;Confortable atelier-loft familial;entire_home;Paris;Père Lachaise - Ménilmontant;48.8648816622;2.3888830313;6;"[""https://a0.muscache.com/im/pictures/18688435/3e01f147_original.jpg?aki_policy=large"", ""https://a0.muscache.com/im/pictures/18688440/098f4fd5_original.jpg?aki_policy=large"", ""https://a0.muscache.com/im/pictures/18688437/04814abc_original.jpg?aki_policy=large"", ""https://a0.muscache.com/im/pictures/18688433/953afbcb_original.jpg?aki_policy=large"", ""https://a0.muscache.com/im/pictures/18688439/0b08eeab_original.jpg?aki_policy=large"", ""https://a0.muscache.com/im/pictures/18688415/8e92e9bd_original.jpg?aki_policy=large"", ""https://a0.muscache.com/im/pictures/18688423/901b5a22_original.jpg?aki_policy=large"", ""https://a0.muscache.com/im/pictures/18688425/6cca90b7_original.jpg?aki_policy=large"", ""https://a0.muscache.com/im/pictures/18688431/5ffb08ed_original.jpg?aki_policy=large"", ""https://a0.muscache.com/im/pictures/18688432/0988566f_original.jpg?aki_policy=large"", ""https://a0.muscache.com/im/pictures/18688420/950dd83d_original.jpg?aki_policy=large"", ""https://a0.muscache.com/im/pictures/18688427/439423bb_original.jpg?aki_policy=large"", ""https://a0.muscache.com/im/pictures/18688443/9b448a18_original.jpg?aki_policy=large"", ""https://a0.muscache.com/im/pictures/18688446/1ccf8627_original.jpg?aki_policy=large"", ""https://a0.muscache.com/im/pictures/18688448/6db7adeb_original.jpg?aki_policy=large""]";"{""beds"": 4, ""bedrooms"": 3, ""bathrooms"": 2.0, ""amenity_ids"": [33, 34, 4, 21, 8, 9, 30, 31], ""is_rebookable"": false, ""is_new_listing"": false, ""is_fully_refundable"": true, ""is_host_highly_rated"": false, ""is_business_travel_ready"": false}";"{""weekly_factor"": 1.0, ""monthly_factor"": 1.0}";3553;"";"{""is_superhost"": false}"
1243020;Charming studio arts et métier;entire_home;Paris;Le Marais;48.863652233;2.35919288424;1;"[""https://a0.muscache.com/im/pictures/036265bc-d115-441b-a0a6-3c4cd43abb1b.jpg?aki_policy=large"", ""https://a0.muscache.com/im/pictures/962288c9-0e29-40bb-95b9-95ce60701d9e.jpg?aki_policy=large"", ""https://a0.muscache.com/im/pictures/ef7a3287-80c5-4852-b223-cfb5cdb3507a.jpg?aki_policy=large"", ""https://a0.muscache.com/im/pictures/d55c6b82-d9b2-47c2-9719-743dafa4c635.jpg?aki_policy=large"", ""https://a0.muscache.com/im/pictures/792c4a98-2fa3-4601-8665-91eff44b59e2.jpg?aki_policy=large"", ""https://a0.muscache.com/im/pictures/0a8e7f0d-b631-40fa-8e5f-a6211b687d8a.jpg?aki_policy=large"", ""https://a0.muscache.com/im/pictures/61ebaac1-c31b-4c40-9afd-7038c812f356.jpg?aki_policy=large"", ""https://a0.muscache.com/im/pictures/18896631/023d17f4_original.jpg?aki_policy=large"", ""https://a0.muscache.com/im/pictures/18896612/27ae4c13_original.jpg?aki_policy=large"", ""https://a0.muscache.com/im/pictures/18896693/65e417ce_original.jpg?aki_policy=large""]";"{""beds"": 1, ""bedrooms"": 1, ""bathrooms"": 1.0, ""amenity_ids"": [33, 3, 35, 131, 4, 8, 40, 41, 11, 44, 45, 46, 47, 49, 50, 30], ""is_rebookable"": false, ""is_new_listing"": false, ""is_fully_refundable"": true, ""is_host_highly_rated"": true, ""is_business_travel_ready"": false}";"{""weekly_factor"": 1.0, ""monthly_factor"": 1.0}";4553;"";"{""is_superhost"": false}"
1265134;Boulevard St Germain -Musée d'Orsay;entire_home;Paris;Louvre - Tuileries;48.8587024211;2.32778566465;3;"[""https://a0.muscache.com/im/pictures/107329832/6834e55f_original.jpg?aki_policy=large"", ""https://a0.muscache.com/im/pictures/e7b18632-ffd4-4239-a7ad-b526ca971c7e.jpg?aki_policy=large"", ""https://a0.muscache.com/im/pictures/107330967/15b49b27_original.jpg?aki_policy=large"", ""https://a0.muscache.com/im/pictures/32009765/2b5162a9_original.jpg?aki_policy=large"", ""https://a0.muscache.com/im/pictures/33794012/d5d643cc_original.jpg?aki_policy=large"", ""https://a0.muscache.com/im/pictures/107330593/59d2a557_original.jpg?aki_policy=large"", ""https://a0.muscache.com/im/pictures/19942827/eb1d255a_original.jpg?aki_policy=large"", ""https://a0.muscache.com/im/pictures/19929977/f3657e88_original.jpg?aki_policy=large"", ""https://a0.muscache.com/im/pictures/19943204/3312e9b2_original.jpg?aki_policy=large"", ""https://a0.muscache.com/im/pictures/107330603/2c1b8c33_original.jpg?aki_policy=large"", ""https://a0.muscache.com/im/pictures/19063294/6c08e0bc_original.jpg?aki_policy=large"", ""https://a0.muscache.com/im/pictures/32009713/6db5649c_original.jpg?aki_policy=large"", ""https://a0.muscache.com/im/pictures/33793960/6518e897_original.jpg?aki_policy=large"", ""https://a0.muscache.com/im/pictures/19063118/15909a31_original.jpg?aki_policy=large"", ""https://a0.muscache.com/im/pictures/32009905/81488719_original.jpg?aki_policy=large"", ""https://a0.muscache.com/im/pictures/32009983/ff335258_original.jpg?aki_policy=large"", ""https://a0.muscache.com/im/pictures/107330583/dc81ada8_original.jpg?aki_policy=large"", ""https://a0.muscache.com/im/pictures/33793989/132070df_original.jpg?aki_policy=large"", ""https://a0.muscache.com/im/pictures/32009825/809cd20d_original.jpg?aki_policy=large"", ""https://a0.muscache.com/im/pictures/b3ca7c81-e895-4f96-8d12-bad5c28d6a32.jpg?aki_policy=large"", ""https://a0.muscache.com/im/pictures/0cc71a0b-ce07-4139-8afc-84324d37d64d.jpg?aki_policy=large"", ""https://a0.muscache.com/im/pictures/8c66b6e0-d870-46ad-8ff3-60b61a591729.jpg?aki_policy=large"", ""https://a0.muscache.com/im/pictures/f671e01e-5799-4caf-a1be-6a3422c03d47.jpg?aki_policy=large"", ""https://a0.muscache.com/im/pictures/84971d7e-3a13-4697-ba25-62180e044f3d.jpg?aki_policy=large""]";"{""beds"": 2, ""bedrooms"": 1, ""bathrooms"": 1.0, ""amenity_ids"": [1, 33, 129, 2, 3, 4, 38, 39, 8, 40, 72, 44, 45, 46, 57, 30, 62], ""is_rebookable"": false, ""is_new_listing"": false, ""is_fully_refundable"": true, ""is_host_highly_rated"": true, ""is_business_travel_ready"": false}";"{""weekly_factor"": 0.87, ""monthly_factor"": 0.67}";5987;"";"{""is_superhost"": true}"
1274994;APPARTEMENT PRÈS DU CANAL ST MARTIN;entire_home;Paris;10e arrondissement;48.8719875318;2.36958936798;6;"[""https://a0.muscache.com/im/pictures/51838222/81d8a1e1_original.jpg?aki_policy=large"", ""https://a0.muscache.com/im/pictures/51838251/86a4bd96_original.jpg?aki_policy=large"", ""https://a0.muscache.com/im/pictures/51838365/31d50d6a_original.jpg?aki_policy=large"", ""https://a0.muscache.com/im/pictures/51838390/460ecaf0_original.jpg?aki_policy=large"", ""https://a0.muscache.com/im/pictures/51838619/b0138a4b_original.jpg?aki_policy=large"", ""https://a0.muscache.com/im/pictures/51838996/f09ff8d6_original.jpg?aki_policy=large"", ""https://a0.muscache.com/im/pictures/51839139/ca1d8ab5_original.jpg?aki_policy=large"", ""https://a0.muscache.com/im/pictures/51839311/6be182f3_original.jpg?aki_policy=large"", ""https://a0.muscache.com/im/pictures/51839445/7e5cc994_original.jpg?aki_policy=large"", ""https://a0.muscache.com/im/pictures/51839652/45a1713a_original.jpg?aki_policy=large"", ""https://a0.muscache.com/im/pictures/51839512/16ba36a4_original.jpg?aki_policy=large"", ""https://a0.muscache.com/im/pictures/51839563/93343549_original.jpg?aki_policy=large"", ""https://a0.muscache.com/im/pictures/51839948/b967a912_original.jpg?aki_policy=large"", ""https://a0.muscache.com/im/pictures/51839772/f9e3d64f_original.jpg?aki_policy=large"", ""https://a0.muscache.com/im/pictures/51840043/49a78490_original.jpg?aki_policy=large""]";"{""beds"": 3, ""bedrooms"": 3, ""bathrooms"": 1.0, ""amenity_ids"": [1, 33, 2, 3, 35, 4, 8, 40, 12, 44, 45, 46, 47, 30, 31], ""is_rebookable"": false, ""is_new_listing"": false, ""is_fully_refundable"": true, ""is_host_highly_rated"": false, ""is_business_travel_ready"": false}";"{""weekly_factor"": 0.82, ""monthly_factor"": 0.52}";6812;"";"{""is_superhost"": false}"
1277299;PENTHOUSE 5/6 PEOPLE  EIFFEL TOWER;entire_home;Paris;Tour Eiffel - Champ de Mars;48.860523;2.298684;6;"[""https://a0.muscache.com/im/pictures/086ceda5-5458-4b6c-84d8-48f08eb37032.jpg?aki_policy=large"", ""https://a0.muscache.com/im/pictures/6ed2e37a-8735-4af2-8777-7bc8a73a10c7.jpg?aki_policy=large"", ""https://a0.muscache.com/im/pictures/19319011/76df3795_original.jpg?aki_policy=large"", ""https://a0.muscache.com/im/pictures/bef3e082-e6ed-4e77-b0c2-8c4c08653079.jpg?aki_policy=large"", ""https://a0.muscache.com/im/pictures/19257476/7e33ce0d_original.jpg?aki_policy=large"", ""https://a0.muscache.com/im/pictures/95b19a92-6131-46a7-9640-96e6562b4459.jpg?aki_policy=large"", ""https://a0.muscache.com/im/pictures/b81159cf-1f79-47a5-9244-f6e9147e05ab.jpg?aki_policy=large"", ""https://a0.muscache.com/im/pictures/e1c6983d-7ff9-422a-96f2-d66f0b94fc46.jpg?aki_policy=large"", ""https://a0.muscache.com/im/pictures/51064665/5c84e09b_original.jpg?aki_policy=large"", ""https://a0.muscache.com/im/pictures/9fb29de9-abb3-4cfb-b104-d695e7db814d.jpg?aki_policy=large"", ""https://a0.muscache.com/im/pictures/b638f0f3-d6ca-443f-aa0c-ae3fed1da51d.jpg?aki_policy=large""]";"{""beds"": 3, ""bedrooms"": 3, ""bathrooms"": 1.0, ""amenity_ids"": [1, 33, 2, 3, 35, 4, 8, 40, 43, 12, 44, 45, 46, 47, 21, 28, 30, 31], ""is_rebookable"": false, ""is_new_listing"": false, ""is_fully_refundable"": true, ""is_host_highly_rated"": false, ""is_business_travel_ready"": false}";"{""weekly_factor"": 0.95, ""monthly_factor"": 1.0}";5258;"";"{""is_superhost"": false}"
1285661;Triplex calme et lumineux Paris 10e;entire_home;Paris;Gare du Nord - Gare de I'Est;48.8750930311;2.34955559665;6;"[""https://a0.muscache.com/im/pictures/19737774/af57ad8d_original.jpg?aki_policy=large"", ""https://a0.muscache.com/im/pictures/19737959/dda5e1e1_original.jpg?aki_policy=large"", ""https://a0.muscache.com/im/pictures/19737880/f0863fbb_original.jpg?aki_policy=large"", ""https://a0.muscache.com/im/pictures/19738243/a7466a18_original.jpg?aki_policy=large"", ""https://a0.muscache.com/im/pictures/19739093/e5f4f423_original.jpg?aki_policy=large"", ""https://a0.muscache.com/im/pictures/19737990/523a6984_original.jpg?aki_policy=large"", ""https://a0.muscache.com/im/pictures/19739149/1a97ddbe_original.jpg?aki_policy=large"", ""https://a0.muscache.com/im/pictures/19737920/a936922d_original.jpg?aki_policy=large"", ""https://a0.muscache.com/im/pictures/19738302/250fffa5_original.jpg?aki_policy=large"", ""https://a0.muscache.com/im/pictures/19738328/0606991f_original.jpg?aki_policy=large"", ""https://a0.muscache.com/im/pictures/19738100/46ba18bf_original.jpg?aki_policy=large"", ""https://a0.muscache.com/im/pictures/19738417/1dd3309e_original.jpg?aki_policy=large"", ""https://a0.muscache.com/im/pictures/19738520/58863178_original.jpg?aki_policy=large"", ""https://a0.muscache.com/im/pictures/19738204/d8c67752_original.jpg?aki_policy=large"", ""https://a0.muscache.com/im/pictures/19738571/50a82169_original.jpg?aki_policy=large"", ""https://a0.muscache.com/im/pictures/19738470/5e9e8f09_original.jpg?aki_policy=large"", ""https://a0.muscache.com/im/pictures/19738494/643d74cf_original.jpg?aki_policy=large"", ""https://a0.muscache.com/im/pictures/19738551/b699dbdf_original.jpg?aki_policy=large"", ""https://a0.muscache.com/im/pictures/19738606/02991b22_original.jpg?aki_policy=large"", ""https://a0.muscache.com/im/pictures/19738641/1f26fd67_original.jpg?aki_policy=large"", ""https://a0.muscache.com/im/pictures/19738670/c078fe37_original.jpg?aki_policy=large"", ""https://a0.muscache.com/im/pictures/19738732/de258a56_original.jpg?aki_policy=large"", ""https://a0.muscache.com/im/pictures/19738750/35d915cb_original.jpg?aki_policy=large"", ""https://a0.muscache.com/im/pictures/19738773/f37d9b87_original.jpg?aki_policy=large"", ""https://a0.muscache.com/im/pictures/19738797/bb64b1b9_original.jpg?aki_policy=large"", ""https://a0.muscache.com/im/pictures/19739126/54c9d581_original.jpg?aki_policy=large"", ""https://a0.muscache.com/im/pictures/19739171/383b3d0f_original.jpg?aki_policy=large"", ""https://a0.muscache.com/im/pictures/19738830/e8c9fbab_original.jpg?aki_policy=large"", ""https://a0.muscache.com/im/pictures/19738870/5e318741_original.jpg?aki_policy=large"", ""https://a0.muscache.com/im/pictures/19738913/1d42bed5_original.jpg?aki_policy=large""]";"{""beds"": 4, ""bedrooms"": 4, ""bathrooms"": 2.0, ""amenity_ids"": [1, 129, 2, 3, 4, 8, 72, 77, 85, 27, 91, 92, 93, 30, 94, 31, 95, 96, 33, 34, 101, 40, 41, 44, 45, 46, 47], ""is_rebookable"": false, ""is_new_listing"": false, ""is_fully_refundable"": true, ""is_host_highly_rated"": true, ""is_business_travel_ready"": false}";"{""weekly_factor"": 0.9, ""monthly_factor"": 0.8}";1011;"";"{""is_superhost"": true}"
1290999;Grand duplex, comme une maison.;entire_home;Paris;Bastille;48.860058;2.375424;7;"[""https://a0.muscache.com/im/pictures/19458723/617ee1a4_original.jpg?aki_policy=large"", ""https://a0.muscache.com/im/pictures/19458581/539fa899_original.jpg?aki_policy=large"", ""https://a0.muscache.com/im/pictures/19458752/69ce99fe_original.jpg?aki_policy=large"", ""https://a0.muscache.com/im/pictures/19458795/f4f2e92b_original.jpg?aki_policy=large"", ""https://a0.muscache.com/im/pictures/19458814/cbb7a896_original.jpg?aki_policy=large"", ""https://a0.muscache.com/im/pictures/19458867/df9589d6_original.jpg?aki_policy=large"", ""https://a0.muscache.com/im/pictures/19459689/7cf36f85_original.jpg?aki_policy=large"", ""https://a0.muscache.com/im/pictures/19459664/06077b9b_original.jpg?aki_policy=large"", ""https://a0.muscache.com/im/pictures/19458879/e7f3091e_original.jpg?aki_policy=large"", ""https://a0.muscache.com/im/pictures/19459643/cd972ad2_original.jpg?aki_policy=large"", ""https://a0.muscache.com/im/pictures/19459715/4551c2ae_original.jpg?aki_policy=large"", ""https://a0.muscache.com/im/pictures/19459737/9c2b5df8_original.jpg?aki_policy=large"", ""https://a0.muscache.com/im/pictures/19459743/dac18d68_original.jpg?aki_policy=large"", ""https://a0.muscache.com/im/pictures/5b122e6f-71d9-4b12-b998-abf3c3f1c91b.jpg?aki_policy=large"", ""https://a0.muscache.com/im/pictures/38588714-eb2a-464e-8b96-e7819abe3240.jpg?aki_policy=large"", ""https://a0.muscache.com/im/pictures/f2727b0b-5650-406a-8975-9caf554153a3.jpg?aki_policy=large"", ""https://a0.muscache.com/im/pictures/00dffb41-5112-4c52-a55f-adb9ea89ca93.jpg?aki_policy=large"", ""https://a0.muscache.com/im/pictures/252a93e3-1644-4a60-9454-67df1620eca1.jpg?aki_policy=large"", ""https://a0.muscache.com/im/pictures/6c6ce6bf-dd18-486f-baa8-74dc21080342.jpg?aki_policy=large"", ""https://a0.muscache.com/im/pictures/40d941e5-0ed1-400d-bbcd-d8e50c34e8b4.jpg?aki_policy=large"", ""https://a0.muscache.com/im/pictures/e79ea80d-1414-4908-b617-ba880b819c44.jpg?aki_policy=large"", ""https://a0.muscache.com/im/pictures/f448c7cf-2bc6-4ab8-9a79-d5d2078baaea.jpg?aki_policy=large"", ""https://a0.muscache.com/im/pictures/3065ee51-e20c-4157-84e0-0df3d42aa42b.jpg?aki_policy=large"", ""https://a0.muscache.com/im/pictures/f31af6bf-1daa-4eef-9e34-f786992e3a94.jpg?aki_policy=large""]";"{""beds"": 4, ""bedrooms"": 3, ""bathrooms"": 2.0, ""amenity_ids"": [1, 129, 2, 3, 4, 8, 11, 75, 77, 85, 88, 89, 90, 91, 28, 92, 93, 30, 94, 31, 95, 32, 96, 33, 34, 35, 103, 40, 104, 41, 44, 45, 46, 47, 57], ""is_rebookable"": false, ""is_new_listing"": false, ""is_fully_refundable"": true, ""is_host_highly_rated"": true, ""is_business_travel_ready"": false}";"{""weekly_factor"": 1.0, ""monthly_factor"": 1.0}";6617;"";"{""is_superhost"": false}"
1309152;Studio Proche Pigalle / Montmartre;entire_home;Paris;Pigalle - Saint-Georges;48.8794889096;2.34019113629;2;"[""https://a0.muscache.com/im/pictures/20557569/55cd4153_original.jpg?aki_policy=large"", ""https://a0.muscache.com/im/pictures/20557515/ea4dbd2c_original.jpg?aki_policy=large"", ""https://a0.muscache.com/im/pictures/20557371/2ae673f5_original.jpg?aki_policy=large"", ""https://a0.muscache.com/im/pictures/f2c590c5-d767-44a3-837a-63b9c9a5a213.jpg?aki_policy=large"", ""https://a0.muscache.com/im/pictures/20557342/f2603931_original.jpg?aki_policy=large"", ""https://a0.muscache.com/im/pictures/20557439/d98256c1_original.jpg?aki_policy=large"", ""https://a0.muscache.com/im/pictures/20557496/27cd6d5f_original.jpg?aki_policy=large"", ""https://a0.muscache.com/im/pictures/20557584/6942dfdf_original.jpg?aki_policy=large"", ""https://a0.muscache.com/im/pictures/c4dbef45-83b9-417f-a119-f2412638d1fc.jpg?aki_policy=large"", ""https://a0.muscache.com/im/pictures/aab35fe1-84a9-4bc5-9964-cfc0ffa44112.jpg?aki_policy=large"", ""https://a0.muscache.com/im/pictures/b93745be-d466-4535-b3ef-b5dddf0f4b3f.jpg?aki_policy=large"", ""https://a0.muscache.com/im/pictures/20557610/652ca8e9_original.jpg?aki_policy=large""]";"{""beds"": 1, ""bedrooms"": 1, ""bathrooms"": 1.0, ""amenity_ids"": [1, 2, 3, 35, 4, 38, 8, 40, 72, 104, 10, 11, 44, 45, 77, 14, 46, 47, 51, 21, 54, 30, 31], ""is_rebookable"": false, ""is_new_listing"": false, ""is_fully_refundable"": true, ""is_host_highly_rated"": true, ""is_business_travel_ready"": false}";"{""weekly_factor"": 0.88, ""monthly_factor"": 0.8}";5219;"";"{""is_superhost"": false}"
1311786;Calm & cozy apartment - Canal St Martin;entire_home;Paris;République;48.8698017667;2.36538390707;2;"[""https://a0.muscache.com/im/pictures/10646100-b567-41a2-8a06-c53d1475726a.jpg?aki_policy=large"", ""https://a0.muscache.com/im/pictures/708d020b-e53e-42e7-badd-eb79c35b1fbb.jpg?aki_policy=large"", ""https://a0.muscache.com/im/pictures/8202b35f-1065-4bd9-8eb2-0cf79fcc7aaf.jpg?aki_policy=large"", ""https://a0.muscache.com/im/pictures/a3541ce0-4c11-4c4b-a27c-6731ef90a4b3.jpg?aki_policy=large"", ""https://a0.muscache.com/im/pictures/4be9281d-1d35-4486-8828-3351c2b392eb.jpg?aki_policy=large"", ""https://a0.muscache.com/im/pictures/c9f1c874-fc13-4151-8779-a92b7edb54af.jpg?aki_policy=large"", ""https://a0.muscache.com/im/pictures/35194b09-069e-4853-bbf8-06331ba8c661.jpg?aki_policy=large"", ""https://a0.muscache.com/im/pictures/9d26fae0-1aeb-4dcc-8460-45de371b18e1.jpg?aki_policy=large"", ""https://a0.muscache.com/im/pictures/564830e8-c019-48d5-8ae4-6a8fd56e78de.jpg?aki_policy=large"", ""https://a0.muscache.com/im/pictures/eca890b0-23fb-455f-8b00-2caf935a3ff4.jpg?aki_policy=large"", ""https://a0.muscache.com/im/pictures/df44fe98-801c-4732-8df2-38487c81cd47.jpg?aki_policy=large"", ""https://a0.muscache.com/im/pictures/dc17e28b-cac6-4553-a5ca-0e8b88e2c661.jpg?aki_policy=large""]";"{""beds"": 2, ""bedrooms"": 1, ""bathrooms"": 1.0, ""amenity_ids"": [33, 35, 4, 36, 8, 40, 41, 43, 44, 45, 109, 46, 110, 47, 16, 112, 113, 50, 115, 21, 30, 31], ""is_rebookable"": false, ""is_new_listing"": false, ""is_fully_refundable"": true, ""is_host_highly_rated"": true, ""is_business_travel_ready"": false}";"{""weekly_factor"": 0.88, ""monthly_factor"": 0.73}";4426;"";"{""is_superhost"": false}"
1327106;Freshly renovated & fully equipped;entire_home;Paris;"";48.8810880586;2.29457457264;2;"[""https://a0.muscache.com/im/pictures/21067833/a5d19797_original.jpg?aki_policy=large"", ""https://a0.muscache.com/im/pictures/21086389/1319434f_original.jpg?aki_policy=large"", ""https://a0.muscache.com/im/pictures/21162740/7b5754df_original.jpg?aki_policy=large"", ""https://a0.muscache.com/im/pictures/21086495/6694ca3f_original.jpg?aki_policy=large"", ""https://a0.muscache.com/im/pictures/21162678/fdd5beb6_original.jpg?aki_policy=large"", ""https://a0.muscache.com/im/pictures/21162791/addc8167_original.jpg?aki_policy=large"", ""https://a0.muscache.com/im/pictures/21086519/665bbfc7_original.jpg?aki_policy=large"", ""https://a0.muscache.com/im/pictures/19995408/1b15fe6e_original.jpg?aki_policy=large"", ""https://a0.muscache.com/im/pictures/21086499/cae90dfc_original.jpg?aki_policy=large"", ""https://a0.muscache.com/im/pictures/21086504/baf48446_original.jpg?aki_policy=large"", ""https://a0.muscache.com/im/pictures/21160345/50639d80_original.jpg?aki_policy=large""]";"{""beds"": 2, ""bedrooms"": 1, ""bathrooms"": 1.0, ""amenity_ids"": [131, 4, 8, 104, 10, 44, 45, 77, 46, 47, 30, 31, 287], ""is_rebookable"": false, ""is_new_listing"": false, ""is_fully_refundable"": true, ""is_host_highly_rated"": false, ""is_business_travel_ready"": false}";"{""weekly_factor"": 0.85, ""monthly_factor"": 0.47}";2245;"";"{""is_superhost"": false}"
1351671;Grand loft en plein coeur du Marais.;entire_home;Paris;3e arrondissement;48.8637927298;2.36414426577;6;"[""https://a0.muscache.com/im/pictures/ea9c5c4c-e545-46ea-8d09-9ba410069eb1.jpg?aki_policy=large"", ""https://a0.muscache.com/im/pictures/e5f4d21d-f299-4712-bf64-de2c3cf52188.jpg?aki_policy=large"", ""https://a0.muscache.com/im/pictures/687768c2-3bc6-44be-9df5-afadc42aaa54.jpg?aki_policy=large"", ""https://a0.muscache.com/im/pictures/cdbdbffb-3111-452a-8895-cc874071b7c7.jpg?aki_policy=large"", ""https://a0.muscache.com/im/pictures/37de79fe-c0f6-493f-befa-c5f5ae21fc4a.jpg?aki_policy=large"", ""https://a0.muscache.com/im/pictures/20416247/5e743eb7_original.jpg?aki_policy=large"", ""https://a0.muscache.com/im/pictures/20373335/b6da91d7_original.jpg?aki_policy=large"", ""https://a0.muscache.com/im/pictures/d25c5b5e-802d-45c9-8894-16e81f512841.jpg?aki_policy=large"", ""https://a0.muscache.com/im/pictures/05c0d979-bdfb-4944-b695-d2b0deab1d54.jpg?aki_policy=large"", ""https://a0.muscache.com/im/pictures/597a271d-b65b-4278-a660-64b7ea37e796.jpg?aki_policy=large"", ""https://a0.muscache.com/im/pictures/cc394c24-7846-4631-8d0c-93d040642a90.jpg?aki_policy=large"", ""https://a0.muscache.com/im/pictures/380d180b-6a5a-4993-9023-380388fb17f0.jpg?aki_policy=large"", ""https://a0.muscache.com/im/pictures/323addfb-62c1-4f33-8d3f-8a7e967b9bf4.jpg?aki_policy=large"", ""https://a0.muscache.com/im/pictures/3f978efe-877f-4d03-8c96-8770479f935d.jpg?aki_policy=large"", ""https://a0.muscache.com/im/pictures/ebe182a3-dad5-4502-bb4b-c50b35c3b755.jpg?aki_policy=large"", ""https://a0.muscache.com/im/pictures/73b93c73-b65b-4e95-b00b-3a4844e39f93.jpg?aki_policy=large"", ""https://a0.muscache.com/im/pictures/20373346/b1c6320a_original.jpg?aki_policy=large"", ""https://a0.muscache.com/im/pictures/a009e770-1555-434c-8183-e02ec8abb1a7.jpg?aki_policy=large"", ""https://a0.muscache.com/im/pictures/224992f9-1152-4676-a200-0f0c5209c922.jpg?aki_policy=large"", ""https://a0.muscache.com/im/pictures/3928dff8-547d-4357-b2d3-9f56af030167.jpg?aki_policy=large"", ""https://a0.muscache.com/im/pictures/f8dc318d-a166-4b9a-b4d3-da9fd63e6909.jpg?aki_policy=large"", ""https://a0.muscache.com/im/pictures/f0bbdfae-ea8d-463c-931b-fb96e28a8c25.jpg?aki_policy=large"", ""https://a0.muscache.com/im/pictures/20c6c5e6-0aa0-4d98-9a85-632d90038ed7.jpg?aki_policy=large"", ""https://a0.muscache.com/im/pictures/bcf1d03e-cc9d-40c9-85f3-397efef1372d.jpg?aki_policy=large"", ""https://a0.muscache.com/im/pictures/ffce2708-4d3a-446e-a6bc-a6c8ae30b9a7.jpg?aki_policy=large"", ""https://a0.muscache.com/im/pictures/56940c6b-247b-47c9-a439-fc16c3591a73.jpg?aki_policy=large"", ""https://a0.muscache.com/im/pictures/fbf40b2c-e422-49e6-a882-3ee00761e2b4.jpg?aki_policy=large"", ""https://a0.muscache.com/im/pictures/20373326/95bc65c2_original.jpg?aki_policy=large"", ""https://a0.muscache.com/im/pictures/20373308/b1275cb8_original.jpg?aki_policy=large"", ""https://a0.muscache.com/im/pictures/997ecb00-b4f5-454e-be90-e9024c216768.jpg?aki_policy=large""]";"{""beds"": 3, ""bedrooms"": 3, ""bathrooms"": 2.0, ""amenity_ids"": [1, 2, 66, 3, 4, 5, 6, 8, 72, 77, 21, 89, 90, 91, 92, 30, 94, 31, 95, 96, 33, 34, 98, 35, 40, 41, 44, 45, 46, 47, 111, 61], ""is_rebookable"": false, ""is_new_listing"": false, ""is_fully_refundable"": true, ""is_host_highly_rated"": true, ""is_business_travel_ready"": false}";"{""weekly_factor"": 1.0, ""monthly_factor"": 1.0}";4016;"";"{""is_superhost"": false}"
1363473;SUNNY ROOM IN EXCEPTIONAL PENTHOUSE;private_room;Paris;République;48.8671806925;2.37473558346;2;"[""https://a0.muscache.com/im/pictures/20548884/377e6995_original.jpg?aki_policy=large"", ""https://a0.muscache.com/im/pictures/20549297/c6f484f5_original.jpg?aki_policy=large"", ""https://a0.muscache.com/im/pictures/20549578/d33e38b9_original.jpg?aki_policy=large"", ""https://a0.muscache.com/im/pictures/20548848/51db2d38_original.jpg?aki_policy=large"", ""https://a0.muscache.com/im/pictures/20548690/fafe0b1b_original.jpg?aki_policy=large"", ""https://a0.muscache.com/im/pictures/20605304/f2a9800d_original.jpg?aki_policy=large"", ""https://a0.muscache.com/im/pictures/20548976/5bfa20b8_original.jpg?aki_policy=large"", ""https://a0.muscache.com/im/pictures/61602994/94d4a2fd_original.jpg?aki_policy=large"", ""https://a0.muscache.com/im/pictures/20549063/7b3b373a_original.jpg?aki_policy=large"", ""https://a0.muscache.com/im/pictures/20607552/efc30bd8_original.jpg?aki_policy=large""]";"{""beds"": 1, ""bedrooms"": 1, ""bathrooms"": 1.0, ""amenity_ids"": [1, 17, 33, 2, 18, 34, 3, 4, 21, 8, 28], ""is_rebookable"": false, ""is_new_listing"": false, ""is_fully_refundable"": true, ""is_host_highly_rated"": true, ""is_business_travel_ready"": false}";"{""weekly_factor"": 0.78, ""monthly_factor"": 0.54}";3951;"";"{""is_superhost"": false}"
1367612;Charmant Studio aux Buttes Chaumont;entire_home;Paris;Buttes-Chaumont - Belleville;48.8804152312;2.37546257152;2;"[""https://a0.muscache.com/im/pictures/21579879/be4b63f0_original.jpg?aki_policy=large"", ""https://a0.muscache.com/im/pictures/21579929/849169a6_original.jpg?aki_policy=large"", ""https://a0.muscache.com/im/pictures/21580089/999eb223_original.jpg?aki_policy=large"", ""https://a0.muscache.com/im/pictures/21580176/9c8d75dd_original.jpg?aki_policy=large"", ""https://a0.muscache.com/im/pictures/20613770/6d2e5dba_original.jpg?aki_policy=large"", ""https://a0.muscache.com/im/pictures/20613784/ba1f04fb_original.jpg?aki_policy=large"", ""https://a0.muscache.com/im/pictures/20613790/dfcf2f92_original.jpg?aki_policy=large"", ""https://a0.muscache.com/im/pictures/20613803/1f9fa586_original.jpg?aki_policy=large"", ""https://a0.muscache.com/im/pictures/20613884/f76b579f_original.jpg?aki_policy=large"", ""https://a0.muscache.com/im/pictures/20613811/8363615c_original.jpg?aki_policy=large"", ""https://a0.muscache.com/im/pictures/20613823/9952a83c_original.jpg?aki_policy=large"", ""https://a0.muscache.com/im/pictures/20613841/760d2e28_original.jpg?aki_policy=large"", ""https://a0.muscache.com/im/pictures/08745a84-e1bd-4100-a0fb-ad6c98015481.jpg?aki_policy=large"", ""https://a0.muscache.com/im/pictures/de878780-1254-425b-ab34-1e3f6f803908.jpg?aki_policy=large"", ""https://a0.muscache.com/im/pictures/19e5b9eb-0c44-4ea4-958f-487377200a56.jpg?aki_policy=large""]";"{""beds"": 1, ""bedrooms"": 0, ""bathrooms"": 1.0, ""amenity_ids"": [33, 2, 34, 131, 4, 21, 8, 12, 28, 30], ""is_rebookable"": false, ""is_new_listing"": false, ""is_fully_refundable"": true, ""is_host_highly_rated"": false, ""is_business_travel_ready"": false}";"{""weekly_factor"": 0.9, ""monthly_factor"": 0.73}";1690;"";"{""is_superhost"": false}"
1373705;Saint Germain beautiful bright flat;entire_home;Paris;Saint Germain des Prés - Odéon;48.8545044752;2.33985716551;4;"[""https://a0.muscache.com/im/pictures/20666113/bd74f946_original.jpg?aki_policy=large"", ""https://a0.muscache.com/im/pictures/20665503/6c0212ae_original.jpg?aki_policy=large"", ""https://a0.muscache.com/im/pictures/20665465/ca00809d_original.jpg?aki_policy=large"", ""https://a0.muscache.com/im/pictures/20665590/cc33569c_original.jpg?aki_policy=large"", ""https://a0.muscache.com/im/pictures/20665111/c83f439e_original.jpg?aki_policy=large"", ""https://a0.muscache.com/im/pictures/20665203/1b9eec82_original.jpg?aki_policy=large"", ""https://a0.muscache.com/im/pictures/20665774/1faacc20_original.jpg?aki_policy=large"", ""https://a0.muscache.com/im/pictures/20670428/493bcc89_original.jpg?aki_policy=large"", ""https://a0.muscache.com/im/pictures/20670460/4e63e55f_original.jpg?aki_policy=large"", ""https://a0.muscache.com/im/pictures/20665829/b1ec7334_original.jpg?aki_policy=large"", ""https://a0.muscache.com/im/pictures/20665798/92082035_original.jpg?aki_policy=large"", ""https://a0.muscache.com/im/pictures/20665888/71b49a88_original.jpg?aki_policy=large"", ""https://a0.muscache.com/im/pictures/20665348/55f4c33a_original.jpg?aki_policy=large"", ""https://a0.muscache.com/im/pictures/20665909/cc5b4ebd_original.jpg?aki_policy=large"", ""https://a0.muscache.com/im/pictures/20665932/ab8f94fb_original.jpg?aki_policy=large"", ""https://a0.muscache.com/im/pictures/20665986/18de57f6_original.jpg?aki_policy=large"", ""https://a0.muscache.com/im/pictures/20666030/64998740_original.jpg?aki_policy=large"", ""https://a0.muscache.com/im/pictures/20666174/89b831d8_original.jpg?aki_policy=large"", ""https://a0.muscache.com/im/pictures/20666047/fdb2fe7b_original.jpg?aki_policy=large"", ""https://a0.muscache.com/im/pictures/20666151/0552e862_original.jpg?aki_policy=large"", ""https://a0.muscache.com/im/pictures/20666208/2b2218da_original.jpg?aki_policy=large"", ""https://a0.muscache.com/im/pictures/20666085/0a4b863d_original.jpg?aki_policy=large"", ""https://a0.muscache.com/im/pictures/20666067/1e5fc32d_original.jpg?aki_policy=large""]";"{""beds"": 3, ""bedrooms"": 1, ""bathrooms"": 1.0, ""amenity_ids"": [1, 33, 129, 2, 35, 4, 103, 8, 40, 104, 41, 44, 45, 77, 46, 47, 30, 31], ""is_rebookable"": false, ""is_new_listing"": false, ""is_fully_refundable"": true, ""is_host_highly_rated"": true, ""is_business_travel_ready"": false}";"{""weekly_factor"": 1.0, ""monthly_factor"": 0.4}";7791;"";"{""is_superhost"": false}"
1390849;COSY AND CALM APT / EIFFEL TOWER;entire_home;Paris;Commerce - Dupleix;48.854247311;2.28879269359;2;"[""https://a0.muscache.com/im/pictures/21595785/05c1471f_original.jpg?aki_policy=large"", ""https://a0.muscache.com/im/pictures/21595913/c710d414_original.jpg?aki_policy=large"", ""https://a0.muscache.com/im/pictures/21595871/408360ad_original.jpg?aki_policy=large"", ""https://a0.muscache.com/im/pictures/21595672/27c87e11_original.jpg?aki_policy=large"", ""https://a0.muscache.com/im/pictures/21595704/86c2b7d1_original.jpg?aki_policy=large"", ""https://a0.muscache.com/im/pictures/21595793/bde77fdd_original.jpg?aki_policy=large"", ""https://a0.muscache.com/im/pictures/21595432/225b15e0_original.jpg?aki_policy=large"", ""https://a0.muscache.com/im/pictures/21595457/36ef708f_original.jpg?aki_policy=large"", ""https://a0.muscache.com/im/pictures/21595477/2aa9d647_original.jpg?aki_policy=large"", ""https://a0.muscache.com/im/pictures/21595505/579d5986_original.jpg?aki_policy=large"", ""https://a0.muscache.com/im/pictures/21595575/1b45d74a_original.jpg?aki_policy=large"", ""https://a0.muscache.com/im/pictures/21595597/e37c6593_original.jpg?aki_policy=large"", ""https://a0.muscache.com/im/pictures/21595650/418b3cc6_original.jpg?aki_policy=large"", ""https://a0.muscache.com/im/pictures/21595962/f16b0f70_original.jpg?aki_policy=large""]";"{""beds"": 2, ""bedrooms"": 1, ""bathrooms"": 1.5, ""amenity_ids"": [1, 129, 2, 3, 4, 8, 10, 77, 21, 85, 23, 28, 30, 31, 33, 34, 35, 36, 37, 103, 40, 41, 43, 44, 46, 47], ""is_rebookable"": false, ""is_new_listing"": false, ""is_fully_refundable"": true, ""is_host_highly_rated"": true, ""is_business_travel_ready"": false}";"{""weekly_factor"": 1.0, ""monthly_factor"": 0.9}";7418;"";"{""is_superhost"": false}"
1398893;Charming old parisian atelier;entire_home;Paris;Buttes-Chaumont - Belleville;48.8733079913;2.38038879015;2;"[""https://a0.muscache.com/im/pictures/41251482/189b4c7b_original.jpg?aki_policy=large"", ""https://a0.muscache.com/im/pictures/be00eca6-35fb-43d4-accd-394ba3e30458.jpg?aki_policy=large"", ""https://a0.muscache.com/im/pictures/41251394/edf76306_original.jpg?aki_policy=large"", ""https://a0.muscache.com/im/pictures/20963092/d94c9697_original.jpg?aki_policy=large"", ""https://a0.muscache.com/im/pictures/41251311/e8f1944f_original.jpg?aki_policy=large"", ""https://a0.muscache.com/im/pictures/ffd4481d-b5a0-4b70-8cb2-55431f9091ac.jpg?aki_policy=large"", ""https://a0.muscache.com/im/pictures/ec2a535c-013b-4449-9e48-090f773499a2.jpg?aki_policy=large"", ""https://a0.muscache.com/im/pictures/08216a54-7fda-468c-8b59-c8b073145934.jpg?aki_policy=large"", ""https://a0.muscache.com/im/pictures/20963065/9fb81da3_original.jpg?aki_policy=large"", ""https://a0.muscache.com/im/pictures/24971456/2646a5eb_original.jpg?aki_policy=large"", ""https://a0.muscache.com/im/pictures/24971229/8066ec4b_original.jpg?aki_policy=large"", ""https://a0.muscache.com/im/pictures/25052436/761edb0c_original.jpg?aki_policy=large"", ""https://a0.muscache.com/im/pictures/25052277/9892227a_original.jpg?aki_policy=large"", ""https://a0.muscache.com/im/pictures/41253402/11ba2a0a_original.jpg?aki_policy=large"", ""https://a0.muscache.com/im/pictures/f54c8a7d-34c4-4e74-97bd-497915f78812.jpg?aki_policy=large"", ""https://a0.muscache.com/im/pictures/20963186/2ffd7a17_original.jpg?aki_policy=large"", ""https://a0.muscache.com/im/pictures/25052289/d014ce0a_original.jpg?aki_policy=large"", ""https://a0.muscache.com/im/pictures/41282437/47db6ad2_original.jpg?aki_policy=large"", ""https://a0.muscache.com/im/pictures/41251154/06db9a82_original.jpg?aki_policy=large"", ""https://a0.muscache.com/im/pictures/41282056/feeadee6_original.jpg?aki_policy=large"", ""https://a0.muscache.com/im/pictures/20963258/5beb6172_original.jpg?aki_policy=large"", ""https://a0.muscache.com/im/pictures/25052481/0570a367_original.jpg?aki_policy=large"", ""https://a0.muscache.com/im/pictures/41281895/fcae8555_original.jpg?aki_policy=large"", ""https://a0.muscache.com/im/pictures/20963527/00a809b5_original.jpg?aki_policy=large"", ""https://a0.muscache.com/im/pictures/20963268/89e3ce79_original.jpg?aki_policy=large"", ""https://a0.muscache.com/im/pictures/20963292/578347ad_original.jpg?aki_policy=large"", ""https://a0.muscache.com/im/pictures/20963428/9ba66518_original.jpg?aki_policy=large"", ""https://a0.muscache.com/im/pictures/5d071335-7b61-4ae6-be7d-328c3ae7e200.jpg?aki_policy=large"", ""https://a0.muscache.com/im/pictures/c19650a5-4af0-4bc0-b927-73201c7a3ebe.jpg?aki_policy=large"", ""https://a0.muscache.com/im/pictures/82a5759e-a67f-4ada-9103-3b70fb7145e1.jpg?aki_policy=large""]";"{""beds"": 1, ""bedrooms"": 1, ""bathrooms"": 1.0, ""amenity_ids"": [1, 129, 2, 4, 8, 10, 77, 85, 23, 87, 88, 89, 90, 91, 92, 93, 30, 94, 31, 95, 287, 96, 33, 35, 101, 40, 104, 41, 44, 45, 46, 61], ""is_rebookable"": false, ""is_new_listing"": false, ""is_fully_refundable"": true, ""is_host_highly_rated"": false, ""is_business_travel_ready"": false}";"{""weekly_factor"": 1.0, ""monthly_factor"": 1.0}";4403;"";"{""is_superhost"": false}"
1399821;APPARTEMENT SAINT GERMAIN DES PRES;entire_home;Paris;Invalides - Ecole Militaire;48.8595287136;2.31770127638;4;"[""https://a0.muscache.com/im/pictures/20976408/1cda487c_original.jpg?aki_policy=large"", ""https://a0.muscache.com/im/pictures/20976428/13d98ff2_original.jpg?aki_policy=large"", ""https://a0.muscache.com/im/pictures/20976457/845bb010_original.jpg?aki_policy=large"", ""https://a0.muscache.com/im/pictures/20976475/3538fdca_original.jpg?aki_policy=large"", ""https://a0.muscache.com/im/pictures/20976505/0fd14e75_original.jpg?aki_policy=large"", ""https://a0.muscache.com/im/pictures/20976526/b9a9d437_original.jpg?aki_policy=large"", ""https://a0.muscache.com/im/pictures/21120576/b1e78087_original.jpg?aki_policy=large"", ""https://a0.muscache.com/im/pictures/21120555/5242e689_original.jpg?aki_policy=large"", ""https://a0.muscache.com/im/pictures/21120542/1130f310_original.jpg?aki_policy=large"", ""https://a0.muscache.com/im/pictures/21120565/3b8d5410_original.jpg?aki_policy=large"", ""https://a0.muscache.com/im/pictures/21120599/967a474e_original.jpg?aki_policy=large"", ""https://a0.muscache.com/im/pictures/21129100/06fb824a_original.jpg?aki_policy=large""]";"{""beds"": 2, ""bedrooms"": 1, ""bathrooms"": 1.0, ""amenity_ids"": [1, 33, 2, 34, 3, 4, 36, 8, 40, 41, 43, 44, 45, 46, 47, 30, 31], ""is_rebookable"": false, ""is_new_listing"": false, ""is_fully_refundable"": true, ""is_host_highly_rated"": false, ""is_business_travel_ready"": false}";"{""weekly_factor"": 1.0, ""monthly_factor"": 1.0}";5308;"";"{""is_superhost"": false}"
1409596;Appartement Zen Oberkampf;entire_home;Paris;République;48.8684310699;2.37799209234;2;"[""https://a0.muscache.com/im/pictures/21088472/dec59e99_original.jpg?aki_policy=large"", ""https://a0.muscache.com/im/pictures/21088866/930f4939_original.jpg?aki_policy=large"", ""https://a0.muscache.com/im/pictures/21088527/9f9e891f_original.jpg?aki_policy=large"", ""https://a0.muscache.com/im/pictures/21088554/260e0928_original.jpg?aki_policy=large"", ""https://a0.muscache.com/im/pictures/21088616/23af1546_original.jpg?aki_policy=large"", ""https://a0.muscache.com/im/pictures/21088647/b135a5a0_original.jpg?aki_policy=large"", ""https://a0.muscache.com/im/pictures/21088708/a750b373_original.jpg?aki_policy=large"", ""https://a0.muscache.com/im/pictures/21088746/c8f736fa_original.jpg?aki_policy=large"", ""https://a0.muscache.com/im/pictures/21088778/18d968f8_original.jpg?aki_policy=large"", ""https://a0.muscache.com/im/pictures/21088817/f1bf845a_original.jpg?aki_policy=large""]";"{""beds"": 1, ""bedrooms"": 1, ""bathrooms"": 1.0, ""amenity_ids"": [3, 4, 85, 87, 8, 40, 44, 30, 47], ""is_rebookable"": false, ""is_new_listing"": false, ""is_fully_refundable"": true, ""is_host_highly_rated"": false, ""is_business_travel_ready"": false}";"{""weekly_factor"": 0.9, ""monthly_factor"": 0.75}";6048;"";"{""is_superhost"": false}"
1409619;Grand APT de CHARME / Oberkampf;entire_home;Paris;République;48.8622249054;2.37302243352;5;"[""https://a0.muscache.com/im/pictures/21092846/b7558139_original.jpg?aki_policy=large"", ""https://a0.muscache.com/im/pictures/35504662/2420d9df_original.jpg?aki_policy=large"", ""https://a0.muscache.com/im/pictures/21093170/e335befe_original.jpg?aki_policy=large"", ""https://a0.muscache.com/im/pictures/35504471/4e743150_original.jpg?aki_policy=large"", ""https://a0.muscache.com/im/pictures/35504533/2f36e3f2_original.jpg?aki_policy=large"", ""https://a0.muscache.com/im/pictures/35504610/13365955_original.jpg?aki_policy=large"", ""https://a0.muscache.com/im/pictures/35504786/54f1be48_original.jpg?aki_policy=large"", ""https://a0.muscache.com/im/pictures/35504700/f14de3a3_original.jpg?aki_policy=large"", ""https://a0.muscache.com/im/pictures/35504754/ff30ed8d_original.jpg?aki_policy=large"", ""https://a0.muscache.com/im/pictures/21155633/77466643_original.jpg?aki_policy=large"", ""https://a0.muscache.com/im/pictures/35504905/91372310_original.jpg?aki_policy=large"", ""https://a0.muscache.com/im/pictures/35505006/62b1bdbe_original.jpg?aki_policy=large"", ""https://a0.muscache.com/im/pictures/35505044/a68bb9fd_original.jpg?aki_policy=large"", ""https://a0.muscache.com/im/pictures/35505084/6842acdb_original.jpg?aki_policy=large"", ""https://a0.muscache.com/im/pictures/35505369/6da5d6bd_original.jpg?aki_policy=large"", ""https://a0.muscache.com/im/pictures/35505345/d5d2cd7d_original.jpg?aki_policy=large"", ""https://a0.muscache.com/im/pictures/35505291/b68f8dda_original.jpg?aki_policy=large"", ""https://a0.muscache.com/im/pictures/35505316/7c696e67_original.jpg?aki_policy=large"", ""https://a0.muscache.com/im/pictures/22175562/a8cdc715_original.jpg?aki_policy=large"", ""https://a0.muscache.com/im/pictures/22175518/1010efbc_original.jpg?aki_policy=large"", ""https://a0.muscache.com/im/pictures/35505405/2e19cdd5_original.jpg?aki_policy=large"", ""https://a0.muscache.com/im/pictures/35505446/528757c6_original.jpg?aki_policy=large"", ""https://a0.muscache.com/im/pictures/35505162/bfd12839_original.jpg?aki_policy=large"", ""https://a0.muscache.com/im/pictures/35505194/ea97ec61_original.jpg?aki_policy=large"", ""https://a0.muscache.com/im/pictures/35505217/a9b4a178_original.jpg?aki_policy=large"", ""https://a0.muscache.com/im/pictures/35505270/c4c4e447_original.jpg?aki_policy=large"", ""https://a0.muscache.com/im/pictures/21092983/4b55dcc2_original.jpg?aki_policy=large"", ""https://a0.muscache.com/im/pictures/35505528/f787b10b_original.jpg?aki_policy=large"", ""https://a0.muscache.com/im/pictures/35505581/0780f5bd_original.jpg?aki_policy=large"", ""https://a0.muscache.com/im/pictures/35505622/5d0b9905_original.jpg?aki_policy=large""]";"{""beds"": 3, ""bedrooms"": 3, ""bathrooms"": 1.0, ""amenity_ids"": [1, 33, 129, 3, 35, 4, 103, 8, 40, 41, 11, 44, 45, 77, 46, 47, 50, 21, 30, 31], ""is_rebookable"": false, ""is_new_listing"": false, ""is_fully_refundable"": true, ""is_host_highly_rated"": true, ""is_business_travel_ready"": false}";"{""weekly_factor"": 0.95, ""monthly_factor"": 0.85}";3125;"";"{""is_superhost"": false}"
1410564;Beautiful Studio with Garden Views, full of light;entire_home;Paris;Invalides - Ecole Militaire;48.8567310702;2.3213853992;1;"[""https://a0.muscache.com/im/pictures/29596984/05b8d837_original.jpg?aki_policy=large"", ""https://a0.muscache.com/im/pictures/21098680/f9c97f90_original.jpg?aki_policy=large"", ""https://a0.muscache.com/im/pictures/21098753/75919575_original.jpg?aki_policy=large"", ""https://a0.muscache.com/im/pictures/29596968/339b99fa_original.jpg?aki_policy=large"", ""https://a0.muscache.com/im/pictures/29596989/663754df_original.jpg?aki_policy=large"", ""https://a0.muscache.com/im/pictures/29597018/5f4f4453_original.jpg?aki_policy=large"", ""https://a0.muscache.com/im/pictures/29597030/150f88da_original.jpg?aki_policy=large"", ""https://a0.muscache.com/im/pictures/29597019/5d3c2441_original.jpg?aki_policy=large"", ""https://a0.muscache.com/im/pictures/29596997/2e81cccb_original.jpg?aki_policy=large"", ""https://a0.muscache.com/im/pictures/29597056/ef1ecd15_original.jpg?aki_policy=large"", ""https://a0.muscache.com/im/pictures/29597097/177e01d3_original.jpg?aki_policy=large"", ""https://a0.muscache.com/im/pictures/29597067/61f341f9_original.jpg?aki_policy=large"", ""https://a0.muscache.com/im/pictures/29597089/eb90ba70_original.jpg?aki_policy=large"", ""https://a0.muscache.com/im/pictures/29597125/2a1b5805_original.jpg?aki_policy=large"", ""https://a0.muscache.com/im/pictures/29597177/8b1f3c8b_original.jpg?aki_policy=large""]";"{""beds"": 1, ""bedrooms"": 1, ""bathrooms"": 1.0, ""amenity_ids"": [32, 129, 3, 4, 8, 40, 104, 44, 77, 47, 49, 50, 28, 30], ""is_rebookable"": false, ""is_new_listing"": false, ""is_fully_refundable"": true, ""is_host_highly_rated"": true, ""is_business_travel_ready"": false}";"{""weekly_factor"": 0.92, ""monthly_factor"": 0.75}";4612;"";"{""is_superhost"": false}"
1413841;Séjournez près de la Tour Eiffel;entire_home;Paris;Tour Eiffel - Champ de Mars;48.8510970369;2.30019904614;8;"[""https://a0.muscache.com/im/pictures/fa602cb7-69f0-46f5-a060-2ac8a6af6b44.jpg?aki_policy=large"", ""https://a0.muscache.com/im/pictures/5977fcd2-e5da-4827-a81e-99fd41acf605.jpg?aki_policy=large"", ""https://a0.muscache.com/im/pictures/9a84ecd2-cb28-44e8-a2fb-ad0ac712c606.jpg?aki_policy=large"", ""https://a0.muscache.com/im/pictures/5311bb87-b92b-48a7-88af-ae3b5f0086f9.jpg?aki_policy=large"", ""https://a0.muscache.com/im/pictures/2e285ffa-461c-4f79-a5de-1a2e84034764.jpg?aki_policy=large"", ""https://a0.muscache.com/im/pictures/8da589e3-ac44-4362-99dc-df67258d2716.jpg?aki_policy=large"", ""https://a0.muscache.com/im/pictures/5ec52f3f-7e0d-47b3-913d-0e5145946a52.jpg?aki_policy=large"", ""https://a0.muscache.com/im/pictures/64179329/cb15e11f_original.jpg?aki_policy=large"", ""https://a0.muscache.com/im/pictures/fe9ff023-4c80-49ea-a08b-a11eca99e791.jpg?aki_policy=large"", ""https://a0.muscache.com/im/pictures/6a141a35-2e28-405d-9f2c-420fc0ea6cc1.jpg?aki_policy=large"", ""https://a0.muscache.com/im/pictures/d9c607b2-f4bd-491d-badd-a95074950ab9.jpg?aki_policy=large"", ""https://a0.muscache.com/im/pictures/95182051/e316fd89_original.jpg?aki_policy=large"", ""https://a0.muscache.com/im/pictures/5fb0b171-9ae0-4686-a1ed-a424ab2797a3.jpg?aki_policy=large"", ""https://a0.muscache.com/im/pictures/95196298/ec5a1eb9_original.jpg?aki_policy=large"", ""https://a0.muscache.com/im/pictures/95196241/77493c34_original.jpg?aki_policy=large"", ""https://a0.muscache.com/im/pictures/95196268/5e5bc1fe_original.jpg?aki_policy=large"", ""https://a0.muscache.com/im/pictures/35009777/48e92ab3_original.jpg?aki_policy=large"", ""https://a0.muscache.com/im/pictures/21136847/645923ed_original.jpg?aki_policy=large"", ""https://a0.muscache.com/im/pictures/21136040/58dafd94_original.jpg?aki_policy=large"", ""https://a0.muscache.com/im/pictures/95182079/6533a17b_original.jpg?aki_policy=large"", ""https://a0.muscache.com/im/pictures/80e636cb-0752-4648-a621-ff535477ab9e.jpg?aki_policy=large"", ""https://a0.muscache.com/im/pictures/094224b9-ebdc-47e5-81d1-35bdcbc9710e.jpg?aki_policy=large"", ""https://a0.muscache.com/im/pictures/9e279db8-5335-46e1-8051-e96f40ace8fe.jpg?aki_policy=large"", ""https://a0.muscache.com/im/pictures/95240686/ae219a6c_original.jpg?aki_policy=large"", ""https://a0.muscache.com/im/pictures/db6c4c86-b886-430c-bd5d-36a66b2e525c.jpg?aki_policy=large"", ""https://a0.muscache.com/im/pictures/2d0bf3ca-9cce-45a1-aa27-7c174525ca8f.jpg?aki_policy=large"", ""https://a0.muscache.com/im/pictures/95181736/b33e796a_original.jpg?aki_policy=large"", ""https://a0.muscache.com/im/pictures/95181770/4f3cf006_original.jpg?aki_policy=large"", ""https://a0.muscache.com/im/pictures/95181839/f6c7aa29_original.jpg?aki_policy=large"", ""https://a0.muscache.com/im/pictures/35005329/df8eaaf9_original.jpg?aki_policy=large""]";"{""beds"": 4, ""bedrooms"": 3, ""bathrooms"": 2.0, ""amenity_ids"": [1, 129, 2, 3, 4, 8, 10, 21, 28, 30, 31, 33, 34, 35, 36, 37, 38, 39, 40, 41, 43, 44, 45, 46, 47, 57, 60, 62, 63, 64, 66, 68, 71, 72, 73, 74, 77, 85, 86, 87, 90, 91, 92, 93, 94, 95, 96, 100, 101, 103, 111], ""is_rebookable"": false, ""is_new_listing"": false, ""is_fully_refundable"": true, ""is_host_highly_rated"": true, ""is_business_travel_ready"": false}";"{""weekly_factor"": 0.9, ""monthly_factor"": 0.8}";3434;"";"{""is_superhost"": true}"
28422035;Collection room near Eiffel Tower;private_room;Paris;Auteuil;48.8501147353;2.27549232779;2;"[""https://a0.muscache.com/im/pictures/5cdcc657-fe66-43d0-911e-2bd8f044fa60.jpg?aki_policy=large"", ""https://a0.muscache.com/im/pictures/74f0f158-4d1c-4879-b37a-87f96cb6628d.jpg?aki_policy=large"", ""https://a0.muscache.com/im/pictures/90c8894a-9117-4d00-a782-4b9da5962c3f.jpg?aki_policy=large"", ""https://a0.muscache.com/im/pictures/b2165a67-ae8a-4192-8558-e87da85d7490.jpg?aki_policy=large"", ""https://a0.muscache.com/im/pictures/c7ad0b60-5514-4685-b0cf-00d8e6c9684c.jpg?aki_policy=large"", ""https://a0.muscache.com/im/pictures/ca3e9b3e-21de-4a46-9b18-02c4da170b66.jpg?aki_policy=large"", ""https://a0.muscache.com/im/pictures/af6e7662-c7bd-4988-a7ae-38ff95c6ffff.jpg?aki_policy=large"", ""https://a0.muscache.com/im/pictures/063249a5-f12c-41c6-a6c9-4c7c3f62960c.jpg?aki_policy=large"", ""https://a0.muscache.com/im/pictures/6c9fb2f5-ab04-4803-9a35-32266e83437a.jpg?aki_policy=large"", ""https://a0.muscache.com/im/pictures/9bdde05f-25ac-4715-853a-024e5eead312.jpg?aki_policy=large"", ""https://a0.muscache.com/im/pictures/5adc1381-c83e-4738-8e23-48bddba2528d.jpg?aki_policy=large"", ""https://a0.muscache.com/im/pictures/cb6f8af8-2647-44ef-82b0-c3fd447c02b6.jpg?aki_policy=large"", ""https://a0.muscache.com/im/pictures/37e81038-33f8-455a-8c59-389a2ef0fa78.jpg?aki_policy=large"", ""https://a0.muscache.com/im/pictures/a07203fd-7f0c-4362-a724-3f50f512b168.jpg?aki_policy=large"", ""https://a0.muscache.com/im/pictures/4ae8f1c4-b48d-447c-92e0-2e4be81dde7d.jpg?aki_policy=large"", ""https://a0.muscache.com/im/pictures/c2c5c298-df51-4923-9864-cbeac5dd092c.jpg?aki_policy=large""]";"{""beds"": 1, ""bedrooms"": 1, ""bathrooms"": 1.0, ""amenity_ids"": [128, 1, 2, 4, 5, 7, 77, 15, 85, 86, 87, 30, 35, 37, 39, 103, 40, 41, 44, 45, 46, 110, 111, 112, 51, 115, 55, 127], ""is_rebookable"": false, ""is_new_listing"": true, ""is_fully_refundable"": true, ""is_host_highly_rated"": true, ""is_business_travel_ready"": false}";"{""weekly_factor"": 1.0, ""monthly_factor"": 1.0}";4480;"";"{""is_superhost"": false}"
1430881;Fleur de Rosiers, 1Ch/1Sdb, 3 pers.;entire_home;Paris 4e arrondissement;Le Marais;48.8575328403;2.35865555468;3;"[""https://a0.muscache.com/im/pictures/21422928/1295fd8c_original.jpg?aki_policy=large"", ""https://a0.muscache.com/im/pictures/21423100/da0c0dea_original.jpg?aki_policy=large"", ""https://a0.muscache.com/im/pictures/21422988/0c947679_original.jpg?aki_policy=large"", ""https://a0.muscache.com/im/pictures/21423084/f02d363d_original.jpg?aki_policy=large"", ""https://a0.muscache.com/im/pictures/21423052/765b74bf_original.jpg?aki_policy=large"", ""https://a0.muscache.com/im/pictures/21423046/21ae2b52_original.jpg?aki_policy=large"", ""https://a0.muscache.com/im/pictures/21422965/90943e18_original.jpg?aki_policy=large"", ""https://a0.muscache.com/im/pictures/21422950/6677cb2d_original.jpg?aki_policy=large"", ""https://a0.muscache.com/im/pictures/21422976/f75469bd_original.jpg?aki_policy=large"", ""https://a0.muscache.com/im/pictures/21423035/35d950ba_original.jpg?aki_policy=large"", ""https://a0.muscache.com/im/pictures/21423139/a4d81f88_original.jpg?aki_policy=large""]";"{""beds"": 1, ""bedrooms"": 1, ""bathrooms"": 1.0, ""amenity_ids"": [1, 33, 2, 35, 4, 8, 44, 45, 30, 46, 31, 47], ""is_rebookable"": false, ""is_new_listing"": false, ""is_fully_refundable"": true, ""is_host_highly_rated"": true, ""is_business_travel_ready"": false}";"{""weekly_factor"": 0.86, ""monthly_factor"": 0.52}";6334;"";"{""is_superhost"": false}"
1609286;HAUSSMANN OPERA MADELEINE A;entire_home;Paris;Saint-Lazare;48.8751123892;2.32265362031;4;"[""https://a0.muscache.com/im/pictures/26490919/ab5f9339_original.jpg?aki_policy=large"", ""https://a0.muscache.com/im/pictures/26490904/08378e2a_original.jpg?aki_policy=large"", ""https://a0.muscache.com/im/pictures/26490898/6b4f9318_original.jpg?aki_policy=large"", ""https://a0.muscache.com/im/pictures/26490890/5d56a184_original.jpg?aki_policy=large"", ""https://a0.muscache.com/im/pictures/26490910/54905742_original.jpg?aki_policy=large"", ""https://a0.muscache.com/im/pictures/26490922/909fac67_original.jpg?aki_policy=large"", ""https://a0.muscache.com/im/pictures/26490885/288851ab_original.jpg?aki_policy=large"", ""https://a0.muscache.com/im/pictures/26490874/905279d8_original.jpg?aki_policy=large"", ""https://a0.muscache.com/im/pictures/26490892/bd2b9839_original.jpg?aki_policy=large"", ""https://a0.muscache.com/im/pictures/26490917/a8784de9_original.jpg?aki_policy=large"", ""https://a0.muscache.com/im/pictures/26490923/be9ca78b_original.jpg?aki_policy=large"", ""https://a0.muscache.com/im/pictures/26506277/02abe823_original.jpg?aki_policy=large"", ""https://a0.muscache.com/im/pictures/26506284/b704b662_original.jpg?aki_policy=large"", ""https://a0.muscache.com/im/pictures/26506280/456009b2_original.jpg?aki_policy=large"", ""https://a0.muscache.com/im/pictures/26506296/bbc91813_original.jpg?aki_policy=large"", ""https://a0.muscache.com/im/pictures/26506287/c14f896d_original.jpg?aki_policy=large"", ""https://a0.muscache.com/im/pictures/26503483/84798796_original.jpg?aki_policy=large"", ""https://a0.muscache.com/im/pictures/26169559/644df86c_original.jpg?aki_policy=large""]";"{""beds"": 2, ""bedrooms"": 1, ""bathrooms"": 1.0, ""amenity_ids"": [1, 2, 3, 4, 5, 8, 77, 21, 85, 86, 89, 90, 91, 28, 92, 93, 30, 94, 31, 95, 96, 33, 34, 35, 40, 44, 45, 46], ""is_rebookable"": false, ""is_new_listing"": true, ""is_fully_refundable"": true, ""is_host_highly_rated"": true, ""is_business_travel_ready"": false}";"{""weekly_factor"": 0.82, ""monthly_factor"": 0.58}";2348;"";"{""is_superhost"": false}"
1543524;G05493 Familly apart 2BR Notre Dame;entire_home;Paris;Panthéon;48.8466732774;2.35411256156;4;"[""https://a0.muscache.com/im/pictures/22581678/6a5839ce_original.jpg?aki_policy=large"", ""https://a0.muscache.com/im/pictures/22581670/5b52aec6_original.jpg?aki_policy=large"", ""https://a0.muscache.com/im/pictures/22581683/38354ddc_original.jpg?aki_policy=large"", ""https://a0.muscache.com/im/pictures/22581689/d449ebf9_original.jpg?aki_policy=large"", ""https://a0.muscache.com/im/pictures/22581693/1a1f7abd_original.jpg?aki_policy=large"", ""https://a0.muscache.com/im/pictures/22581702/98222310_original.jpg?aki_policy=large"", ""https://a0.muscache.com/im/pictures/22581719/b038e8f9_original.jpg?aki_policy=large"", ""https://a0.muscache.com/im/pictures/22581725/db001b18_original.jpg?aki_policy=large"", ""https://a0.muscache.com/im/pictures/22581733/9a366413_original.jpg?aki_policy=large"", ""https://a0.muscache.com/im/pictures/22581740/bf556433_original.jpg?aki_policy=large"", ""https://a0.muscache.com/im/pictures/22581750/7b58d4c0_original.jpg?aki_policy=large"", ""https://a0.muscache.com/im/pictures/22581754/8e9ef0f7_original.jpg?aki_policy=large"", ""https://a0.muscache.com/im/pictures/22581758/98158ba4_original.jpg?aki_policy=large"", ""https://a0.muscache.com/im/pictures/27661717/d394dc8c_original.jpg?aki_policy=large""]";"{""beds"": 3, ""bedrooms"": 2, ""bathrooms"": 1.0, ""amenity_ids"": [1, 33, 2, 34, 3, 4, 8, 30, 31], ""is_rebookable"": false, ""is_new_listing"": false, ""is_fully_refundable"": true, ""is_host_highly_rated"": true, ""is_business_travel_ready"": false}";"{""weekly_factor"": 1.0, ""monthly_factor"": 1.0}";1261;"";"{""is_superhost"": false}"
1638909;Surf a coach in beautiful district;shared_room;Paris;Canal Saint-Martin;48.8785943431;2.36497460881;1;"[""https://a0.muscache.com/im/pictures/27507364/117c5373_original.jpg?aki_policy=large"", ""https://a0.muscache.com/im/pictures/27507053/621fc07b_original.jpg?aki_policy=large"", ""https://a0.muscache.com/im/pictures/27507154/55575246_original.jpg?aki_policy=large"", ""https://a0.muscache.com/im/pictures/27507019/a9552fb5_original.jpg?aki_policy=large"", ""https://a0.muscache.com/im/pictures/27507037/3bfd19ae_original.jpg?aki_policy=large"", ""https://a0.muscache.com/im/pictures/27507059/fa653763_original.jpg?aki_policy=large"", ""https://a0.muscache.com/im/pictures/27507180/e6b3e2cb_original.jpg?aki_policy=large"", ""https://a0.muscache.com/im/pictures/27507074/a79994ec_original.jpg?aki_policy=large"", ""https://a0.muscache.com/im/pictures/27507089/207c7e62_original.jpg?aki_policy=large"", ""https://a0.muscache.com/im/pictures/27507117/4842d2de_original.jpg?aki_policy=large"", ""https://a0.muscache.com/im/pictures/27507147/568fb999_original.jpg?aki_policy=large"", ""https://a0.muscache.com/im/pictures/27507213/01a5ff19_original.jpg?aki_policy=large"", ""https://a0.muscache.com/im/pictures/27507253/d55666e2_original.jpg?aki_policy=large"", ""https://a0.muscache.com/im/pictures/27507187/03797dd3_original.jpg?aki_policy=large"", ""https://a0.muscache.com/im/pictures/27507302/95497757_original.jpg?aki_policy=large"", ""https://a0.muscache.com/im/pictures/27507329/c6310ffb_original.jpg?aki_policy=large"", ""https://a0.muscache.com/im/pictures/27507335/dc9c6e0d_original.jpg?aki_policy=large"", ""https://a0.muscache.com/im/pictures/23618645/3a4ed249_original.jpg?aki_policy=large"", ""https://a0.muscache.com/im/pictures/23618662/aecbac80_original.jpg?aki_policy=large""]";"{""beds"": 1, ""bedrooms"": 1, ""bathrooms"": 1.0, ""amenity_ids"": [1, 33, 129, 3, 35, 4, 6, 38, 8, 40, 41, 10, 45, 77, 46, 47, 16, 17, 19, 21, 28, 30, 31], ""is_rebookable"": false, ""is_new_listing"": false, ""is_fully_refundable"": true, ""is_host_highly_rated"": false, ""is_business_travel_ready"": false}";"{""weekly_factor"": 0.84, ""monthly_factor"": 1.0}";6968;"";"{""is_superhost"": false}"
1644892;Parisian chic appartment Paris IX;entire_home;Paris;Gare du Nord - Gare de I'Est;48.8802859276;2.34889141158;3;"[""https://a0.muscache.com/im/pictures/0e76f2b2-11aa-49cf-9621-9bdc0a3b147f.jpg?aki_policy=large"", ""https://a0.muscache.com/im/pictures/340ff5f9-b5ef-4198-a6ab-fd5a71da6c2c.jpg?aki_policy=large"", ""https://a0.muscache.com/im/pictures/21b9672a-f9c8-424a-a3cb-ef9960ac4f36.jpg?aki_policy=large"", ""https://a0.muscache.com/im/pictures/cf9287a1-8b03-418b-9e1c-ddfe37f68180.jpg?aki_policy=large"", ""https://a0.muscache.com/im/pictures/5a62b729-4318-4dd2-aaa5-1d97af452980.jpg?aki_policy=large"", ""https://a0.muscache.com/im/pictures/86154809/a80f31c9_original.jpg?aki_policy=large"", ""https://a0.muscache.com/im/pictures/86156473/ead3f32d_original.jpg?aki_policy=large"", ""https://a0.muscache.com/im/pictures/86156834/2a3daa82_original.jpg?aki_policy=large"", ""https://a0.muscache.com/im/pictures/2453d98e-516f-430d-8506-76d7b60a1813.jpg?aki_policy=large"", ""https://a0.muscache.com/im/pictures/92324d25-2733-4261-b6ae-3205829b6738.jpg?aki_policy=large"", ""https://a0.muscache.com/im/pictures/7385ae6c-d1cf-4c5e-89af-40a47bb5e71d.jpg?aki_policy=large"", ""https://a0.muscache.com/im/pictures/91a7e5e2-5cbf-48dd-9e16-e906eea09305.jpg?aki_policy=large"", ""https://a0.muscache.com/im/pictures/36cd75b5-e379-41e4-b486-20a5cb96f4a9.jpg?aki_policy=large"", ""https://a0.muscache.com/im/pictures/86158906/cefa8b2a_original.jpg?aki_policy=large""]";"{""beds"": 2, ""bedrooms"": 1, ""bathrooms"": 1.0, ""amenity_ids"": [1, 129, 2, 3, 4, 6, 8, 10, 77, 14, 85, 89, 90, 91, 92, 93, 30, 94, 31, 95, 96, 33, 98, 35, 36, 103, 40, 104, 41, 43, 44, 45, 109, 46, 110, 47, 111, 112, 113, 57], ""is_rebookable"": false, ""is_new_listing"": false, ""is_fully_refundable"": true, ""is_host_highly_rated"": true, ""is_business_travel_ready"": false}";"{""weekly_factor"": 0.9, ""monthly_factor"": 0.9}";1936;"";"{""is_superhost"": false}"
1649031;Petit Veneur, 1BR/1BA for 4 people;entire_home;Paris;Le Marais;48.859955884;2.36667875322;4;"[""https://a0.muscache.com/im/pictures/23800936/787607a9_original.jpg?aki_policy=large"", ""https://a0.muscache.com/im/pictures/23800960/f1774cf0_original.jpg?aki_policy=large"", ""https://a0.muscache.com/im/pictures/23800957/f3fadf2f_original.jpg?aki_policy=large"", ""https://a0.muscache.com/im/pictures/23800942/79a646f9_original.jpg?aki_policy=large"", ""https://a0.muscache.com/im/pictures/23800964/ace0bb30_original.jpg?aki_policy=large"", ""https://a0.muscache.com/im/pictures/23800948/27197e9c_original.jpg?aki_policy=large"", ""https://a0.muscache.com/im/pictures/23800950/3a3d4977_original.jpg?aki_policy=large"", ""https://a0.muscache.com/im/pictures/23800985/6e01e49c_original.jpg?aki_policy=large"", ""https://a0.muscache.com/im/pictures/23800970/39de720a_original.jpg?aki_policy=large"", ""https://a0.muscache.com/im/pictures/23800977/95b879d7_original.jpg?aki_policy=large"", ""https://a0.muscache.com/im/pictures/23800993/fa936765_original.jpg?aki_policy=large"", ""https://a0.muscache.com/im/pictures/23800989/49920477_original.jpg?aki_policy=large"", ""https://a0.muscache.com/im/pictures/23800997/35d92d9e_original.jpg?aki_policy=large"", ""https://a0.muscache.com/im/pictures/23801001/dfdc1918_original.jpg?aki_policy=large""]";"{""beds"": 1, ""bedrooms"": 1, ""bathrooms"": 1.5, ""amenity_ids"": [1, 33, 2, 4, 21, 8, 30, 31], ""is_rebookable"": false, ""is_new_listing"": false, ""is_fully_refundable"": true, ""is_host_highly_rated"": true, ""is_business_travel_ready"": false}";"{""weekly_factor"": 0.85, ""monthly_factor"": 0.49}";6334;"";"{""is_superhost"": false}"
1670308;Tour Eiffel | Village Saint Charles;entire_home;Paris;Commerce - Dupleix;48.8454194361;2.28172905395;6;"[""https://a0.muscache.com/im/pictures/23931061/71637eeb_original.jpg?aki_policy=large"", ""https://a0.muscache.com/im/pictures/60557987/3622d554_original.jpg?aki_policy=large"", ""https://a0.muscache.com/im/pictures/60557999/e83e0f78_original.jpg?aki_policy=large"", ""https://a0.muscache.com/im/pictures/bca846a1-6169-413a-80d1-204b30db359c.jpg?aki_policy=large"", ""https://a0.muscache.com/im/pictures/60558035/45778edc_original.jpg?aki_policy=large"", ""https://a0.muscache.com/im/pictures/60558052/1b1dcda6_original.jpg?aki_policy=large"", ""https://a0.muscache.com/im/pictures/23931101/0df8552c_original.jpg?aki_policy=large"", ""https://a0.muscache.com/im/pictures/d74e6309-e8c1-4ef8-ba81-5edd58ac7928.jpg?aki_policy=large"", ""https://a0.muscache.com/im/pictures/23930936/f1343ac3_original.jpg?aki_policy=large"", ""https://a0.muscache.com/im/pictures/23930923/22546828_original.jpg?aki_policy=large"", ""https://a0.muscache.com/im/pictures/bfbff196-5a8d-403f-a227-b83568adeb9c.jpg?aki_policy=large"", ""https://a0.muscache.com/im/pictures/1454b571-112b-4fdb-bd2b-44ab950951c9.jpg?aki_policy=large"", ""https://a0.muscache.com/im/pictures/f1bfa90f-2c99-450b-8d8b-d2bc7e38b0da.jpg?aki_policy=large"", ""https://a0.muscache.com/im/pictures/60560407/a0da18f4_original.jpg?aki_policy=large"", ""https://a0.muscache.com/im/pictures/60560468/5ae20c64_original.jpg?aki_policy=large"", ""https://a0.muscache.com/im/pictures/60560429/cf4e3c27_original.jpg?aki_policy=large"", ""https://a0.muscache.com/im/pictures/60560452/57877dee_original.jpg?aki_policy=large"", ""https://a0.muscache.com/im/pictures/60520941/215b38d3_original.jpg?aki_policy=large"", ""https://a0.muscache.com/im/pictures/60520988/5c21baa2_original.jpg?aki_policy=large"", ""https://a0.muscache.com/im/pictures/23931014/5805a3db_original.jpg?aki_policy=large"", ""https://a0.muscache.com/im/pictures/60521604/254909c5_original.jpg?aki_policy=large"", ""https://a0.muscache.com/im/pictures/60521570/1b4fc13b_original.jpg?aki_policy=large"", ""https://a0.muscache.com/im/pictures/23931189/058ed71f_original.jpg?aki_policy=large"", ""https://a0.muscache.com/im/pictures/52064000/a94942d0_original.jpg?aki_policy=large"", ""https://a0.muscache.com/im/pictures/60557973/30bf0dce_original.jpg?aki_policy=large"", ""https://a0.muscache.com/im/pictures/65655841/6de745f2_original.jpg?aki_policy=large"", ""https://a0.muscache.com/im/pictures/1e8b04b4-606a-44fd-bf99-b2c14688cc4d.jpg?aki_policy=large"", ""https://a0.muscache.com/im/pictures/d0d114bf-c017-4535-9c3c-1c652e0a7fca.jpg?aki_policy=large"", ""https://a0.muscache.com/im/pictures/36897766-4274-4cbe-b7cf-03459b575062.jpg?aki_policy=large"", ""https://a0.muscache.com/im/pictures/23931359/8e8ec1a7_original.jpg?aki_policy=large""]";"{""beds"": 4, ""bedrooms"": 2, ""bathrooms"": 1.0, ""amenity_ids"": [128, 1, 129, 2, 3, 4, 6, 8, 72, 10, 77, 14, 21, 85, 86, 89, 90, 91, 92, 93, 30, 94, 31, 95, 33, 34, 98, 35, 36, 100, 38, 40, 104, 41, 43, 44, 45, 46, 110, 47, 111, 112, 113, 115, 117, 120, 61, 127], ""is_rebookable"": false, ""is_new_listing"": false, ""is_fully_refundable"": true, ""is_host_highly_rated"": false, ""is_business_travel_ready"": false}";"{""weekly_factor"": 0.9, ""monthly_factor"": 0.65}";1279;"";"{""is_superhost"": false}"
1711246;Beaubourg-Marais nice 2 room apt with AC;entire_home;Paris;Le Marais;48.8579221807;2.35190520905;4;"[""https://a0.muscache.com/im/pictures/25439960/bd31aabf_original.jpg?aki_policy=large"", ""https://a0.muscache.com/im/pictures/25439873/ee41d33a_original.jpg?aki_policy=large"", ""https://a0.muscache.com/im/pictures/25439889/a39b0500_original.jpg?aki_policy=large"", ""https://a0.muscache.com/im/pictures/24370770/af89f63a_original.jpg?aki_policy=large"", ""https://a0.muscache.com/im/pictures/25440059/5d9b5d50_original.jpg?aki_policy=large"", ""https://a0.muscache.com/im/pictures/25439935/89eba37b_original.jpg?aki_policy=large"", ""https://a0.muscache.com/im/pictures/25440081/71371156_original.jpg?aki_policy=large"", ""https://a0.muscache.com/im/pictures/25440020/f77ab2aa_original.jpg?aki_policy=large"", ""https://a0.muscache.com/im/pictures/24371659/88673819_original.jpg?aki_policy=large"", ""https://a0.muscache.com/im/pictures/24371755/1292c1f6_original.jpg?aki_policy=large"", ""https://a0.muscache.com/im/pictures/25439980/1a0dc979_original.jpg?aki_policy=large"", ""https://a0.muscache.com/im/pictures/25439994/695984ad_original.jpg?aki_policy=large"", ""https://a0.muscache.com/im/pictures/24369737/a1a4329a_original.jpg?aki_policy=large"", ""https://a0.muscache.com/im/pictures/25440047/57df1327_original.jpg?aki_policy=large"", ""https://a0.muscache.com/im/pictures/25439856/4f814711_original.jpg?aki_policy=large"", ""https://a0.muscache.com/im/pictures/24371631/afe69b54_original.jpg?aki_policy=large"", ""https://a0.muscache.com/im/pictures/24371699/aa998445_original.jpg?aki_policy=large"", ""https://a0.muscache.com/im/pictures/25439838/a8f1ccbb_original.jpg?aki_policy=large"", ""https://a0.muscache.com/im/pictures/26024373/657cce5e_original.jpg?aki_policy=large"", ""https://a0.muscache.com/im/pictures/24738084/f1e3f4f7_original.jpg?aki_policy=large"", ""https://a0.muscache.com/im/pictures/24737988/99eba6fd_original.jpg?aki_policy=large"", ""https://a0.muscache.com/im/pictures/24738172/519ce1b6_original.jpg?aki_policy=large"", ""https://a0.muscache.com/im/pictures/24738351/307c122a_original.jpg?aki_policy=large"", ""https://a0.muscache.com/im/pictures/24738117/595b0943_original.jpg?aki_policy=large""]";"{""beds"": 2, ""bedrooms"": 1, ""bathrooms"": 1.0, ""amenity_ids"": [1, 33, 2, 34, 3, 35, 4, 5, 8, 40, 41, 43, 44, 45, 77, 46, 47, 21, 85, 28, 30, 31], ""is_rebookable"": false, ""is_new_listing"": false, ""is_fully_refundable"": true, ""is_host_highly_rated"": true, ""is_business_travel_ready"": false}";"{""weekly_factor"": 0.9, ""monthly_factor"": 0.7}";7999;"";"{""is_superhost"": false}"
1726821;Cosy 3 rooms in Montparnasse;entire_home;Paris;Montparnasse;48.8457115346;2.32146374423;4;"[""https://a0.muscache.com/im/pictures/31736784/0dafa41b_original.jpg?aki_policy=large"", ""https://a0.muscache.com/im/pictures/30024075/359fe6ad_original.jpg?aki_policy=large"", ""https://a0.muscache.com/im/pictures/33492881/84b296bb_original.jpg?aki_policy=large"", ""https://a0.muscache.com/im/pictures/30024040/f4626897_original.jpg?aki_policy=large"", ""https://a0.muscache.com/im/pictures/b1e8e72f-1909-4066-9e1d-b486ad8a10f4.jpg?aki_policy=large"", ""https://a0.muscache.com/im/pictures/cf5c814f-673a-4f5f-a7e6-c67d29fdb5f2.jpg?aki_policy=large"", ""https://a0.muscache.com/im/pictures/31481348/7c4bd1d3_original.jpg?aki_policy=large"", ""https://a0.muscache.com/im/pictures/51750577/a738fa32_original.jpg?aki_policy=large"", ""https://a0.muscache.com/im/pictures/102839881/366c4042_original.jpg?aki_policy=large"", ""https://a0.muscache.com/im/pictures/102839887/a5d4cb3c_original.jpg?aki_policy=large"", ""https://a0.muscache.com/im/pictures/102839895/769eef7a_original.jpg?aki_policy=large"", ""https://a0.muscache.com/im/pictures/deb2c0ed-e504-4672-ac90-b4392e32db16.jpg?aki_policy=large""]";"{""beds"": 2, ""bedrooms"": 2, ""bathrooms"": 1.0, ""amenity_ids"": [1, 2, 66, 131, 4, 8, 73, 77, 85, 86, 88, 89, 90, 91, 92, 93, 30, 94, 31, 95, 96, 33, 98, 35, 103, 40, 104, 41, 44, 45, 46, 47, 56, 62], ""is_rebookable"": false, ""is_new_listing"": false, ""is_fully_refundable"": true, ""is_host_highly_rated"": true, ""is_business_travel_ready"": false}";"{""weekly_factor"": 0.88, ""monthly_factor"": 0.75}";2888;"";"{""is_superhost"": true}"
1730252;G11180 lovely duplex near Bastille;entire_home;Paris;Bastille;48.8511395083;2.37349912498;4;"[""https://a0.muscache.com/im/pictures/24578843/0de3b216_original.jpg?aki_policy=large"", ""https://a0.muscache.com/im/pictures/24578845/8302ef8c_original.jpg?aki_policy=large"", ""https://a0.muscache.com/im/pictures/24578801/4f8811d3_original.jpg?aki_policy=large"", ""https://a0.muscache.com/im/pictures/24578814/fb99deac_original.jpg?aki_policy=large"", ""https://a0.muscache.com/im/pictures/24578808/468d6b2a_original.jpg?aki_policy=large"", ""https://a0.muscache.com/im/pictures/24578839/ee7bbdb5_original.jpg?aki_policy=large"", ""https://a0.muscache.com/im/pictures/24578813/b756d205_original.jpg?aki_policy=large"", ""https://a0.muscache.com/im/pictures/24578811/1593adb1_original.jpg?aki_policy=large"", ""https://a0.muscache.com/im/pictures/24578802/25b64595_original.jpg?aki_policy=large"", ""https://a0.muscache.com/im/pictures/24578818/5d7ba21c_original.jpg?aki_policy=large"", ""https://a0.muscache.com/im/pictures/24578841/7d1e9cbc_original.jpg?aki_policy=large"", ""https://a0.muscache.com/im/pictures/24578807/111258d9_original.jpg?aki_policy=large"", ""https://a0.muscache.com/im/pictures/24578822/76a4f7e1_original.jpg?aki_policy=large"", ""https://a0.muscache.com/im/pictures/24578825/58491521_original.jpg?aki_policy=large"", ""https://a0.muscache.com/im/pictures/24578826/74245290_original.jpg?aki_policy=large"", ""https://a0.muscache.com/im/pictures/24578828/6503a863_original.jpg?aki_policy=large"", ""https://a0.muscache.com/im/pictures/24578830/fa5237af_original.jpg?aki_policy=large"", ""https://a0.muscache.com/im/pictures/24578831/39182893_original.jpg?aki_policy=large"", ""https://a0.muscache.com/im/pictures/24578835/2febe879_original.jpg?aki_policy=large"", ""https://a0.muscache.com/im/pictures/24578837/3dbca615_original.jpg?aki_policy=large"", ""https://a0.muscache.com/im/pictures/24578836/88305df6_original.jpg?aki_policy=large"", ""https://a0.muscache.com/im/pictures/27662210/37af2463_original.jpg?aki_policy=large""]";"{""beds"": 2, ""bedrooms"": 2, ""bathrooms"": 1.0, ""amenity_ids"": [1, 33, 2, 3, 4, 8, 28, 30, 31], ""is_rebookable"": false, ""is_new_listing"": false, ""is_fully_refundable"": true, ""is_host_highly_rated"": true, ""is_business_travel_ready"": false}";"{""weekly_factor"": 1.0, ""monthly_factor"": 1.0}";1261;"";"{""is_superhost"": false}"
1732026;Bel appartement avec terasse au coeur du Marais;entire_home;Paris;"";48.8614405456;2.35572227034;4;"[""https://a0.muscache.com/im/pictures/24593035/96c5983d_original.jpg?aki_policy=large"", ""https://a0.muscache.com/im/pictures/24592962/369ce200_original.jpg?aki_policy=large"", ""https://a0.muscache.com/im/pictures/24592899/f78f2841_original.jpg?aki_policy=large"", ""https://a0.muscache.com/im/pictures/24592912/c483be0f_original.jpg?aki_policy=large"", ""https://a0.muscache.com/im/pictures/24593015/492afd70_original.jpg?aki_policy=large"", ""https://a0.muscache.com/im/pictures/24593005/e7a5ab29_original.jpg?aki_policy=large"", ""https://a0.muscache.com/im/pictures/99dbdde4-a401-4c29-9515-62e5d7a475ab.jpg?aki_policy=large"", ""https://a0.muscache.com/im/pictures/24592887/f40edac4_original.jpg?aki_policy=large"", ""https://a0.muscache.com/im/pictures/d151ef12-8314-4616-8aa8-e0d53b074bf8.jpg?aki_policy=large"", ""https://a0.muscache.com/im/pictures/24592935/bbf69f4b_original.jpg?aki_policy=large"", ""https://a0.muscache.com/im/pictures/24592975/dcb26b79_original.jpg?aki_policy=large"", ""https://a0.muscache.com/im/pictures/24593000/94c05186_original.jpg?aki_policy=large"", ""https://a0.muscache.com/im/pictures/b51bb66a-5856-40ce-874a-7a9d21405311.jpg?aki_policy=large"", ""https://a0.muscache.com/im/pictures/2f3efe7e-0674-4fb8-8022-0a638f59def5.jpg?aki_policy=large"", ""https://a0.muscache.com/im/pictures/60333654-9275-426c-b806-55b08114e929.jpg?aki_policy=large"", ""https://a0.muscache.com/im/pictures/f56fc9be-6bb4-413b-aa53-f1c8d4f7cb2e.jpg?aki_policy=large"", ""https://a0.muscache.com/im/pictures/0b1d84e0-8892-4813-afbb-a58b542f99bc.jpg?aki_policy=large"", ""https://a0.muscache.com/im/pictures/841136dc-84e1-4f84-8b9a-07b8fe4d755b.jpg?aki_policy=large"", ""https://a0.muscache.com/im/pictures/ad9f4c70-53fd-4d61-b44c-9742b51b2226.jpg?aki_policy=large"", ""https://a0.muscache.com/im/pictures/cd0ef725-63ba-4b42-a0cd-93a8b0b03c32.jpg?aki_policy=large""]";"{""beds"": 2, ""bedrooms"": 1, ""bathrooms"": 1.0, ""amenity_ids"": [1, 2, 3, 131, 4, 8, 72, 10, 77, 85, 86, 89, 90, 91, 28, 92, 93, 30, 94, 31, 95, 96, 33, 34, 35, 36, 100, 40, 41, 43, 44, 45, 46, 47], ""is_rebookable"": false, ""is_new_listing"": false, ""is_fully_refundable"": true, ""is_host_highly_rated"": true, ""is_business_travel_ready"": false}";"{""weekly_factor"": 0.96, ""monthly_factor"": 0.92}";7657;"";"{""is_superhost"": false}"
1765734;  Sous les toits de l'île Saint-Louis;entire_home;Paris;"";48.8513715066;2.35603412214;5;"[""https://a0.muscache.com/im/pictures/25586564/12efe686_original.jpg?aki_policy=large"", ""https://a0.muscache.com/im/pictures/25586524/8d9d0d33_original.jpg?aki_policy=large"", ""https://a0.muscache.com/im/pictures/25586592/f97da053_original.jpg?aki_policy=large"", ""https://a0.muscache.com/im/pictures/25586709/7b945a73_original.jpg?aki_policy=large"", ""https://a0.muscache.com/im/pictures/25587240/5fa96ef5_original.jpg?aki_policy=large"", ""https://a0.muscache.com/im/pictures/25587252/38100466_original.jpg?aki_policy=large"", ""https://a0.muscache.com/im/pictures/25587261/ab6e42cd_original.jpg?aki_policy=large"", ""https://a0.muscache.com/im/pictures/25587269/cc0d4486_original.jpg?aki_policy=large"", ""https://a0.muscache.com/im/pictures/25587866/6c18e3b0_original.jpg?aki_policy=large"", ""https://a0.muscache.com/im/pictures/25587897/ca4a27a6_original.jpg?aki_policy=large"", ""https://a0.muscache.com/im/pictures/25587906/b61f4773_original.jpg?aki_policy=large"", ""https://a0.muscache.com/im/pictures/25587275/7dae469b_original.jpg?aki_policy=large"", ""https://a0.muscache.com/im/pictures/25587285/477204a9_original.jpg?aki_policy=large"", ""https://a0.muscache.com/im/pictures/25562649/b958b696_original.jpg?aki_policy=large"", ""https://a0.muscache.com/im/pictures/25588286/f7d07cb0_original.jpg?aki_policy=large"", ""https://a0.muscache.com/im/pictures/25587836/20deb4eb_original.jpg?aki_policy=large"", ""https://a0.muscache.com/im/pictures/25586655/6cb10b13_original.jpg?aki_policy=large"", ""https://a0.muscache.com/im/pictures/25587883/7a6e2477_original.jpg?aki_policy=large"", ""https://a0.muscache.com/im/pictures/25586695/32530120_original.jpg?aki_policy=large""]";"{""beds"": 3, ""bedrooms"": 2, ""bathrooms"": 1.5, ""amenity_ids"": [1, 33, 2, 34, 3, 4, 8, 27, 30], ""is_rebookable"": false, ""is_new_listing"": false, ""is_fully_refundable"": true, ""is_host_highly_rated"": false, ""is_business_travel_ready"": false}";"{""weekly_factor"": 1.0, ""monthly_factor"": 0.62}";47;"";"{""is_superhost"": false}"
1758586;Superbe studio au cœur du Marais;entire_home;Paris;Le Marais;48.8574740157;2.35456225878;2;"[""https://a0.muscache.com/im/pictures/24876491/985bda0e_original.jpg?aki_policy=large"", ""https://a0.muscache.com/im/pictures/24876479/01c44577_original.jpg?aki_policy=large"", ""https://a0.muscache.com/im/pictures/24876485/ffb1e251_original.jpg?aki_policy=large"", ""https://a0.muscache.com/im/pictures/24876497/0730415d_original.jpg?aki_policy=large"", ""https://a0.muscache.com/im/pictures/24876501/2bfb6420_original.jpg?aki_policy=large""]";"{""beds"": 1, ""bathrooms"": 1.0, ""amenity_ids"": [1, 33, 2, 34, 131, 4, 5, 8, 40, 104, 41, 10, 44, 45, 77, 46, 47, 21, 28, 30], ""is_rebookable"": false, ""is_new_listing"": false, ""is_fully_refundable"": true, ""is_host_highly_rated"": false, ""is_business_travel_ready"": false}";"{""weekly_factor"": 0.79, ""monthly_factor"": 0.57}";4504;"";"{""is_superhost"": false}"
1803915;DUPLEX AVEC TERRASSE BIEN SITUE ;entire_home;Paris;Bastille;48.8602436362;2.3736237003;2;"[""https://a0.muscache.com/im/pictures/26258422/1175466c_original.jpg?aki_policy=large"", ""https://a0.muscache.com/im/pictures/26258392/b4a990e2_original.jpg?aki_policy=large"", ""https://a0.muscache.com/im/pictures/26258400/d02979ae_original.jpg?aki_policy=large"", ""https://a0.muscache.com/im/pictures/26257604/e3bf6504_original.jpg?aki_policy=large"", ""https://a0.muscache.com/im/pictures/26258391/4cfc4dc5_original.jpg?aki_policy=large"", ""https://a0.muscache.com/im/pictures/26258368/0149bac6_original.jpg?aki_policy=large"", ""https://a0.muscache.com/im/pictures/26257668/831e2fb5_original.jpg?aki_policy=large"", ""https://a0.muscache.com/im/pictures/26257657/0de92514_original.jpg?aki_policy=large"", ""https://a0.muscache.com/im/pictures/26257729/1145228b_original.jpg?aki_policy=large"", ""https://a0.muscache.com/im/pictures/26257694/cffdf41e_original.jpg?aki_policy=large"", ""https://a0.muscache.com/im/pictures/26256328/805326f9_original.jpg?aki_policy=large"", ""https://a0.muscache.com/im/pictures/26256365/bcbbda2c_original.jpg?aki_policy=large"", ""https://a0.muscache.com/im/pictures/26256375/a6e74198_original.jpg?aki_policy=large"", ""https://a0.muscache.com/im/pictures/26256428/67cd33e5_original.jpg?aki_policy=large"", ""https://a0.muscache.com/im/pictures/26257389/ebab1efe_original.jpg?aki_policy=large"", ""https://a0.muscache.com/im/pictures/26260016/465ad5cc_original.jpg?aki_policy=large"", ""https://a0.muscache.com/im/pictures/26260310/82c653a8_original.jpg?aki_policy=large"", ""https://a0.muscache.com/im/pictures/26257749/74d1a253_original.jpg?aki_policy=large"", ""https://a0.muscache.com/im/pictures/26227812/f01ec2b0_original.jpg?aki_policy=large"", ""https://a0.muscache.com/im/pictures/26227842/b38c858f_original.jpg?aki_policy=large"", ""https://a0.muscache.com/im/pictures/a0d09af8-57bd-40a6-a2d3-f0acbf8528cb.jpg?aki_policy=large"", ""https://a0.muscache.com/im/pictures/56076618-d1c0-410c-94b9-9f22b2dadab5.jpg?aki_policy=large"", ""https://a0.muscache.com/im/pictures/f0e8b556-76ab-4b08-bfc7-c3f68c5c8179.jpg?aki_policy=large"", ""https://a0.muscache.com/im/pictures/56166e2a-1018-4368-9a5e-6cc83c62ccc0.jpg?aki_policy=large"", ""https://a0.muscache.com/im/pictures/c18de440-4720-4960-b01e-aa717c894b2b.jpg?aki_policy=large"", ""https://a0.muscache.com/im/pictures/2639e962-dc6f-4cbc-849a-5107114b27da.jpg?aki_policy=large""]";"{""beds"": 1, ""bedrooms"": 1, ""bathrooms"": 2.0, ""amenity_ids"": [1, 129, 2, 4, 8, 10, 12, 77, 21, 28, 30, 31, 33, 35, 36, 103, 40, 104, 41, 43, 44, 45, 46, 47, 49], ""is_rebookable"": false, ""is_new_listing"": false, ""is_fully_refundable"": true, ""is_host_highly_rated"": true, ""is_business_travel_ready"": false}";"{""weekly_factor"": 1.0, ""monthly_factor"": 1.0}";7426;"";"{""is_superhost"": true}"
1957441;SUPERBE APPARTEMENT DE 110m2 SPACIEUX ET LUMINEUX;entire_home;Neuilly-sur-Seine;17e arrondissement;48.8815542698;2.27869279752;6;"[""https://a0.muscache.com/im/pictures/31828242/71446941_original.jpg?aki_policy=large"", ""https://a0.muscache.com/im/pictures/31829343/e5656f60_original.jpg?aki_policy=large"", ""https://a0.muscache.com/im/pictures/31829402/c4f5ddcd_original.jpg?aki_policy=large"", ""https://a0.muscache.com/im/pictures/31829610/4191a900_original.jpg?aki_policy=large"", ""https://a0.muscache.com/im/pictures/31829666/87b9f11c_original.jpg?aki_policy=large"", ""https://a0.muscache.com/im/pictures/31830100/99a357ab_original.jpg?aki_policy=large"", ""https://a0.muscache.com/im/pictures/31829903/2b8b57c5_original.jpg?aki_policy=large"", ""https://a0.muscache.com/im/pictures/31829821/5ea6eeb6_original.jpg?aki_policy=large"", ""https://a0.muscache.com/im/pictures/31829775/ada70ca5_original.jpg?aki_policy=large"", ""https://a0.muscache.com/im/pictures/31830172/479c935e_original.jpg?aki_policy=large"", ""https://a0.muscache.com/im/pictures/31830272/e7369011_original.jpg?aki_policy=large"", ""https://a0.muscache.com/im/pictures/31828385/f09a8208_original.jpg?aki_policy=large"", ""https://a0.muscache.com/im/pictures/31828649/331d2fca_original.jpg?aki_policy=large"", ""https://a0.muscache.com/im/pictures/31829293/9648f799_original.jpg?aki_policy=large"", ""https://a0.muscache.com/im/pictures/31829195/b33d98d4_original.jpg?aki_policy=large"", ""https://a0.muscache.com/im/pictures/31828981/dfda1e4d_original.jpg?aki_policy=large"", ""https://a0.muscache.com/im/pictures/31828877/1eaef9bb_original.jpg?aki_policy=large"", ""https://a0.muscache.com/im/pictures/31828924/ecd1cb11_original.jpg?aki_policy=large"", ""https://a0.muscache.com/im/pictures/31828795/8db0caee_original.jpg?aki_policy=large"", ""https://a0.muscache.com/im/pictures/31830372/0dcff1eb_original.jpg?aki_policy=large""]";"{""beds"": 4, ""bedrooms"": 3, ""bathrooms"": 2.0, ""amenity_ids"": [1, 2, 3, 4, 5, 6, 8, 77, 15, 21, 85, 89, 90, 91, 28, 92, 93, 30, 94, 95, 96, 33, 34, 35, 40, 41, 44, 45, 46, 47, 49, 50], ""is_rebookable"": false, ""is_new_listing"": false, ""is_fully_refundable"": true, ""is_host_highly_rated"": false, ""is_business_travel_ready"": false}";"{""weekly_factor"": 1.0, ""monthly_factor"": 0.9}";7951;"";"{""is_superhost"": false}"
1967791;Beautiful 60 m2 apartment,courtyard;entire_home;Paris;Buttes-Chaumont - Belleville;48.8769616635;2.39160984824;4;"[""https://a0.muscache.com/im/pictures/41291428/a9a9aeda_original.jpg?aki_policy=large"", ""https://a0.muscache.com/im/pictures/41282082/2038e347_original.jpg?aki_policy=large"", ""https://a0.muscache.com/im/pictures/41282466/6b5b9a32_original.jpg?aki_policy=large"", ""https://a0.muscache.com/im/pictures/41290039/ae07f3d5_original.jpg?aki_policy=large"", ""https://a0.muscache.com/im/pictures/41290537/95998159_original.jpg?aki_policy=large"", ""https://a0.muscache.com/im/pictures/41291628/0045c47d_original.jpg?aki_policy=large"", ""https://a0.muscache.com/im/pictures/41291850/eded4fac_original.jpg?aki_policy=large"", ""https://a0.muscache.com/im/pictures/41292302/8d3bd174_original.jpg?aki_policy=large"", ""https://a0.muscache.com/im/pictures/41292669/2e5d2ac4_original.jpg?aki_policy=large"", ""https://a0.muscache.com/im/pictures/41293389/56160dfc_original.jpg?aki_policy=large"", ""https://a0.muscache.com/im/pictures/43191697/fdd2788c_original.jpg?aki_policy=large"", ""https://a0.muscache.com/im/pictures/43192127/a6f15c75_original.jpg?aki_policy=large"", ""https://a0.muscache.com/im/pictures/43192654/b83f8c0e_original.jpg?aki_policy=large"", ""https://a0.muscache.com/im/pictures/43193118/602ff33f_original.jpg?aki_policy=large"", ""https://a0.muscache.com/im/pictures/43193620/29687b64_original.jpg?aki_policy=large"", ""https://a0.muscache.com/im/pictures/43193885/a1be312b_original.jpg?aki_policy=large"", ""https://a0.muscache.com/im/pictures/43194166/1ef788eb_original.jpg?aki_policy=large"", ""https://a0.muscache.com/im/pictures/43194391/8464729c_original.jpg?aki_policy=large"", ""https://a0.muscache.com/im/pictures/27343296/b287c8cd_original.jpg?aki_policy=large"", ""https://a0.muscache.com/im/pictures/27143878/be11ed53_original.jpg?aki_policy=large"", ""https://a0.muscache.com/im/pictures/27343314/80d1698a_original.jpg?aki_policy=large""]";"{""beds"": 4, ""bedrooms"": 2, ""bathrooms"": 1.0, ""amenity_ids"": [1, 2, 66, 4, 8, 72, 10, 77, 21, 85, 88, 25, 91, 92, 93, 30, 94, 31, 95, 96, 33, 35, 99, 101, 40, 104, 41, 107, 44, 45, 46, 47], ""is_rebookable"": false, ""is_new_listing"": false, ""is_fully_refundable"": true, ""is_host_highly_rated"": false, ""is_business_travel_ready"": false}";"{""weekly_factor"": 0.85, ""monthly_factor"": 0.66}";1838;"";"{""is_superhost"": false}"
28422062;Design Silver room with Private Rooftop & Jacuzzi;private_room;Paris;Auteuil;48.8495896627;2.27344380292;2;"[""https://a0.muscache.com/im/pictures/8f899555-c3b4-4a5e-8ce0-6ae75af4fcbe.jpg?aki_policy=large"", ""https://a0.muscache.com/im/pictures/2a52ea23-abce-472a-9027-5f349ff1e3e5.jpg?aki_policy=large"", ""https://a0.muscache.com/im/pictures/fd616cb7-b8ba-4934-98db-2cee3c33b604.jpg?aki_policy=large"", ""https://a0.muscache.com/im/pictures/bf69e35a-2186-45f3-bc37-b9275f417cc7.jpg?aki_policy=large"", ""https://a0.muscache.com/im/pictures/6343ec8b-0431-4bba-af44-21d732b39a22.jpg?aki_policy=large"", ""https://a0.muscache.com/im/pictures/b3cb25f3-fbdf-44c7-95fb-bd57783dd39d.jpg?aki_policy=large"", ""https://a0.muscache.com/im/pictures/b3699206-928d-43fb-9c85-9f02dd4487bd.jpg?aki_policy=large"", ""https://a0.muscache.com/im/pictures/8118c28b-f23a-4ee8-a23b-b1e0ec3b76ca.jpg?aki_policy=large"", ""https://a0.muscache.com/im/pictures/51af6d57-327e-4022-8d0d-12070aba47d4.jpg?aki_policy=large"", ""https://a0.muscache.com/im/pictures/8cdf443e-8a68-4259-b6a8-06cbed364633.jpg?aki_policy=large"", ""https://a0.muscache.com/im/pictures/607239e1-394e-45ab-b006-e712c29d8184.jpg?aki_policy=large"", ""https://a0.muscache.com/im/pictures/6dedee47-e015-4ccb-b398-9503632abdb5.jpg?aki_policy=large"", ""https://a0.muscache.com/im/pictures/0f3f99aa-7a11-419e-9f37-992dab7a6fd5.jpg?aki_policy=large"", ""https://a0.muscache.com/im/pictures/42d8d22d-38e0-4000-8765-7b4770c941e7.jpg?aki_policy=large"", ""https://a0.muscache.com/im/pictures/b6a35811-c643-4551-ba08-0b78ae3ed759.jpg?aki_policy=large"", ""https://a0.muscache.com/im/pictures/c39d0d71-a6a7-432a-b739-690934a88cba.jpg?aki_policy=large"", ""https://a0.muscache.com/im/pictures/3069535f-3c70-4ed5-8271-7febcbd6a211.jpg?aki_policy=large"", ""https://a0.muscache.com/im/pictures/09f87847-d83b-4e00-b271-8696ac401b03.jpg?aki_policy=large""]";"{""beds"": 1, ""bedrooms"": 1, ""bathrooms"": 1.0, ""amenity_ids"": [128, 1, 2, 4, 5, 7, 71, 77, 15, 85, 86, 25, 30, 35, 100, 37, 39, 103, 40, 41, 44, 45, 46, 110, 111, 112, 51, 115, 55, 61, 127], ""is_rebookable"": false, ""is_new_listing"": true, ""is_fully_refundable"": true, ""is_host_highly_rated"": true, ""is_business_travel_ready"": false}";"{""weekly_factor"": 1.0, ""monthly_factor"": 1.0}";4480;"";"{""is_superhost"": false}"
2013516;Petit studio confortable , calme,a;entire_home;Paris;Pigalle - Saint-Georges;48.8776258984;2.33472804868;2;"[""https://a0.muscache.com/im/pictures/2d9c47b5-7ff7-41ac-a0d0-17705e9f9421.jpg?aki_policy=large"", ""https://a0.muscache.com/im/pictures/1b0a8ef9-10c4-48d6-b3b5-fcfbaa0ed572.jpg?aki_policy=large"", ""https://a0.muscache.com/im/pictures/5d029298-960a-42a2-bfd7-1f105e944b3c.jpg?aki_policy=large"", ""https://a0.muscache.com/im/pictures/8fd92b12-55ed-45e7-96cd-e732785e68a2.jpg?aki_policy=large"", ""https://a0.muscache.com/im/pictures/37fac5d8-e934-4bda-9fb9-320082190e7c.jpg?aki_policy=large"", ""https://a0.muscache.com/im/pictures/7e4290f7-0046-4842-862d-007b46e56837.jpg?aki_policy=large"", ""https://a0.muscache.com/im/pictures/63736854/225d3313_original.jpg?aki_policy=large"", ""https://a0.muscache.com/im/pictures/7d2e5f97-8e52-4871-8560-93ca0ce99a6f.jpg?aki_policy=large"", ""https://a0.muscache.com/im/pictures/65792039/eb785bfd_original.jpg?aki_policy=large"", ""https://a0.muscache.com/im/pictures/65792053/3d023a52_original.jpg?aki_policy=large"", ""https://a0.muscache.com/im/pictures/65792091/1462fd52_original.jpg?aki_policy=large"", ""https://a0.muscache.com/im/pictures/65792064/0915e574_original.jpg?aki_policy=large"", ""https://a0.muscache.com/im/pictures/65792007/49de2058_original.jpg?aki_policy=large""]";"{""beds"": 1, ""bedrooms"": 1, ""bathrooms"": 1.0, ""amenity_ids"": [1, 2, 4, 8, 10, 11, 12, 77, 85, 86, 88, 89, 90, 91, 93, 30, 94, 35, 40, 41, 44, 45, 46, 47, 49, 50], ""is_rebookable"": false, ""is_new_listing"": false, ""is_fully_refundable"": true, ""is_host_highly_rated"": false, ""is_business_travel_ready"": false}";"{""weekly_factor"": 0.84, ""monthly_factor"": 1.0}";5238;"";"{""is_superhost"": false}"
2040791;Beautiful rooftop flat Louvre, the heart of Paris;entire_home;Paris;Châtelet - Les Halles - Beaubourg;48.8625328589;2.3485071524;4;"[""https://a0.muscache.com/im/pictures/66d5dcd7-b432-484b-9be3-33d12596b9aa.jpg?aki_policy=large"", ""https://a0.muscache.com/im/pictures/5f072e71-b51a-4442-862f-b207e8bdc5d6.jpg?aki_policy=large"", ""https://a0.muscache.com/im/pictures/03bc333c-0d63-4b96-a836-123a314971e9.jpg?aki_policy=large"", ""https://a0.muscache.com/im/pictures/a5dd6df3-59a0-479a-a82d-a0e1519e60ab.jpg?aki_policy=large"", ""https://a0.muscache.com/im/pictures/77a517b2-bf97-4503-a97a-a3e319aa2acd.jpg?aki_policy=large"", ""https://a0.muscache.com/im/pictures/23a8b095-a759-449a-bf79-50684834d5e2.jpg?aki_policy=large"", ""https://a0.muscache.com/im/pictures/138804ed-2725-4cb5-9813-d666d9db2842.jpg?aki_policy=large"", ""https://a0.muscache.com/im/pictures/32362c7c-0dcb-46e5-95b6-b053ac3a730c.jpg?aki_policy=large"", ""https://a0.muscache.com/im/pictures/2aa1aa6e-ef4c-4d25-8697-eb65a7c0bc7a.jpg?aki_policy=large"", ""https://a0.muscache.com/im/pictures/bddc5230-a8d3-42c4-8cc1-4ae615c64836.jpg?aki_policy=large"", ""https://a0.muscache.com/im/pictures/7c1b9143-a92f-4948-8528-e4e1d473d268.jpg?aki_policy=large"", ""https://a0.muscache.com/im/pictures/3718cc94-3eac-44f7-9bce-5a1799b94672.jpg?aki_policy=large"", ""https://a0.muscache.com/im/pictures/f2bf09e0-f0cc-449f-8f68-178e31f005f8.jpg?aki_policy=large"", ""https://a0.muscache.com/im/pictures/331a2870-3026-4c76-b69a-0087cc8d11ac.jpg?aki_policy=large"", ""https://a0.muscache.com/im/pictures/3ccf34b6-b604-4f87-9692-cb338c27274f.jpg?aki_policy=large"", ""https://a0.muscache.com/im/pictures/a87d48e7-257e-431f-8fda-aaaed20331a4.jpg?aki_policy=large"", ""https://a0.muscache.com/im/pictures/a6fc7574-0362-4ffb-9d83-f95364900c1a.jpg?aki_policy=large"", ""https://a0.muscache.com/im/pictures/9262d453-ecaa-49a6-8e6b-90507856d65f.jpg?aki_policy=large"", ""https://a0.muscache.com/im/pictures/966b81e5-ea05-4d32-ab23-b78569635581.jpg?aki_policy=large"", ""https://a0.muscache.com/im/pictures/1a318e6c-1599-4d7b-9a3a-1190bffab7c5.jpg?aki_policy=large"", ""https://a0.muscache.com/im/pictures/f3c9732b-2b91-4e4c-a54d-e96b728dd1d9.jpg?aki_policy=large"", ""https://a0.muscache.com/im/pictures/d48d725b-c7a1-45e9-8355-e275db4638fb.jpg?aki_policy=large"", ""https://a0.muscache.com/im/pictures/c19b2c4e-ca90-4690-a56b-ba136c61bc53.jpg?aki_policy=large"", ""https://a0.muscache.com/im/pictures/dcb4aea8-e9bc-4cc5-9f7f-b4ca61fe179c.jpg?aki_policy=large"", ""https://a0.muscache.com/im/pictures/dbee7d38-02e1-4f06-b26a-d38144d46f6f.jpg?aki_policy=large"", ""https://a0.muscache.com/im/pictures/d4c4be94-4920-465d-bfd5-02c44d58d657.jpg?aki_policy=large"", ""https://a0.muscache.com/im/pictures/b981b61d-b46d-4e00-ae36-5a9c16f06758.jpg?aki_policy=large"", ""https://a0.muscache.com/im/pictures/11b1d687-9d53-40ac-a771-49bd06ee7022.jpg?aki_policy=large"", ""https://a0.muscache.com/im/pictures/05b323c5-be76-4d2e-8fab-497ff7b691a3.jpg?aki_policy=large"", ""https://a0.muscache.com/im/pictures/9d4ea3db-37bf-4b13-a1eb-5ebe326f6cb7.jpg?aki_policy=large""]";"{""beds"": 2, ""bedrooms"": 1, ""bathrooms"": 1.0, ""amenity_ids"": [1, 2, 4, 5, 71, 8, 72, 77, 16, 18, 19, 20, 21, 85, 86, 87, 88, 89, 90, 91, 92, 93, 30, 94, 31, 95, 96, 33, 97, 34, 35, 36, 100, 37, 39, 103, 40, 104, 41, 44, 45, 46, 47, 51, 54, 57], ""is_rebookable"": false, ""is_new_listing"": false, ""is_fully_refundable"": true, ""is_host_highly_rated"": true, ""is_business_travel_ready"": false}";"{""weekly_factor"": 0.92, ""monthly_factor"": 1.0}";397;"";"{""is_superhost"": true}"
2063886;Luxury 2 bedroom apartment ;entire_home;Paris;Tour Eiffel - Champ de Mars;48.8513204731;2.2942148501;4;"[""https://a0.muscache.com/im/pictures/28217597/f1b8d2bc_original.jpg?aki_policy=large"", ""https://a0.muscache.com/im/pictures/28217413/08a20ee7_original.jpg?aki_policy=large"", ""https://a0.muscache.com/im/pictures/28217527/2ab0e68c_original.jpg?aki_policy=large"", ""https://a0.muscache.com/im/pictures/28217466/9d17ce9e_original.jpg?aki_policy=large"", ""https://a0.muscache.com/im/pictures/28217479/a2cabbcc_original.jpg?aki_policy=large"", ""https://a0.muscache.com/im/pictures/28217496/64b85c5c_original.jpg?aki_policy=large"", ""https://a0.muscache.com/im/pictures/28217519/8a0d0e74_original.jpg?aki_policy=large"", ""https://a0.muscache.com/im/pictures/28217455/d22390ed_original.jpg?aki_policy=large"", ""https://a0.muscache.com/im/pictures/28217543/9eea909c_original.jpg?aki_policy=large"", ""https://a0.muscache.com/im/pictures/28217561/98194d3d_original.jpg?aki_policy=large"", ""https://a0.muscache.com/im/pictures/28217578/8a5ea162_original.jpg?aki_policy=large"", ""https://a0.muscache.com/im/pictures/28217625/24581983_original.jpg?aki_policy=large""]";"{""beds"": 2, ""bedrooms"": 2, ""bathrooms"": 2.0, ""amenity_ids"": [1, 33, 129, 34, 3, 35, 4, 36, 6, 8, 40, 41, 10, 44, 45, 77, 46, 47, 49, 50, 21, 30], ""is_rebookable"": false, ""is_new_listing"": false, ""is_fully_refundable"": true, ""is_host_highly_rated"": true, ""is_business_travel_ready"": false}";"{""weekly_factor"": 0.8, ""monthly_factor"": 1.0}";5185;"";"{""is_superhost"": false}"
2158345;Beau 3 pièces 65m2 Bastille/Nation;entire_home;Paris;11e arrondissement;48.8512769797;2.38728814036;5;"[""https://a0.muscache.com/im/pictures/29289536/f886e370_original.jpg?aki_policy=large"", ""https://a0.muscache.com/im/pictures/29289546/2fb3c534_original.jpg?aki_policy=large"", ""https://a0.muscache.com/im/pictures/29289497/b34b78a7_original.jpg?aki_policy=large"", ""https://a0.muscache.com/im/pictures/29289539/7f02e2ae_original.jpg?aki_policy=large"", ""https://a0.muscache.com/im/pictures/29289516/8ab6bb0f_original.jpg?aki_policy=large"", ""https://a0.muscache.com/im/pictures/29289507/ab668ebf_original.jpg?aki_policy=large"", ""https://a0.muscache.com/im/pictures/29289528/dc1eb4a2_original.jpg?aki_policy=large"", ""https://a0.muscache.com/im/pictures/29289967/c3ce8dd2_original.jpg?aki_policy=large"", ""https://a0.muscache.com/im/pictures/29289978/dd22041d_original.jpg?aki_policy=large"", ""https://a0.muscache.com/im/pictures/29289556/772a212e_original.jpg?aki_policy=large"", ""https://a0.muscache.com/im/pictures/29289489/15898216_original.jpg?aki_policy=large"", ""https://a0.muscache.com/im/pictures/29289961/019e3481_original.jpg?aki_policy=large""]";"{""beds"": 2, ""bedrooms"": 2, ""bathrooms"": 1.5, ""amenity_ids"": [64, 1, 2, 66, 131, 4, 71, 8, 9, 77, 16, 21, 85, 86, 88, 27, 30, 31, 33, 103, 40, 41, 44, 45, 46, 47, 61, 62, 63], ""is_rebookable"": false, ""is_new_listing"": false, ""is_fully_refundable"": true, ""is_host_highly_rated"": true, ""is_business_travel_ready"": false}";"{""weekly_factor"": 0.85, ""monthly_factor"": 0.7}";1623;"";"{""is_superhost"": false}"
2158913;Studio Arc de triomphe;entire_home;Paris;Ternes;48.8791547543;2.291277123;2;"[""https://a0.muscache.com/im/pictures/29293996/d953f294_original.jpg?aki_policy=large"", ""https://a0.muscache.com/im/pictures/33928437/3b064ccc_original.jpg?aki_policy=large"", ""https://a0.muscache.com/im/pictures/33936206/3f6ad65a_original.jpg?aki_policy=large"", ""https://a0.muscache.com/im/pictures/33932006/9f67451e_original.jpg?aki_policy=large"", ""https://a0.muscache.com/im/pictures/33934606/72fbdfc8_original.jpg?aki_policy=large"", ""https://a0.muscache.com/im/pictures/33930754/3cf4df42_original.jpg?aki_policy=large"", ""https://a0.muscache.com/im/pictures/33936591/f18b4bcc_original.jpg?aki_policy=large"", ""https://a0.muscache.com/im/pictures/33937249/334a1e1b_original.jpg?aki_policy=large"", ""https://a0.muscache.com/im/pictures/33938288/76c2b09e_original.jpg?aki_policy=large"", ""https://a0.muscache.com/im/pictures/33939207/2e1f4263_original.jpg?aki_policy=large"", ""https://a0.muscache.com/im/pictures/33939826/d8b5c1c5_original.jpg?aki_policy=large"", ""https://a0.muscache.com/im/pictures/33943064/4202e3fb_original.jpg?aki_policy=large""]";"{""beds"": 1, ""bedrooms"": 0, ""bathrooms"": 1.0, ""amenity_ids"": [1, 33, 34, 3, 4, 21, 8, 40, 28, 30], ""is_rebookable"": false, ""is_new_listing"": false, ""is_fully_refundable"": true, ""is_host_highly_rated"": false, ""is_business_travel_ready"": false}";"{""weekly_factor"": 0.98, ""monthly_factor"": 1.0}";5461;"";"{""is_superhost"": false}"
2162251;THE PLACE TO BE    Elysees Matignon;entire_home;Paris;Madeleine - Vendôme;48.872556557;2.31540776589;4;"[""https://a0.muscache.com/im/pictures/69411989/e5dc61bb_original.jpg?aki_policy=large"", ""https://a0.muscache.com/im/pictures/69411894/15268414_original.jpg?aki_policy=large"", ""https://a0.muscache.com/im/pictures/69412008/89673b76_original.jpg?aki_policy=large"", ""https://a0.muscache.com/im/pictures/69412059/dfd432d1_original.jpg?aki_policy=large"", ""https://a0.muscache.com/im/pictures/69411912/23be47cf_original.jpg?aki_policy=large"", ""https://a0.muscache.com/im/pictures/76499677/80529319_original.jpg?aki_policy=large"", ""https://a0.muscache.com/im/pictures/69411927/ec99d2ea_original.jpg?aki_policy=large"", ""https://a0.muscache.com/im/pictures/69411944/c53b8bc9_original.jpg?aki_policy=large"", ""https://a0.muscache.com/im/pictures/69411965/15f1df9d_original.jpg?aki_policy=large"", ""https://a0.muscache.com/im/pictures/69412068/465a97ff_original.jpg?aki_policy=large""]";"{""beds"": 2, ""bedrooms"": 1, ""bathrooms"": 1.0, ""amenity_ids"": [1, 129, 2, 3, 4, 71, 8, 72, 73, 10, 12, 77, 21, 85, 86, 87, 89, 90, 91, 92, 93, 30, 94, 31, 95, 33, 34, 35, 36, 100, 103, 40, 104, 41, 44, 45, 46, 47], ""is_rebookable"": false, ""is_new_listing"": false, ""is_fully_refundable"": true, ""is_host_highly_rated"": true, ""is_business_travel_ready"": false}";"{""weekly_factor"": 0.95, ""monthly_factor"": 0.8}";3566;"";"{""is_superhost"": false}"
2163046;2 bed Rms R Bretagne Paris 3 Marais;entire_home;PARIS 3eme;Le Marais;48.8624381977;2.36212564676;4;"[""https://a0.muscache.com/im/pictures/92071656/76a54e58_original.jpg?aki_policy=large"", ""https://a0.muscache.com/im/pictures/92071819/e4a63f06_original.jpg?aki_policy=large"", ""https://a0.muscache.com/im/pictures/92071844/372e82cb_original.jpg?aki_policy=large"", ""https://a0.muscache.com/im/pictures/92071887/37952088_original.jpg?aki_policy=large"", ""https://a0.muscache.com/im/pictures/92071910/6da13480_original.jpg?aki_policy=large"", ""https://a0.muscache.com/im/pictures/92071928/7d95d601_original.jpg?aki_policy=large"", ""https://a0.muscache.com/im/pictures/92071954/2441b42c_original.jpg?aki_policy=large"", ""https://a0.muscache.com/im/pictures/92071990/4ecf198e_original.jpg?aki_policy=large"", ""https://a0.muscache.com/im/pictures/92072033/9bdcfcad_original.jpg?aki_policy=large"", ""https://a0.muscache.com/im/pictures/92072059/66a52012_original.jpg?aki_policy=large"", ""https://a0.muscache.com/im/pictures/92072087/48ca541b_original.jpg?aki_policy=large""]";"{""beds"": 2, ""bedrooms"": 2, ""bathrooms"": 1.0, ""amenity_ids"": [1, 33, 2, 3, 35, 4, 36, 8, 40, 104, 44, 45, 77, 46, 47, 51, 55, 25, 30, 31, 287], ""is_rebookable"": false, ""is_new_listing"": false, ""is_fully_refundable"": true, ""is_host_highly_rated"": false, ""is_business_travel_ready"": false}";"{""weekly_factor"": 1.0, ""monthly_factor"": 0.7}";2100;"";"{""is_superhost"": false}"
2167122;St-Germain-des-Près/Odeon + terrace;entire_home;Paris;Saint Germain des Prés - Odéon;48.8541134008;2.3388832564;2;"[""https://a0.muscache.com/im/pictures/29401126/d0f3b73d_original.jpg?aki_policy=large"", ""https://a0.muscache.com/im/pictures/29399792/32d90ecd_original.jpg?aki_policy=large"", ""https://a0.muscache.com/im/pictures/29399838/f2ea03e9_original.jpg?aki_policy=large"", ""https://a0.muscache.com/im/pictures/29400036/1189929e_original.jpg?aki_policy=large"", ""https://a0.muscache.com/im/pictures/29400000/f1f259bb_original.jpg?aki_policy=large"", ""https://a0.muscache.com/im/pictures/30649202/77235137_original.jpg?aki_policy=large"", ""https://a0.muscache.com/im/pictures/30649297/9ebbdb95_original.jpg?aki_policy=large"", ""https://a0.muscache.com/im/pictures/30010618/bc74aec7_original.jpg?aki_policy=large"", ""https://a0.muscache.com/im/pictures/30010623/4641c50d_original.jpg?aki_policy=large"", ""https://a0.muscache.com/im/pictures/30010632/1df7c7a8_original.jpg?aki_policy=large"", ""https://a0.muscache.com/im/pictures/29400122/636c1539_original.jpg?aki_policy=large"", ""https://a0.muscache.com/im/pictures/29400282/daa5982d_original.jpg?aki_policy=large"", ""https://a0.muscache.com/im/pictures/30010926/49920d4b_original.jpg?aki_policy=large"", ""https://a0.muscache.com/im/pictures/30010954/81dc9a18_original.jpg?aki_policy=large"", ""https://a0.muscache.com/im/pictures/30010669/0b2cfe6b_original.jpg?aki_policy=large"", ""https://a0.muscache.com/im/pictures/29400304/be5818a1_original.jpg?aki_policy=large"", ""https://a0.muscache.com/im/pictures/30010703/65071738_original.jpg?aki_policy=large"", ""https://a0.muscache.com/im/pictures/30010727/a6fd808d_original.jpg?aki_policy=large"", ""https://a0.muscache.com/im/pictures/30010795/4314b1f2_original.jpg?aki_policy=large"", ""https://a0.muscache.com/im/pictures/30010800/810238c9_original.jpg?aki_policy=large"", ""https://a0.muscache.com/im/pictures/30010842/7f3440d2_original.jpg?aki_policy=large""]";"{""beds"": 1, ""bedrooms"": 0, ""bathrooms"": 1.0, ""amenity_ids"": [1, 33, 2, 3, 4, 8, 40, 41, 43, 45, 30, 31], ""is_rebookable"": false, ""is_new_listing"": false, ""is_fully_refundable"": true, ""is_host_highly_rated"": true, ""is_business_travel_ready"": false}";"{""weekly_factor"": 0.85, ""monthly_factor"": 0.7}";7147;"";"{""is_superhost"": false}"
28774896;5 min to invalides and 10 min to eiffel tower;entire_home;Paris;Invalides - Ecole Militaire;48.8529147809;2.31451900898;2;"[""https://a0.muscache.com/im/pictures/87713835-6400-4dac-82e9-35f0ae4386de.jpg?aki_policy=large"", ""https://a0.muscache.com/im/pictures/c3553616-da89-4a85-a325-c3943cfef316.jpg?aki_policy=large"", ""https://a0.muscache.com/im/pictures/791066c3-036e-4829-9f97-05a522eb4f90.jpg?aki_policy=large"", ""https://a0.muscache.com/im/pictures/61e8f996-2892-4bbe-944e-9a214908eb07.jpg?aki_policy=large"", ""https://a0.muscache.com/im/pictures/153dbf96-78b9-459b-88f9-2e116300bdea.jpg?aki_policy=large"", ""https://a0.muscache.com/im/pictures/fe45edae-e243-42df-9966-70b74081c7d8.jpg?aki_policy=large"", ""https://a0.muscache.com/im/pictures/8d375bf1-0d2d-407c-be6c-fe0c060f1049.jpg?aki_policy=large"", ""https://a0.muscache.com/im/pictures/da3a7c1b-63f4-4506-9fc5-8454424f294a.jpg?aki_policy=large"", ""https://a0.muscache.com/im/pictures/833374cc-8d08-4624-8cd5-c92da13b1598.jpg?aki_policy=large"", ""https://a0.muscache.com/im/pictures/451bc6f6-3fde-43a6-beee-d861e83f5b75.jpg?aki_policy=large""]";"{""beds"": 1, ""bedrooms"": 1, ""bathrooms"": 1.0, ""amenity_ids"": [1, 129, 4, 5, 8, 10, 12, 77, 16, 85, 86, 89, 90, 91, 93, 30, 94, 95, 96, 98, 35, 103, 40, 41, 44, 45, 46, 47], ""is_rebookable"": false, ""is_new_listing"": true, ""is_fully_refundable"": true, ""is_host_highly_rated"": false, ""is_business_travel_ready"": false}";"{""weekly_factor"": 1.0, ""monthly_factor"": 1.0}";3869;"";"{""is_superhost"": false}"
2293583;LOVELY NEST MARAIS AREA;entire_home;Paris;Le Marais;48.8600252096;2.36572875442;2;"[""https://a0.muscache.com/im/pictures/30748270/ae4ed6f3_original.jpg?aki_policy=large"", ""https://a0.muscache.com/im/pictures/43034960/1ea7506d_original.jpg?aki_policy=large"", ""https://a0.muscache.com/im/pictures/30752740/21f72dd2_original.jpg?aki_policy=large"", ""https://a0.muscache.com/im/pictures/30752672/6854b68f_original.jpg?aki_policy=large"", ""https://a0.muscache.com/im/pictures/43034906/68f650ea_original.jpg?aki_policy=large"", ""https://a0.muscache.com/im/pictures/30752682/e3fe70ac_original.jpg?aki_policy=large"", ""https://a0.muscache.com/im/pictures/30752710/d33837f3_original.jpg?aki_policy=large"", ""https://a0.muscache.com/im/pictures/30752729/595e1357_original.jpg?aki_policy=large"", ""https://a0.muscache.com/im/pictures/30752752/ff15cb40_original.jpg?aki_policy=large"", ""https://a0.muscache.com/im/pictures/30752764/a56cf69d_original.jpg?aki_policy=large"", ""https://a0.muscache.com/im/pictures/30752776/5222c764_original.jpg?aki_policy=large"", ""https://a0.muscache.com/im/pictures/30752785/6a55f503_original.jpg?aki_policy=large"", ""https://a0.muscache.com/im/pictures/30752795/540e5819_original.jpg?aki_policy=large"", ""https://a0.muscache.com/im/pictures/30752813/ac83d7c0_original.jpg?aki_policy=large"", ""https://a0.muscache.com/im/pictures/30752819/72b174e3_original.jpg?aki_policy=large"", ""https://a0.muscache.com/im/pictures/43034853/982b52c7_original.jpg?aki_policy=large"", ""https://a0.muscache.com/im/pictures/30752833/0c5b1d86_original.jpg?aki_policy=large"", ""https://a0.muscache.com/im/pictures/43034630/7b56a7c9_original.jpg?aki_policy=large"", ""https://a0.muscache.com/im/pictures/43034635/15315aa0_original.jpg?aki_policy=large"", ""https://a0.muscache.com/im/pictures/43034684/ef488cf5_original.jpg?aki_policy=large"", ""https://a0.muscache.com/im/pictures/43034658/f9d1bf94_original.jpg?aki_policy=large"", ""https://a0.muscache.com/im/pictures/107358248/d33eff81_original.jpg?aki_policy=large"", ""https://a0.muscache.com/im/pictures/107358270/d7326518_original.jpg?aki_policy=large""]";"{""beds"": 1, ""bedrooms"": 0, ""bathrooms"": 1.0, ""amenity_ids"": [1, 129, 2, 35, 4, 103, 8, 40, 104, 41, 44, 45, 77, 46, 47, 50, 21, 30, 31], ""is_rebookable"": false, ""is_new_listing"": false, ""is_fully_refundable"": true, ""is_host_highly_rated"": true, ""is_business_travel_ready"": false}";"{""weekly_factor"": 1.0, ""monthly_factor"": 1.0}";7791;"";"{""is_superhost"": false}"
2259473;Adorable chambre près du Louvre;entire_home;Paris;Châtelet - Les Halles - Beaubourg;48.860893;2.342219;3;"[""https://a0.muscache.com/im/pictures/71750893/764cd5b2_original.jpg?aki_policy=large"", ""https://a0.muscache.com/im/pictures/71750727/cb697e23_original.jpg?aki_policy=large"", ""https://a0.muscache.com/im/pictures/71750767/9ad88124_original.jpg?aki_policy=large"", ""https://a0.muscache.com/im/pictures/71750683/7b4f8fbd_original.jpg?aki_policy=large"", ""https://a0.muscache.com/im/pictures/71750911/e66540f3_original.jpg?aki_policy=large"", ""https://a0.muscache.com/im/pictures/71750921/39a4390c_original.jpg?aki_policy=large"", ""https://a0.muscache.com/im/pictures/52512582/5b6afc7e_original.jpg?aki_policy=large"", ""https://a0.muscache.com/im/pictures/71750939/bed66a8c_original.jpg?aki_policy=large"", ""https://a0.muscache.com/im/pictures/71750954/1abf3d62_original.jpg?aki_policy=large"", ""https://a0.muscache.com/im/pictures/71750974/f97028be_original.jpg?aki_policy=large"", ""https://a0.muscache.com/im/pictures/71751017/c9eb5721_original.jpg?aki_policy=large"", ""https://a0.muscache.com/im/pictures/71751038/eb6696ad_original.jpg?aki_policy=large"", ""https://a0.muscache.com/im/pictures/30377211/56fe9d0a_original.jpg?aki_policy=large"", ""https://a0.muscache.com/im/pictures/71751082/0cbe0e3d_original.jpg?aki_policy=large"", ""https://a0.muscache.com/im/pictures/71751068/f46fcab2_original.jpg?aki_policy=large"", ""https://a0.muscache.com/im/pictures/71751058/d8981826_original.jpg?aki_policy=large"", ""https://a0.muscache.com/im/pictures/71751098/613544e1_original.jpg?aki_policy=large"", ""https://a0.muscache.com/im/pictures/71751115/1bf1a777_original.jpg?aki_policy=large"", ""https://a0.muscache.com/im/pictures/71751128/c4569043_original.jpg?aki_policy=large"", ""https://a0.muscache.com/im/pictures/71751146/4b1034b4_original.jpg?aki_policy=large"", ""https://a0.muscache.com/im/pictures/71751161/a9122e4f_original.jpg?aki_policy=large"", ""https://a0.muscache.com/im/pictures/71751182/8ba7052d_original.jpg?aki_policy=large"", ""https://a0.muscache.com/im/pictures/71751191/c4216188_original.jpg?aki_policy=large"", ""https://a0.muscache.com/im/pictures/71751213/b085943e_original.jpg?aki_policy=large"", ""https://a0.muscache.com/im/pictures/71751224/553645a6_original.jpg?aki_policy=large"", ""https://a0.muscache.com/im/pictures/71751241/8dabaf9f_original.jpg?aki_policy=large"", ""https://a0.muscache.com/im/pictures/71751258/35c1f497_original.jpg?aki_policy=large"", ""https://a0.muscache.com/im/pictures/71751274/1d6fb156_original.jpg?aki_policy=large""]";"{""beds"": 2, ""bedrooms"": 1, ""bathrooms"": 1.0, ""amenity_ids"": [1, 129, 2, 3, 4, 8, 10, 77, 21, 85, 89, 90, 91, 92, 93, 30, 94, 31, 95, 96, 33, 34, 35, 40, 41, 44, 45, 46, 47], ""is_rebookable"": false, ""is_new_listing"": false, ""is_fully_refundable"": true, ""is_host_highly_rated"": true, ""is_business_travel_ready"": false}";"{""weekly_factor"": 0.8, ""monthly_factor"": 0.5}";6686;"";"{""is_superhost"": false}"
2404406;UN BIJOU FACE A NOTRE DAME;entire_home;Paris;Saint-Michel;48.851974;2.346607;2;"[""https://a0.muscache.com/im/pictures/31975589/5af15528_original.jpg?aki_policy=large"", ""https://a0.muscache.com/im/pictures/7d9c4a87-6988-4812-9c50-d073e6d1f605.jpg?aki_policy=large"", ""https://a0.muscache.com/im/pictures/fbfefc33-b342-4d9c-8186-e622b2ef22b6.jpg?aki_policy=large"", ""https://a0.muscache.com/im/pictures/31975840/ca910494_original.jpg?aki_policy=large"", ""https://a0.muscache.com/im/pictures/31975457/2d619a6a_original.jpg?aki_policy=large"", ""https://a0.muscache.com/im/pictures/31976185/36921485_original.jpg?aki_policy=large"", ""https://a0.muscache.com/im/pictures/31976211/deee7505_original.jpg?aki_policy=large"", ""https://a0.muscache.com/im/pictures/31976147/ca36090d_original.jpg?aki_policy=large"", ""https://a0.muscache.com/im/pictures/31975515/da8fbe68_original.jpg?aki_policy=large"", ""https://a0.muscache.com/im/pictures/31975723/1a39b7ef_original.jpg?aki_policy=large"", ""https://a0.muscache.com/im/pictures/31975916/e787e06d_original.jpg?aki_policy=large"", ""https://a0.muscache.com/im/pictures/31975935/80c4eb81_original.jpg?aki_policy=large"", ""https://a0.muscache.com/im/pictures/31975956/379c6ab8_original.jpg?aki_policy=large"", ""https://a0.muscache.com/im/pictures/31975820/127c38c3_original.jpg?aki_policy=large"", ""https://a0.muscache.com/im/pictures/31975850/61d7fee4_original.jpg?aki_policy=large"", ""https://a0.muscache.com/im/pictures/31975896/a2f93b9a_original.jpg?aki_policy=large"", ""https://a0.muscache.com/im/pictures/31976130/c906bde8_original.jpg?aki_policy=large"", ""https://a0.muscache.com/im/pictures/31976096/1810d167_original.jpg?aki_policy=large""]";"{""beds"": 1, ""bedrooms"": 0, ""bathrooms"": 1.0, ""amenity_ids"": [1, 2, 3, 4, 5, 8, 72, 10, 77, 87, 28, 30, 31, 33, 34, 35, 36, 39, 40, 104, 41, 43, 44, 45, 46, 47, 51, 54], ""is_rebookable"": false, ""is_new_listing"": false, ""is_fully_refundable"": true, ""is_host_highly_rated"": true, ""is_business_travel_ready"": false}";"{""weekly_factor"": 0.95, ""monthly_factor"": 0.9}";6080;"";"{""is_superhost"": true}"
2351015;studette;entire_home;Paris;Invalides - Ecole Militaire;48.8475308859;2.3072949026;1;"[""https://a0.muscache.com/im/pictures/31378600/1d6f8869_original.jpg?aki_policy=large"", ""https://a0.muscache.com/im/pictures/31369034/75c9def7_original.jpg?aki_policy=large"", ""https://a0.muscache.com/im/pictures/31369022/0e9f195c_original.jpg?aki_policy=large"", ""https://a0.muscache.com/im/pictures/48785108/d7d645cc_original.jpg?aki_policy=large"", ""https://a0.muscache.com/im/pictures/48785143/77efbdc3_original.jpg?aki_policy=large""]";"{""beds"": 1, ""bedrooms"": 0, ""bathrooms"": 0.5, ""amenity_ids"": [1, 3, 4, 21, 40, 41, 30], ""is_rebookable"": false, ""is_new_listing"": false, ""is_fully_refundable"": true, ""is_host_highly_rated"": false, ""is_business_travel_ready"": false}";"{""weekly_factor"": 0.86, ""monthly_factor"": 0.7}";5706;"";"{""is_superhost"": false}"
2359875;2 pièces 30 m2 Canal St Martin;entire_home;Paris;10e arrondissement;48.8769102448;2.37091398749;2;"[""https://a0.muscache.com/im/pictures/31468643/bee5d16b_original.jpg?aki_policy=large"", ""https://a0.muscache.com/im/pictures/31468690/81dbbf55_original.jpg?aki_policy=large"", ""https://a0.muscache.com/im/pictures/31468719/9c1a62c1_original.jpg?aki_policy=large"", ""https://a0.muscache.com/im/pictures/31468752/484684d1_original.jpg?aki_policy=large"", ""https://a0.muscache.com/im/pictures/31468777/ed5ab603_original.jpg?aki_policy=large"", ""https://a0.muscache.com/im/pictures/99201573/96f5078f_original.jpg?aki_policy=large"", ""https://a0.muscache.com/im/pictures/99202355/45728095_original.jpg?aki_policy=large"", ""https://a0.muscache.com/im/pictures/99202374/bf967fc8_original.jpg?aki_policy=large"", ""https://a0.muscache.com/im/pictures/99201786/d7e602f5_original.jpg?aki_policy=large"", ""https://a0.muscache.com/im/pictures/99201801/f8a1fb5c_original.jpg?aki_policy=large"", ""https://a0.muscache.com/im/pictures/99201803/066c70cb_original.jpg?aki_policy=large"", ""https://a0.muscache.com/im/pictures/99201776/07a88e20_original.jpg?aki_policy=large""]";"{""beds"": 1, ""bedrooms"": 1, ""bathrooms"": 1.0, ""amenity_ids"": [33, 49, 50, 3, 35, 4, 8, 40, 41, 11, 30], ""is_rebookable"": false, ""is_new_listing"": false, ""is_fully_refundable"": true, ""is_host_highly_rated"": false, ""is_business_travel_ready"": false}";"{""weekly_factor"": 0.85, ""monthly_factor"": 0.65}";4010;"";"{""is_superhost"": false}"
2364662;Le nid d'un Décorateur;entire_home;Paris;Montmartre;48.8825458062;2.33703431874;4;"[""https://a0.muscache.com/im/pictures/31527011/4dbcf0e0_original.jpg?aki_policy=large"", ""https://a0.muscache.com/im/pictures/31527179/9dbd9857_original.jpg?aki_policy=large"", ""https://a0.muscache.com/im/pictures/16cec8b9-7fa0-4ed2-9f54-a9f821308dfe.jpg?aki_policy=large"", ""https://a0.muscache.com/im/pictures/efef897d-1b14-45b7-a47f-e55acb1d20ad.jpg?aki_policy=large"", ""https://a0.muscache.com/im/pictures/fbf82953-4c44-4ad2-9ca2-6c170aaae4e7.jpg?aki_policy=large"", ""https://a0.muscache.com/im/pictures/35350257/70df1007_original.jpg?aki_policy=large"", ""https://a0.muscache.com/im/pictures/31527134/3176fd30_original.jpg?aki_policy=large"", ""https://a0.muscache.com/im/pictures/35350360/ada3ca24_original.jpg?aki_policy=large"", ""https://a0.muscache.com/im/pictures/35350645/32e89fd2_original.jpg?aki_policy=large"", ""https://a0.muscache.com/im/pictures/35080393/9189a12e_original.jpg?aki_policy=large"", ""https://a0.muscache.com/im/pictures/31526980/50685bed_original.jpg?aki_policy=large"", ""https://a0.muscache.com/im/pictures/35350747/09ad7df5_original.jpg?aki_policy=large"", ""https://a0.muscache.com/im/pictures/35350978/f80ec494_original.jpg?aki_policy=large"", ""https://a0.muscache.com/im/pictures/35351076/2d76a989_original.jpg?aki_policy=large"", ""https://a0.muscache.com/im/pictures/35351205/ccf606df_original.jpg?aki_policy=large"", ""https://a0.muscache.com/im/pictures/35351403/94a67806_original.jpg?aki_policy=large"", ""https://a0.muscache.com/im/pictures/31527042/cb3e9d0f_original.jpg?aki_policy=large"", ""https://a0.muscache.com/im/pictures/35079532/1ce1f161_original.jpg?aki_policy=large"", ""https://a0.muscache.com/im/pictures/35351527/52aa2677_original.jpg?aki_policy=large"", ""https://a0.muscache.com/im/pictures/35351618/03195dee_original.jpg?aki_policy=large"", ""https://a0.muscache.com/im/pictures/35351812/aaa6beb2_original.jpg?aki_policy=large"", ""https://a0.muscache.com/im/pictures/31527066/165bd3ef_original.jpg?aki_policy=large"", ""https://a0.muscache.com/im/pictures/31527096/a4dfd8df_original.jpg?aki_policy=large"", ""https://a0.muscache.com/im/pictures/31527170/ed16ae3b_original.jpg?aki_policy=large"", ""https://a0.muscache.com/im/pictures/31527122/d4c68d58_original.jpg?aki_policy=large"", ""https://a0.muscache.com/im/pictures/31527142/e54b8cb2_original.jpg?aki_policy=large"", ""https://a0.muscache.com/im/pictures/31527149/93131b4c_original.jpg?aki_policy=large"", ""https://a0.muscache.com/im/pictures/31527188/5e5b5440_original.jpg?aki_policy=large"", ""https://a0.muscache.com/im/pictures/31527199/7460f4de_original.jpg?aki_policy=large"", ""https://a0.muscache.com/im/pictures/31527212/3e09ed29_original.jpg?aki_policy=large""]";"{""beds"": 2, ""bedrooms"": 1, ""bathrooms"": 1.0, ""amenity_ids"": [1, 33, 3, 35, 131, 4, 36, 39, 103, 8, 40, 104, 10, 43, 44, 45, 77, 46, 47, 50, 21, 28, 30, 31], ""is_rebookable"": false, ""is_new_listing"": false, ""is_fully_refundable"": true, ""is_host_highly_rated"": true, ""is_business_travel_ready"": false}";"{""weekly_factor"": 1.0, ""monthly_factor"": 1.0}";414;"";"{""is_superhost"": true}"
2389340;Rouge Baiser, 1Ch/1Sdb, 4 personnes;entire_home;Paris;Châtelet - Les Halles - Beaubourg;48.8648307412;2.34734178276;4;"[""https://a0.muscache.com/im/pictures/84313083/b372ff9e_original.jpg?aki_policy=large"", ""https://a0.muscache.com/im/pictures/84313106/8a2bf795_original.jpg?aki_policy=large"", ""https://a0.muscache.com/im/pictures/84313177/74429b45_original.jpg?aki_policy=large"", ""https://a0.muscache.com/im/pictures/84313118/985a6576_original.jpg?aki_policy=large"", ""https://a0.muscache.com/im/pictures/84313129/21a9e391_original.jpg?aki_policy=large"", ""https://a0.muscache.com/im/pictures/84313141/5dd9254e_original.jpg?aki_policy=large"", ""https://a0.muscache.com/im/pictures/84313201/75a05ef4_original.jpg?aki_policy=large"", ""https://a0.muscache.com/im/pictures/84313211/06905603_original.jpg?aki_policy=large"", ""https://a0.muscache.com/im/pictures/84313217/8f49164a_original.jpg?aki_policy=large"", ""https://a0.muscache.com/im/pictures/84313054/63aa2955_original.jpg?aki_policy=large"", ""https://a0.muscache.com/im/pictures/84313071/eae13237_original.jpg?aki_policy=large"", ""https://a0.muscache.com/im/pictures/84313044/80277888_original.jpg?aki_policy=large"", ""https://a0.muscache.com/im/pictures/84313012/4edb88a6_original.jpg?aki_policy=large"", ""https://a0.muscache.com/im/pictures/84313026/fae1f5b3_original.jpg?aki_policy=large""]";"{""beds"": 1, ""bedrooms"": 1, ""bathrooms"": 1.5, ""amenity_ids"": [1, 33, 2, 35, 4, 8, 44, 45, 30, 46, 31, 47], ""is_rebookable"": false, ""is_new_listing"": false, ""is_fully_refundable"": true, ""is_host_highly_rated"": true, ""is_business_travel_ready"": false}";"{""weekly_factor"": 0.83, ""monthly_factor"": 0.51}";6334;"";"{""is_superhost"": false}"
3088369;Shared room in Saint-Germain-des-Prés;shared_room;Paris;"";48.852844;2.334886;1;"[""https://a0.muscache.com/im/pictures/39476444/7b46bb63_original.jpg?aki_policy=large"", ""https://a0.muscache.com/im/pictures/39476460/b95b47e3_original.jpg?aki_policy=large"", ""https://a0.muscache.com/im/pictures/39476472/a5fc0089_original.jpg?aki_policy=large"", ""https://a0.muscache.com/im/pictures/39476487/59df722c_original.jpg?aki_policy=large"", ""https://a0.muscache.com/im/pictures/39476503/46162711_original.jpg?aki_policy=large"", ""https://a0.muscache.com/im/pictures/39476516/a949ac84_original.jpg?aki_policy=large"", ""https://a0.muscache.com/im/pictures/39476533/8014f8c8_original.jpg?aki_policy=large"", ""https://a0.muscache.com/im/pictures/39476553/01eef03d_original.jpg?aki_policy=large"", ""https://a0.muscache.com/im/pictures/39476573/0ce4585d_original.jpg?aki_policy=large"", ""https://a0.muscache.com/im/pictures/39476592/fe2b7185_original.jpg?aki_policy=large"", ""https://a0.muscache.com/im/pictures/39476601/a9fd82ca_original.jpg?aki_policy=large"", ""https://a0.muscache.com/im/pictures/39476617/a9e5b22e_original.jpg?aki_policy=large"", ""https://a0.muscache.com/im/pictures/39476632/c5aa532c_original.jpg?aki_policy=large"", ""https://a0.muscache.com/im/pictures/39476647/81b216ff_original.jpg?aki_policy=large"", ""https://a0.muscache.com/im/pictures/39476664/6a9f02fd_original.jpg?aki_policy=large"", ""https://a0.muscache.com/im/pictures/39476684/d889db10_original.jpg?aki_policy=large"", ""https://a0.muscache.com/im/pictures/39476700/21e17cd0_original.jpg?aki_policy=large"", ""https://a0.muscache.com/im/pictures/39476711/681d291f_original.jpg?aki_policy=large"", ""https://a0.muscache.com/im/pictures/39476729/d7d26474_original.jpg?aki_policy=large""]";"{""beds"": 1, ""bedrooms"": 1, ""bathrooms"": 1.0, ""amenity_ids"": [33, 34, 3, 4, 8, 40, 41, 44, 45, 77, 46, 21, 87, 30], ""is_rebookable"": false, ""is_new_listing"": false, ""is_fully_refundable"": true, ""is_host_highly_rated"": true, ""is_business_travel_ready"": false}";"{""weekly_factor"": 1.0, ""monthly_factor"": 1.0}";3117;"";"{""is_superhost"": false}"
2461466;Loft/Duplex-Fashion Week-Louvre-Opéra-Vendôme;entire_home;Paris;Madeleine - Vendôme;48.8666981224;2.33252780293;2;"[""https://a0.muscache.com/im/pictures/32651595/8be88b7e_original.jpg?aki_policy=large"", ""https://a0.muscache.com/im/pictures/32626442/8187c79e_original.jpg?aki_policy=large"", ""https://a0.muscache.com/im/pictures/32651687/66962d56_original.jpg?aki_policy=large"", ""https://a0.muscache.com/im/pictures/38968541/861a1b3e_original.jpg?aki_policy=large"", ""https://a0.muscache.com/im/pictures/32651745/e6309fad_original.jpg?aki_policy=large"", ""https://a0.muscache.com/im/pictures/32827381/7360ac4e_original.jpg?aki_policy=large"", ""https://a0.muscache.com/im/pictures/32627843/ad60ad73_original.jpg?aki_policy=large"", ""https://a0.muscache.com/im/pictures/32627835/b46d26d6_original.jpg?aki_policy=large"", ""https://a0.muscache.com/im/pictures/32627847/fa440c2a_original.jpg?aki_policy=large"", ""https://a0.muscache.com/im/pictures/32627901/13ba6ac7_original.jpg?aki_policy=large"", ""https://a0.muscache.com/im/pictures/32651790/0dcb76ba_original.jpg?aki_policy=large""]";"{""beds"": 1, ""bedrooms"": 1, ""bathrooms"": 1.5, ""amenity_ids"": [129, 3, 4, 8, 10, 77, 21, 85, 86, 87, 89, 90, 91, 92, 93, 30, 94, 95, 96, 33, 34, 35, 103, 40, 104, 41, 44, 45, 46, 47, 56], ""is_rebookable"": false, ""is_new_listing"": false, ""is_fully_refundable"": true, ""is_host_highly_rated"": true, ""is_business_travel_ready"": false}";"{""weekly_factor"": 1.0, ""monthly_factor"": 1.0}";1729;"";"{""is_superhost"": false}"
2467750;CHARMING DUPLEX PENTHOUSE WITH SPECTACULAR VIEW;entire_home;Paris;Invalides - Ecole Militaire;48.8575427435;2.31669173952;2;"[""https://a0.muscache.com/im/pictures/38461844/95045a70_original.jpg?aki_policy=large"", ""https://a0.muscache.com/im/pictures/38468071/81e5ac98_original.jpg?aki_policy=large"", ""https://a0.muscache.com/im/pictures/38469305/76fb6fe4_original.jpg?aki_policy=large"", ""https://a0.muscache.com/im/pictures/38469489/e6e251ec_original.jpg?aki_policy=large"", ""https://a0.muscache.com/im/pictures/38469359/cb147dfc_original.jpg?aki_policy=large"", ""https://a0.muscache.com/im/pictures/82717263/ed40a4ef_original.jpg?aki_policy=large"", ""https://a0.muscache.com/im/pictures/38471150/3ca8bb0c_original.jpg?aki_policy=large"", ""https://a0.muscache.com/im/pictures/82717137/b87382c4_original.jpg?aki_policy=large"", ""https://a0.muscache.com/im/pictures/38470302/da8e5cb9_original.jpg?aki_policy=large"", ""https://a0.muscache.com/im/pictures/38470136/a4963f84_original.jpg?aki_policy=large"", ""https://a0.muscache.com/im/pictures/38537186/c339316d_original.jpg?aki_policy=large"", ""https://a0.muscache.com/im/pictures/38470416/c39b873c_original.jpg?aki_policy=large"", ""https://a0.muscache.com/im/pictures/82719006/16a1783e_original.jpg?aki_policy=large"", ""https://a0.muscache.com/im/pictures/38470978/fd18562c_original.jpg?aki_policy=large"", ""https://a0.muscache.com/im/pictures/38538569/1a97b15c_original.jpg?aki_policy=large"", ""https://a0.muscache.com/im/pictures/38471295/7221d1cb_original.jpg?aki_policy=large"", ""https://a0.muscache.com/im/pictures/82718379/e38ee5cc_original.jpg?aki_policy=large"", ""https://a0.muscache.com/im/pictures/38469721/632b52bd_original.jpg?aki_policy=large"", ""https://a0.muscache.com/im/pictures/82718534/edc28d33_original.jpg?aki_policy=large"", ""https://a0.muscache.com/im/pictures/38537510/8270fa8f_original.jpg?aki_policy=large"", ""https://a0.muscache.com/im/pictures/38536486/843714f3_original.jpg?aki_policy=large"", ""https://a0.muscache.com/im/pictures/38536878/020a60b8_original.jpg?aki_policy=large""]";"{""beds"": 1, ""bedrooms"": 1, ""bathrooms"": 1.0, ""amenity_ids"": [1, 129, 2, 3, 4, 5, 8, 10, 77, 14, 21, 85, 86, 87, 88, 89, 90, 91, 28, 92, 93, 30, 94, 95, 287, 96, 33, 35, 39, 103, 40, 104, 41, 44, 45, 46, 47, 49, 50, 51, 54], ""is_rebookable"": false, ""is_new_listing"": false, ""is_fully_refundable"": true, ""is_host_highly_rated"": true, ""is_business_travel_ready"": false}";"{""weekly_factor"": 0.9, ""monthly_factor"": 0.7}";5645;"";"{""is_superhost"": false}"
2485119;Super studio Trocadero Tour Eiffel;entire_home;Paris;Passy;48.8602019057;2.28532807174;4;"[""https://a0.muscache.com/im/pictures/37747996/1c7624fa_original.jpg?aki_policy=large"", ""https://a0.muscache.com/im/pictures/37748011/6c0f3a0f_original.jpg?aki_policy=large"", ""https://a0.muscache.com/im/pictures/37748024/cad3638e_original.jpg?aki_policy=large"", ""https://a0.muscache.com/im/pictures/37747981/c02c3bb4_original.jpg?aki_policy=large"", ""https://a0.muscache.com/im/pictures/37747935/39cbff6c_original.jpg?aki_policy=large"", ""https://a0.muscache.com/im/pictures/37747949/4fadea7e_original.jpg?aki_policy=large"", ""https://a0.muscache.com/im/pictures/37747964/7e2345d9_original.jpg?aki_policy=large"", ""https://a0.muscache.com/im/pictures/37748038/1ea36828_original.jpg?aki_policy=large"", ""https://a0.muscache.com/im/pictures/37748056/ea784774_original.jpg?aki_policy=large"", ""https://a0.muscache.com/im/pictures/37748071/779244da_original.jpg?aki_policy=large"", ""https://a0.muscache.com/im/pictures/37748089/c48cefc3_original.jpg?aki_policy=large"", ""https://a0.muscache.com/im/pictures/37748103/63167c78_original.jpg?aki_policy=large"", ""https://a0.muscache.com/im/pictures/37748109/f569404b_original.jpg?aki_policy=large"", ""https://a0.muscache.com/im/pictures/37748128/457eaff6_original.jpg?aki_policy=large"", ""https://a0.muscache.com/im/pictures/37748154/5d39eddb_original.jpg?aki_policy=large"", ""https://a0.muscache.com/im/pictures/32904769/16b56950_original.jpg?aki_policy=large"", ""https://a0.muscache.com/im/pictures/32904790/83f36cec_original.jpg?aki_policy=large"", ""https://a0.muscache.com/im/pictures/32904833/624dd13d_original.jpg?aki_policy=large"", ""https://a0.muscache.com/im/pictures/32904863/24472409_original.jpg?aki_policy=large"", ""https://a0.muscache.com/im/pictures/32904897/b1995615_original.jpg?aki_policy=large"", ""https://a0.muscache.com/im/pictures/32904932/7043b36b_original.jpg?aki_policy=large"", ""https://a0.muscache.com/im/pictures/32904959/7494b284_original.jpg?aki_policy=large"", ""https://a0.muscache.com/im/pictures/32904990/c89ab743_original.jpg?aki_policy=large"", ""https://a0.muscache.com/im/pictures/32905023/a8e04b25_original.jpg?aki_policy=large"", ""https://a0.muscache.com/im/pictures/32905091/e0e3c334_original.jpg?aki_policy=large"", ""https://a0.muscache.com/im/pictures/32905161/a914e133_original.jpg?aki_policy=large"", ""https://a0.muscache.com/im/pictures/32905216/389690e0_original.jpg?aki_policy=large"", ""https://a0.muscache.com/im/pictures/32905269/d45f3799_original.jpg?aki_policy=large"", ""https://a0.muscache.com/im/pictures/32905312/fdb20611_original.jpg?aki_policy=large"", ""https://a0.muscache.com/im/pictures/32905359/bf281e92_original.jpg?aki_policy=large""]";"{""beds"": 2, ""bedrooms"": 0, ""bathrooms"": 1.0, ""amenity_ids"": [1, 33, 2, 3, 35, 4, 36, 6, 8, 40, 41, 43, 44, 45, 46, 47, 16, 21, 30, 31], ""is_rebookable"": false, ""is_new_listing"": false, ""is_fully_refundable"": true, ""is_host_highly_rated"": false, ""is_business_travel_ready"": false}";"{""weekly_factor"": 0.87, ""monthly_factor"": 0.63}";4739;"";"{""is_superhost"": false}"
2498301;Beautiful loft style apt (Drouot);entire_home;Paris;Opéra - Grands Boulevards;48.8708224846;2.34038890061;2;"[""https://a0.muscache.com/im/pictures/33248157/33fef68b_original.jpg?aki_policy=large"", ""https://a0.muscache.com/im/pictures/33248191/10720255_original.jpg?aki_policy=large"", ""https://a0.muscache.com/im/pictures/33248221/70706d3b_original.jpg?aki_policy=large"", ""https://a0.muscache.com/im/pictures/33248239/b00e23b4_original.jpg?aki_policy=large"", ""https://a0.muscache.com/im/pictures/33248327/9f9a38f9_original.jpg?aki_policy=large"", ""https://a0.muscache.com/im/pictures/33248363/cc662b7d_original.jpg?aki_policy=large"", ""https://a0.muscache.com/im/pictures/33248390/7ad71b5c_original.jpg?aki_policy=large"", ""https://a0.muscache.com/im/pictures/33248414/dd2f30e4_original.jpg?aki_policy=large"", ""https://a0.muscache.com/im/pictures/33248434/481e7413_original.jpg?aki_policy=large"", ""https://a0.muscache.com/im/pictures/33248471/d95069cb_original.jpg?aki_policy=large"", ""https://a0.muscache.com/im/pictures/33248497/d11ae381_original.jpg?aki_policy=large"", ""https://a0.muscache.com/im/pictures/33248613/11777729_original.jpg?aki_policy=large"", ""https://a0.muscache.com/im/pictures/33248650/00d78829_original.jpg?aki_policy=large"", ""https://a0.muscache.com/im/pictures/33248674/6a694e72_original.jpg?aki_policy=large"", ""https://a0.muscache.com/im/pictures/33248737/75ee5a8f_original.jpg?aki_policy=large"", ""https://a0.muscache.com/im/pictures/33248771/0b644f05_original.jpg?aki_policy=large"", ""https://a0.muscache.com/im/pictures/33248777/72155061_original.jpg?aki_policy=large"", ""https://a0.muscache.com/im/pictures/33248817/fae0380b_original.jpg?aki_policy=large"", ""https://a0.muscache.com/im/pictures/33248855/25f40b70_original.jpg?aki_policy=large"", ""https://a0.muscache.com/im/pictures/33248942/9fbe9d64_original.jpg?aki_policy=large"", ""https://a0.muscache.com/im/pictures/33249107/27a6ff4d_original.jpg?aki_policy=large""]";"{""beds"": 1, ""bedrooms"": 1, ""bathrooms"": 1.0, ""amenity_ids"": [1, 33, 2, 3, 4, 8, 40, 41, 45, 30, 46, 31], ""is_rebookable"": false, ""is_new_listing"": false, ""is_fully_refundable"": true, ""is_host_highly_rated"": true, ""is_business_travel_ready"": false}";"{""weekly_factor"": 0.8, ""monthly_factor"": 0.7}";7285;"";"{""is_superhost"": false}"
2501795;Haussmanien familial / 4 ch (130m2) + balcon;entire_home;Paris;Gare du Nord - Gare de I'Est;48.882586242;2.34967352846;6;"[""https://a0.muscache.com/im/pictures/85189926/83b4c859_original.jpg?aki_policy=large"", ""https://a0.muscache.com/im/pictures/85189941/7b2c70b8_original.jpg?aki_policy=large"", ""https://a0.muscache.com/im/pictures/85189952/25d5cb58_original.jpg?aki_policy=large"", ""https://a0.muscache.com/im/pictures/33095311/f2f0bf86_original.jpg?aki_policy=large"", ""https://a0.muscache.com/im/pictures/85190056/7758eae6_original.jpg?aki_policy=large"", ""https://a0.muscache.com/im/pictures/85190043/62ee0246_original.jpg?aki_policy=large"", ""https://a0.muscache.com/im/pictures/33095290/43e9603b_original.jpg?aki_policy=large"", ""https://a0.muscache.com/im/pictures/33095341/a7499a39_original.jpg?aki_policy=large"", ""https://a0.muscache.com/im/pictures/33095369/312a185e_original.jpg?aki_policy=large"", ""https://a0.muscache.com/im/pictures/33095467/1af1230b_original.jpg?aki_policy=large"", ""https://a0.muscache.com/im/pictures/33095492/23eabb5e_original.jpg?aki_policy=large"", ""https://a0.muscache.com/im/pictures/33095453/2979d3e4_original.jpg?aki_policy=large"", ""https://a0.muscache.com/im/pictures/f7ea01e7-1730-41e6-b377-40300106425a.jpg?aki_policy=large"", ""https://a0.muscache.com/im/pictures/f60ef035-8745-4a81-bfdc-5c9557a7c3e8.jpg?aki_policy=large"", ""https://a0.muscache.com/im/pictures/b2d3cf6f-c635-434f-a236-dfe275c7f358.jpg?aki_policy=large"", ""https://a0.muscache.com/im/pictures/e1d95920-d198-452d-b0df-a7e0f1ffc2d9.jpg?aki_policy=large"", ""https://a0.muscache.com/im/pictures/324d173c-057f-40f2-a186-2a9bb1abf617.jpg?aki_policy=large"", ""https://a0.muscache.com/im/pictures/f90f9011-3347-4729-9166-7b44a0a2d575.jpg?aki_policy=large"", ""https://a0.muscache.com/im/pictures/fc8bf5e8-d046-48ca-b786-d890588ab616.jpg?aki_policy=large"", ""https://a0.muscache.com/im/pictures/33095532/77609764_original.jpg?aki_policy=large"", ""https://a0.muscache.com/im/pictures/33095551/ddf6d2be_original.jpg?aki_policy=large""]";"{""beds"": 4, ""bedrooms"": 4, ""bathrooms"": 1.5, ""amenity_ids"": [64, 1, 129, 2, 66, 4, 69, 71, 8, 72, 9, 73, 74, 75, 77, 21, 90, 91, 92, 93, 30, 94, 31, 95, 96, 33, 34, 35, 36, 100, 37, 39, 103, 40, 41, 44, 45, 46, 47, 60, 61, 63], ""is_rebookable"": false, ""is_new_listing"": false, ""is_fully_refundable"": true, ""is_host_highly_rated"": true, ""is_business_travel_ready"": false}";"{""weekly_factor"": 0.75, ""monthly_factor"": 0.7}";6219;"";"{""is_superhost"": true}"
2511095;G15594 One bedroom in the 15th area;entire_home;Paris;Vaugirard;48.8457939592;2.30538003918;3;"[""https://a0.muscache.com/im/pictures/33198905/9d7c3c14_original.jpg?aki_policy=large"", ""https://a0.muscache.com/im/pictures/33198898/73a1e1cf_original.jpg?aki_policy=large"", ""https://a0.muscache.com/im/pictures/33198914/84a863a3_original.jpg?aki_policy=large"", ""https://a0.muscache.com/im/pictures/33198926/a329916e_original.jpg?aki_policy=large"", ""https://a0.muscache.com/im/pictures/33198934/7a8b0ac0_original.jpg?aki_policy=large"", ""https://a0.muscache.com/im/pictures/33198942/effab370_original.jpg?aki_policy=large"", ""https://a0.muscache.com/im/pictures/33198952/3b0912ef_original.jpg?aki_policy=large"", ""https://a0.muscache.com/im/pictures/33198961/6913f0f0_original.jpg?aki_policy=large"", ""https://a0.muscache.com/im/pictures/33198971/dea6a471_original.jpg?aki_policy=large"", ""https://a0.muscache.com/im/pictures/33198978/cfd064d2_original.jpg?aki_policy=large"", ""https://a0.muscache.com/im/pictures/33198988/5f7d1c83_original.jpg?aki_policy=large"", ""https://a0.muscache.com/im/pictures/33199001/fe5b9cd9_original.jpg?aki_policy=large"", ""https://a0.muscache.com/im/pictures/33199010/00d08747_original.jpg?aki_policy=large"", ""https://a0.muscache.com/im/pictures/33199017/5e9be014_original.jpg?aki_policy=large"", ""https://a0.muscache.com/im/pictures/33199025/6e056948_original.jpg?aki_policy=large"", ""https://a0.muscache.com/im/pictures/33199036/5c4faac7_original.jpg?aki_policy=large"", ""https://a0.muscache.com/im/pictures/33199048/83612545_original.jpg?aki_policy=large"", ""https://a0.muscache.com/im/pictures/33199056/f68b7791_original.jpg?aki_policy=large"", ""https://a0.muscache.com/im/pictures/33199066/2ca0ff3e_original.jpg?aki_policy=large"", ""https://a0.muscache.com/im/pictures/33199075/565906f5_original.jpg?aki_policy=large"", ""https://a0.muscache.com/im/pictures/33199242/8d6d1931_original.jpg?aki_policy=large"", ""https://a0.muscache.com/im/pictures/33199253/c0c5d99f_original.jpg?aki_policy=large"", ""https://a0.muscache.com/im/pictures/33199260/16c93a6e_original.jpg?aki_policy=large""]";"{""beds"": 2, ""bedrooms"": 1, ""bathrooms"": 1.0, ""amenity_ids"": [1, 33, 129, 2, 3, 35, 4, 8, 40, 104, 41, 10, 44, 45, 77, 46, 47, 21, 28, 30, 31], ""is_rebookable"": false, ""is_new_listing"": false, ""is_fully_refundable"": true, ""is_host_highly_rated"": true, ""is_business_travel_ready"": false}";"{""weekly_factor"": 0.72, ""monthly_factor"": 0.47}";1261;"";"{""is_superhost"": false}"
2530770;Dernier étage avec vues incroyables;entire_home;Paris;Père Lachaise - Ménilmontant;48.8593097354;2.3911200647;4;"[""https://a0.muscache.com/im/pictures/3b0e6d4f-a20d-4814-842f-a0ccccda17f5.jpg?aki_policy=large"", ""https://a0.muscache.com/im/pictures/98700152/705a1972_original.jpg?aki_policy=large"", ""https://a0.muscache.com/im/pictures/98700095/fdc7e6a8_original.jpg?aki_policy=large"", ""https://a0.muscache.com/im/pictures/98700148/463b9454_original.jpg?aki_policy=large"", ""https://a0.muscache.com/im/pictures/33433747/3cb839f5_original.jpg?aki_policy=large"", ""https://a0.muscache.com/im/pictures/33433703/566f0fc2_original.jpg?aki_policy=large"", ""https://a0.muscache.com/im/pictures/62b4391f-03ae-4c8d-8431-8e115be96431.jpg?aki_policy=large"", ""https://a0.muscache.com/im/pictures/33433350/bd6814eb_original.jpg?aki_policy=large"", ""https://a0.muscache.com/im/pictures/2032365d-07ae-4201-b7cd-bcbfdbe6fcd1.jpg?aki_policy=large"", ""https://a0.muscache.com/im/pictures/33433572/feb04def_original.jpg?aki_policy=large"", ""https://a0.muscache.com/im/pictures/a9525e3e-8200-49b1-9c2b-45e5a9fdeb43.jpg?aki_policy=large"", ""https://a0.muscache.com/im/pictures/33433643/9598e1ab_original.jpg?aki_policy=large"", ""https://a0.muscache.com/im/pictures/33433819/53e2967e_original.jpg?aki_policy=large"", ""https://a0.muscache.com/im/pictures/33433866/40c1e7be_original.jpg?aki_policy=large"", ""https://a0.muscache.com/im/pictures/33463228/b168cda9_original.jpg?aki_policy=large"", ""https://a0.muscache.com/im/pictures/33463265/51f78172_original.jpg?aki_policy=large"", ""https://a0.muscache.com/im/pictures/33463279/01f0c3a5_original.jpg?aki_policy=large"", ""https://a0.muscache.com/im/pictures/33463294/a27a01f7_original.jpg?aki_policy=large"", ""https://a0.muscache.com/im/pictures/33463304/5afc3333_original.jpg?aki_policy=large"", ""https://a0.muscache.com/im/pictures/33463316/7355d538_original.jpg?aki_policy=large"", ""https://a0.muscache.com/im/pictures/33463326/195f4279_original.jpg?aki_policy=large""]";"{""beds"": 3, ""bedrooms"": 2, ""bathrooms"": 1.0, ""amenity_ids"": [1, 33, 2, 66, 3, 35, 4, 8, 40, 41, 10, 44, 45, 77, 46, 47, 51, 21, 53, 85, 86, 28, 30, 31], ""is_rebookable"": false, ""is_new_listing"": false, ""is_fully_refundable"": true, ""is_host_highly_rated"": true, ""is_business_travel_ready"": false}";"{""weekly_factor"": 1.0, ""monthly_factor"": 1.0}";108;"";"{""is_superhost"": false}"
2576959;Nice & quiet flat at Père Lachaise;entire_home;Paris;11e arrondissement;48.8574845043;2.38839849134;4;"[""https://a0.muscache.com/im/pictures/33958476/a4377a81_original.jpg?aki_policy=large"", ""https://a0.muscache.com/im/pictures/33958116/69df7288_original.jpg?aki_policy=large"", ""https://a0.muscache.com/im/pictures/33958176/c286fbf0_original.jpg?aki_policy=large"", ""https://a0.muscache.com/im/pictures/34276452/74c9616c_original.jpg?aki_policy=large"", ""https://a0.muscache.com/im/pictures/33958241/08217388_original.jpg?aki_policy=large"", ""https://a0.muscache.com/im/pictures/33958543/46269de3_original.jpg?aki_policy=large"", ""https://a0.muscache.com/im/pictures/33958326/a348e490_original.jpg?aki_policy=large"", ""https://a0.muscache.com/im/pictures/34276571/5ca1daae_original.jpg?aki_policy=large"", ""https://a0.muscache.com/im/pictures/34276780/cbdb815f_original.jpg?aki_policy=large"", ""https://a0.muscache.com/im/pictures/34276960/0ad75c48_original.jpg?aki_policy=large"", ""https://a0.muscache.com/im/pictures/34277087/bdc817ac_original.jpg?aki_policy=large""]";"{""beds"": 4, ""bedrooms"": 2, ""bathrooms"": 1.0, ""amenity_ids"": [1, 33, 2, 3, 35, 4, 36, 103, 8, 40, 11, 45, 77, 46, 47, 30, 31], ""is_rebookable"": false, ""is_new_listing"": false, ""is_fully_refundable"": true, ""is_host_highly_rated"": false, ""is_business_travel_ready"": false}";"{""weekly_factor"": 1.0, ""monthly_factor"": 1.0}";3740;"";"{""is_superhost"": false}"
2581464;PARIS village - B&B avec jardin privatif;private_room;Paris;Buttes-Chaumont - Belleville;48.8747199935;2.37972693247;2;"[""https://a0.muscache.com/im/pictures/34205298/4696f675_original.jpg?aki_policy=large"", ""https://a0.muscache.com/im/pictures/34157616/30463f2f_original.jpg?aki_policy=large"", ""https://a0.muscache.com/im/pictures/34035281/5ade84c8_original.jpg?aki_policy=large"", ""https://a0.muscache.com/im/pictures/34148559/aa66574e_original.jpg?aki_policy=large"", ""https://a0.muscache.com/im/pictures/38670005/020aa85e_original.jpg?aki_policy=large""]";"{""beds"": 1, ""bedrooms"": 1, ""bathrooms"": 1.0, ""amenity_ids"": [129, 4, 8, 10, 77, 16, 17, 20, 85, 86, 89, 90, 91, 28, 92, 93, 30, 94, 95, 96, 33, 98, 35, 101, 103, 40, 41, 44, 45, 46, 47], ""is_rebookable"": false, ""is_new_listing"": false, ""is_fully_refundable"": true, ""is_host_highly_rated"": false, ""is_business_travel_ready"": false}";"{""weekly_factor"": 0.82, ""monthly_factor"": 0.61}";7978;"";"{""is_superhost"": false}"
2588319;Bel appartement quartier Marais;entire_home;Paris;3e arrondissement;48.8679915469;2.35979808087;5;"[""https://a0.muscache.com/im/pictures/f01caa74-f5f1-4a25-968a-10986c536246.jpg?aki_policy=large"", ""https://a0.muscache.com/im/pictures/5da2a79f-e273-4b77-a9cc-4ed7187e2f53.jpg?aki_policy=large"", ""https://a0.muscache.com/im/pictures/3c66808b-f239-41da-ba97-1787f71cbbb0.jpg?aki_policy=large"", ""https://a0.muscache.com/im/pictures/a59d30a3-ba47-46cb-b014-cc50998c23b8.jpg?aki_policy=large"", ""https://a0.muscache.com/im/pictures/34820425/19f222ff_original.jpg?aki_policy=large"", ""https://a0.muscache.com/im/pictures/0c771d01-5d16-4d85-bb0f-b2542abbfb40.jpg?aki_policy=large"", ""https://a0.muscache.com/im/pictures/34827255/aa907eec_original.jpg?aki_policy=large"", ""https://a0.muscache.com/im/pictures/ae3862d9-bcd8-4c36-ad42-5a602265de23.jpg?aki_policy=large"", ""https://a0.muscache.com/im/pictures/47c4097b-91ef-4a47-868b-2ee4fe266dc5.jpg?aki_policy=large"", ""https://a0.muscache.com/im/pictures/a5c96585-eb1d-4369-82e4-4f04bebbfae1.jpg?aki_policy=large"", ""https://a0.muscache.com/im/pictures/36591761/3479ac00_original.jpg?aki_policy=large"", ""https://a0.muscache.com/im/pictures/36591815/881e1cba_original.jpg?aki_policy=large""]";"{""beds"": 3, ""bedrooms"": 3, ""bathrooms"": 1.5, ""amenity_ids"": [1, 33, 2, 34, 3, 35, 4, 8, 40, 41, 44, 45, 77, 46, 47, 85, 27, 30, 31], ""is_rebookable"": false, ""is_new_listing"": false, ""is_fully_refundable"": true, ""is_host_highly_rated"": false, ""is_business_travel_ready"": false}";"{""weekly_factor"": 1.0, ""monthly_factor"": 1.0}";1780;"";"{""is_superhost"": false}"
2612592;Elegance and modernity in Paris;entire_home;Paris;Tour Eiffel - Champ de Mars;48.8578150187;2.29806232327;4;"[""https://a0.muscache.com/im/pictures/57768076/651fd5bc_original.jpg?aki_policy=large"", ""https://a0.muscache.com/im/pictures/57770774/16981473_original.jpg?aki_policy=large"", ""https://a0.muscache.com/im/pictures/57769099/a4372aee_original.jpg?aki_policy=large"", ""https://a0.muscache.com/im/pictures/57687259/a4abb041_original.jpg?aki_policy=large"", ""https://a0.muscache.com/im/pictures/57768464/6e1fb1c9_original.jpg?aki_policy=large"", ""https://a0.muscache.com/im/pictures/57681512/1269b1e6_original.jpg?aki_policy=large"", ""https://a0.muscache.com/im/pictures/57681967/5563c918_original.jpg?aki_policy=large"", ""https://a0.muscache.com/im/pictures/57684250/2a4c498f_original.jpg?aki_policy=large"", ""https://a0.muscache.com/im/pictures/57768202/d28af340_original.jpg?aki_policy=large"", ""https://a0.muscache.com/im/pictures/34342192/b99de8bb_original.jpg?aki_policy=large"", ""https://a0.muscache.com/im/pictures/34342269/200578bc_original.jpg?aki_policy=large"", ""https://a0.muscache.com/im/pictures/57777724/926230b8_original.jpg?aki_policy=large"", ""https://a0.muscache.com/im/pictures/57777970/40208303_original.jpg?aki_policy=large"", ""https://a0.muscache.com/im/pictures/57680842/3c0be6c2_original.jpg?aki_policy=large""]";"{""beds"": 2, ""bedrooms"": 2, ""bathrooms"": 2.0, ""amenity_ids"": [1, 33, 2, 34, 3, 4, 21, 8, 27, 28, 30], ""is_rebookable"": false, ""is_new_listing"": false, ""is_fully_refundable"": true, ""is_host_highly_rated"": true, ""is_business_travel_ready"": false}";"{""weekly_factor"": 1.0, ""monthly_factor"": 0.75}";4601;"";"{""is_superhost"": false}"
2615923;Luxury Apartment on Monceau Park;entire_home;Paris;Monceau;48.876382224;2.31027152224;6;"[""https://a0.muscache.com/im/pictures/34776090/8bf5dbb5_original.jpg?aki_policy=large"", ""https://a0.muscache.com/im/pictures/34775466/6816c47f_original.jpg?aki_policy=large"", ""https://a0.muscache.com/im/pictures/34776082/03278322_original.jpg?aki_policy=large"", ""https://a0.muscache.com/im/pictures/34776103/b583dd32_original.jpg?aki_policy=large"", ""https://a0.muscache.com/im/pictures/34776162/6b833f9e_original.jpg?aki_policy=large"", ""https://a0.muscache.com/im/pictures/34776122/04fcbc39_original.jpg?aki_policy=large"", ""https://a0.muscache.com/im/pictures/34776179/c08c10c5_original.jpg?aki_policy=large"", ""https://a0.muscache.com/im/pictures/34776142/a660f0d3_original.jpg?aki_policy=large"", ""https://a0.muscache.com/im/pictures/34776191/b826e796_original.jpg?aki_policy=large"", ""https://a0.muscache.com/im/pictures/34776289/fdc6646e_original.jpg?aki_policy=large"", ""https://a0.muscache.com/im/pictures/34776319/a6cfad87_original.jpg?aki_policy=large"", ""https://a0.muscache.com/im/pictures/34776154/b2830374_original.jpg?aki_policy=large"", ""https://a0.muscache.com/im/pictures/34776271/9e54352a_original.jpg?aki_policy=large"", ""https://a0.muscache.com/im/pictures/34776277/30509967_original.jpg?aki_policy=large"", ""https://a0.muscache.com/im/pictures/34776293/e004b475_original.jpg?aki_policy=large"", ""https://a0.muscache.com/im/pictures/34776299/3c38d6f8_original.jpg?aki_policy=large"", ""https://a0.muscache.com/im/pictures/34776303/a9c3b5d6_original.jpg?aki_policy=large"", ""https://a0.muscache.com/im/pictures/34776305/3c0c615b_original.jpg?aki_policy=large"", ""https://a0.muscache.com/im/pictures/34776323/1fc5efa8_original.jpg?aki_policy=large"", ""https://a0.muscache.com/im/pictures/34776328/b32d130e_original.jpg?aki_policy=large"", ""https://a0.muscache.com/im/pictures/34776338/b195670c_original.jpg?aki_policy=large"", ""https://a0.muscache.com/im/pictures/34776344/2d58cfa0_original.jpg?aki_policy=large"", ""https://a0.muscache.com/im/pictures/34776389/c8daa4f1_original.jpg?aki_policy=large"", ""https://a0.muscache.com/im/pictures/34776356/fb48dabc_original.jpg?aki_policy=large"", ""https://a0.muscache.com/im/pictures/34776368/98caf7e4_original.jpg?aki_policy=large"", ""https://a0.muscache.com/im/pictures/34776376/01bfa888_original.jpg?aki_policy=large"", ""https://a0.muscache.com/im/pictures/34776380/cee3dc4c_original.jpg?aki_policy=large"", ""https://a0.muscache.com/im/pictures/34776392/9c1aa956_original.jpg?aki_policy=large"", ""https://a0.muscache.com/im/pictures/34776384/36c2d955_original.jpg?aki_policy=large"", ""https://a0.muscache.com/im/pictures/adb5558b-0dc2-42e2-a83c-6222ebfb2c35.jpg?aki_policy=large""]";"{""beds"": 6, ""bedrooms"": 2, ""bathrooms"": 1.0, ""amenity_ids"": [64, 1, 2, 66, 3, 4, 71, 8, 72, 10, 77, 21, 28, 30, 31, 33, 34, 35, 36, 40, 41, 43, 44, 45, 46, 47, 51, 54], ""is_rebookable"": false, ""is_new_listing"": false, ""is_fully_refundable"": true, ""is_host_highly_rated"": true, ""is_business_travel_ready"": false}";"{""weekly_factor"": 1.0, ""monthly_factor"": 1.0}";6803;"";"{""is_superhost"": true}"
2719440;Paris, here I am!;entire_home;Paris;Invalides - Ecole Militaire;48.848023423;2.3183817981;2;"[""https://a0.muscache.com/im/pictures/295786e7-116c-4c62-b450-b91bffea8eb0.jpg?aki_policy=large"", ""https://a0.muscache.com/im/pictures/35491005/12a4330a_original.jpg?aki_policy=large"", ""https://a0.muscache.com/im/pictures/33110468-228d-48fb-8d11-3dc35f5e2f0e.jpg?aki_policy=large"", ""https://a0.muscache.com/im/pictures/d9153ab2-b451-49c9-bcf3-43200199414b.jpg?aki_policy=large"", ""https://a0.muscache.com/im/pictures/62c26ca4-23a5-4668-a7fd-38e27d3c58aa.jpg?aki_policy=large"", ""https://a0.muscache.com/im/pictures/927e36fc-2697-4584-93d5-38fc73b79281.jpg?aki_policy=large"", ""https://a0.muscache.com/im/pictures/32011835-f483-4120-aa0a-4d29453df1c8.jpg?aki_policy=large""]";"{""beds"": 1, ""bedrooms"": 1, ""bathrooms"": 1.0, ""amenity_ids"": [33, 34, 4, 8, 40, 41, 44, 45, 77, 85, 86, 87, 89, 90, 91, 93, 30, 94, 95], ""is_rebookable"": false, ""is_new_listing"": false, ""is_fully_refundable"": true, ""is_host_highly_rated"": false, ""is_business_travel_ready"": false}";"{""weekly_factor"": 0.93, ""monthly_factor"": 0.8}";4396;"";"{""is_superhost"": false}"
2728429;Flat -  Baby equipped - Etoile;entire_home;Paris;Ternes;48.8775511808;2.29144507254;2;"[""https://a0.muscache.com/im/pictures/bc961d11-5aa5-452a-b266-472d3dd2aa70.jpg?aki_policy=large"", ""https://a0.muscache.com/im/pictures/4ff4fad0-7ffd-4cf6-8bbe-7fd7020d9595.jpg?aki_policy=large"", ""https://a0.muscache.com/im/pictures/35586708/46edfa33_original.jpg?aki_policy=large"", ""https://a0.muscache.com/im/pictures/35586727/cc3176c1_original.jpg?aki_policy=large"", ""https://a0.muscache.com/im/pictures/35586775/412d6572_original.jpg?aki_policy=large"", ""https://a0.muscache.com/im/pictures/35586661/bfd02949_original.jpg?aki_policy=large"", ""https://a0.muscache.com/im/pictures/35587365/38ae1d9a_original.jpg?aki_policy=large"", ""https://a0.muscache.com/im/pictures/a5989e89-0faa-43cd-906a-5f146bd0cdfa.jpg?aki_policy=large""]";"{""beds"": 2, ""bedrooms"": 2, ""bathrooms"": 1.0, ""amenity_ids"": [1, 33, 2, 3, 35, 4, 36, 8, 40, 41, 44, 45, 46, 47, 21, 28, 30, 31], ""is_rebookable"": false, ""is_new_listing"": false, ""is_fully_refundable"": true, ""is_host_highly_rated"": false, ""is_business_travel_ready"": false}";"{""weekly_factor"": 0.93, ""monthly_factor"": 0.72}";602;"";"{""is_superhost"": false}"
2750782;Appart avec veranda sur jardin;entire_home;Paris;Passy;48.8573117004;2.28088695981;6;"[""https://a0.muscache.com/im/pictures/60326423/0dcb6ba0_original.jpg?aki_policy=large"", ""https://a0.muscache.com/im/pictures/60872791/26ce228c_original.jpg?aki_policy=large"", ""https://a0.muscache.com/im/pictures/60326584/a334f4f9_original.jpg?aki_policy=large"", ""https://a0.muscache.com/im/pictures/60326473/fb1a1ad0_original.jpg?aki_policy=large"", ""https://a0.muscache.com/im/pictures/60326445/2cfea10a_original.jpg?aki_policy=large"", ""https://a0.muscache.com/im/pictures/60326554/2bbe80f5_original.jpg?aki_policy=large"", ""https://a0.muscache.com/im/pictures/60326436/c1849465_original.jpg?aki_policy=large"", ""https://a0.muscache.com/im/pictures/60326396/4b41a01b_original.jpg?aki_policy=large"", ""https://a0.muscache.com/im/pictures/60326503/c243681c_original.jpg?aki_policy=large"", ""https://a0.muscache.com/im/pictures/60326562/0b72ffd3_original.jpg?aki_policy=large"", ""https://a0.muscache.com/im/pictures/60326572/76120312_original.jpg?aki_policy=large"", ""https://a0.muscache.com/im/pictures/60326673/c278f077_original.jpg?aki_policy=large"", ""https://a0.muscache.com/im/pictures/60326692/68874ca4_original.jpg?aki_policy=large"", ""https://a0.muscache.com/im/pictures/60326768/f8a84166_original.jpg?aki_policy=large"", ""https://a0.muscache.com/im/pictures/60326785/d118c427_original.jpg?aki_policy=large"", ""https://a0.muscache.com/im/pictures/60326820/ad4692a4_original.jpg?aki_policy=large"", ""https://a0.muscache.com/im/pictures/60688189/3caaebd2_original.jpg?aki_policy=large"", ""https://a0.muscache.com/im/pictures/60872749/d98699d9_original.jpg?aki_policy=large"", ""https://a0.muscache.com/im/pictures/60872772/d562c677_original.jpg?aki_policy=large"", ""https://a0.muscache.com/im/pictures/60872801/4ea52035_original.jpg?aki_policy=large"", ""https://a0.muscache.com/im/pictures/60872818/fcf159da_original.jpg?aki_policy=large"", ""https://a0.muscache.com/im/pictures/60872842/99756ca1_original.jpg?aki_policy=large"", ""https://a0.muscache.com/im/pictures/60872857/fd602c81_original.jpg?aki_policy=large"", ""https://a0.muscache.com/im/pictures/57114116/b0000f40_original.jpg?aki_policy=large"", ""https://a0.muscache.com/im/pictures/57114288/c8019afa_original.jpg?aki_policy=large"", ""https://a0.muscache.com/im/pictures/57114339/3d3520e3_original.jpg?aki_policy=large"", ""https://a0.muscache.com/im/pictures/57113942/7b2fe96e_original.jpg?aki_policy=large"", ""https://a0.muscache.com/im/pictures/57114553/dd6c3211_original.jpg?aki_policy=large"", ""https://a0.muscache.com/im/pictures/57113977/5ebdfc51_original.jpg?aki_policy=large"", ""https://a0.muscache.com/im/pictures/57113892/7340aa36_original.jpg?aki_policy=large""]";"{""beds"": 2, ""bedrooms"": 2, ""bathrooms"": 1.0, ""amenity_ids"": [1, 129, 2, 3, 4, 6, 8, 10, 11, 12, 77, 85, 86, 28, 30, 31, 33, 34, 35, 37, 38, 39, 40, 41, 44, 45, 46, 47], ""is_rebookable"": false, ""is_new_listing"": false, ""is_fully_refundable"": true, ""is_host_highly_rated"": false, ""is_business_travel_ready"": false}";"{""weekly_factor"": 0.7, ""monthly_factor"": 0.6}";1604;"";"{""is_superhost"": false}"
2751876;Chambre privée Paris 11ème;private_room;Paris;11e arrondissement;48.8579189726;2.38158742054;2;"[""https://a0.muscache.com/im/pictures/35832716/6c8aaa14_original.jpg?aki_policy=large"", ""https://a0.muscache.com/im/pictures/eb085fbb-a053-4ede-b6d9-7b4569035a76.jpg?aki_policy=large"", ""https://a0.muscache.com/im/pictures/467046a4-96b9-4538-85a7-efac281a3acf.jpg?aki_policy=large"", ""https://a0.muscache.com/im/pictures/310a688d-0ad5-4da9-bd33-d77e9683b760.jpg?aki_policy=large"", ""https://a0.muscache.com/im/pictures/35832762/000f358e_original.jpg?aki_policy=large"", ""https://a0.muscache.com/im/pictures/bdc029e1-42a3-4087-8392-873560deb2c0.jpg?aki_policy=large"", ""https://a0.muscache.com/im/pictures/35832811/020366db_original.jpg?aki_policy=large"", ""https://a0.muscache.com/im/pictures/35833258/727c6b99_original.jpg?aki_policy=large""]";"{""beds"": 2, ""bedrooms"": 1, ""bathrooms"": 1.0, ""amenity_ids"": [1, 33, 2, 3, 35, 4, 8, 40, 41, 11, 44, 45, 46, 47, 49, 50, 28, 30], ""is_rebookable"": false, ""is_new_listing"": false, ""is_fully_refundable"": true, ""is_host_highly_rated"": true, ""is_business_travel_ready"": false}";"{""weekly_factor"": 1.0, ""monthly_factor"": 1.0}";4630;"";"{""is_superhost"": false}"
2804962;Cosy flat / calm / Aligre&Bastille;entire_home;Paris;Bastille;48.8468997944;2.37794262512;2;"[""https://a0.muscache.com/im/pictures/84648293/4f106dc3_original.jpg?aki_policy=large"", ""https://a0.muscache.com/im/pictures/84556393/ca4927d4_original.jpg?aki_policy=large"", ""https://a0.muscache.com/im/pictures/84553769/61028c9d_original.jpg?aki_policy=large"", ""https://a0.muscache.com/im/pictures/84553577/a1ef9d2a_original.jpg?aki_policy=large"", ""https://a0.muscache.com/im/pictures/84552731/19f17669_original.jpg?aki_policy=large"", ""https://a0.muscache.com/im/pictures/84552898/a0c507c9_original.jpg?aki_policy=large"", ""https://a0.muscache.com/im/pictures/84553022/52d0ea72_original.jpg?aki_policy=large"", ""https://a0.muscache.com/im/pictures/84553145/a36db186_original.jpg?aki_policy=large"", ""https://a0.muscache.com/im/pictures/84544693/bd9ac4d5_original.jpg?aki_policy=large"", ""https://a0.muscache.com/im/pictures/84553331/5ea04410_original.jpg?aki_policy=large"", ""https://a0.muscache.com/im/pictures/84553441/d7985b00_original.jpg?aki_policy=large"", ""https://a0.muscache.com/im/pictures/61696771/dc174e25_original.jpg?aki_policy=large"", ""https://a0.muscache.com/im/pictures/61696746/e3f4c2ee_original.jpg?aki_policy=large"", ""https://a0.muscache.com/im/pictures/61696722/67761d31_original.jpg?aki_policy=large"", ""https://a0.muscache.com/im/pictures/84553922/976b7348_original.jpg?aki_policy=large"", ""https://a0.muscache.com/im/pictures/56488297/c217b0b5_original.jpg?aki_policy=large"", ""https://a0.muscache.com/im/pictures/56489374/d14ecbda_original.jpg?aki_policy=large"", ""https://a0.muscache.com/im/pictures/36418943/fef002bf_original.jpg?aki_policy=large"", ""https://a0.muscache.com/im/pictures/56489349/86ac1e76_original.jpg?aki_policy=large"", ""https://a0.muscache.com/im/pictures/56489363/a4b1a5f3_original.jpg?aki_policy=large""]";"{""beds"": 1, ""bedrooms"": 1, ""bathrooms"": 1.0, ""amenity_ids"": [33, 129, 34, 3, 35, 4, 6, 8, 40, 41, 45, 46, 47, 49, 27, 30, 31], ""is_rebookable"": false, ""is_new_listing"": false, ""is_fully_refundable"": true, ""is_host_highly_rated"": true, ""is_business_travel_ready"": false}";"{""weekly_factor"": 0.97, ""monthly_factor"": 0.96}";4591;"";"{""is_superhost"": false}"
2823976;Lovely room, authentic neighborhood;private_room;Paris;Père Lachaise - Ménilmontant;48.8610913797;2.40106835008;2;"[""https://a0.muscache.com/im/pictures/36640435/fd3d7876_original.jpg?aki_policy=large"", ""https://a0.muscache.com/im/pictures/36640448/a24579dc_original.jpg?aki_policy=large"", ""https://a0.muscache.com/im/pictures/36640463/71b831a2_original.jpg?aki_policy=large"", ""https://a0.muscache.com/im/pictures/36640414/f992047c_original.jpg?aki_policy=large"", ""https://a0.muscache.com/im/pictures/36640426/474c4614_original.jpg?aki_policy=large"", ""https://a0.muscache.com/im/pictures/36640485/6d22c51a_original.jpg?aki_policy=large"", ""https://a0.muscache.com/im/pictures/36640502/9b9b0f4a_original.jpg?aki_policy=large"", ""https://a0.muscache.com/im/pictures/36640492/ab862454_original.jpg?aki_policy=large"", ""https://a0.muscache.com/im/pictures/36640513/5ea37e3d_original.jpg?aki_policy=large"", ""https://a0.muscache.com/im/pictures/36640520/98adbb0b_original.jpg?aki_policy=large"", ""https://a0.muscache.com/im/pictures/36640577/42e9ed8b_original.jpg?aki_policy=large"", ""https://a0.muscache.com/im/pictures/36640554/b6c6dd89_original.jpg?aki_policy=large"", ""https://a0.muscache.com/im/pictures/36640562/1a8bee9c_original.jpg?aki_policy=large"", ""https://a0.muscache.com/im/pictures/36640588/757244a2_original.jpg?aki_policy=large"", ""https://a0.muscache.com/im/pictures/36640570/0c2f7bc2_original.jpg?aki_policy=large"", ""https://a0.muscache.com/im/pictures/36640526/0531e845_original.jpg?aki_policy=large"", ""https://a0.muscache.com/im/pictures/36640469/3e9827a3_original.jpg?aki_policy=large"", ""https://a0.muscache.com/im/pictures/36640477/4dbfcfa8_original.jpg?aki_policy=large"", ""https://a0.muscache.com/im/pictures/36640537/7b27f8f1_original.jpg?aki_policy=large"", ""https://a0.muscache.com/im/pictures/36640271/2d895ebd_original.jpg?aki_policy=large"", ""https://a0.muscache.com/im/pictures/36640329/ea128d13_original.jpg?aki_policy=large"", ""https://a0.muscache.com/im/pictures/36640277/44fec286_original.jpg?aki_policy=large"", ""https://a0.muscache.com/im/pictures/36640310/8e3ce779_original.jpg?aki_policy=large"", ""https://a0.muscache.com/im/pictures/36640366/b2e1cdd5_original.jpg?aki_policy=large"", ""https://a0.muscache.com/im/pictures/36642117/ce3d3c35_original.jpg?aki_policy=large"", ""https://a0.muscache.com/im/pictures/36640381/a18d40f1_original.jpg?aki_policy=large"", ""https://a0.muscache.com/im/pictures/36640396/c98ad330_original.jpg?aki_policy=large"", ""https://a0.muscache.com/im/pictures/36642147/f52a4998_original.jpg?aki_policy=large"", ""https://a0.muscache.com/im/pictures/36642191/0fa6af82_original.jpg?aki_policy=large""]";"{""beds"": 2, ""bedrooms"": 1, ""bathrooms"": 1.0, ""amenity_ids"": [1, 33, 2, 34, 3, 35, 4, 36, 37, 38, 8, 40, 41, 44, 45, 46, 47, 49, 50, 30], ""is_rebookable"": false, ""is_new_listing"": false, ""is_fully_refundable"": true, ""is_host_highly_rated"": true, ""is_business_travel_ready"": false}";"{""weekly_factor"": 0.88, ""monthly_factor"": 1.0}";7031;"";"{""is_superhost"": false}"
2840718;Movie star large flat;entire_home;Paris;Gare du Nord - Gare de I'Est;48.8760184785;2.35140314157;8;"[""https://a0.muscache.com/im/pictures/36833110/0c026dd9_original.jpg?aki_policy=large"", ""https://a0.muscache.com/im/pictures/7800eae1-a71c-4b2b-a35a-1daf6026b39d.jpg?aki_policy=large"", ""https://a0.muscache.com/im/pictures/36832652/a1438388_original.jpg?aki_policy=large"", ""https://a0.muscache.com/im/pictures/aa56df65-d467-4115-a6bc-11566c16c9e7.jpg?aki_policy=large"", ""https://a0.muscache.com/im/pictures/d62e8620-3df7-4482-bb75-eca43ae025f0.jpg?aki_policy=large"", ""https://a0.muscache.com/im/pictures/8b87443a-ad69-44f0-bea8-e538d41c4f5b.jpg?aki_policy=large"", ""https://a0.muscache.com/im/pictures/5fbe3dbf-1e5b-4fe2-8fe7-f9c9662cd1a4.jpg?aki_policy=large"", ""https://a0.muscache.com/im/pictures/e6f6a6ea-6ec8-47c9-b10e-8482f99c9763.jpg?aki_policy=large"", ""https://a0.muscache.com/im/pictures/5b8cde68-8c0a-4622-b25b-d60674d3e3d7.jpg?aki_policy=large"", ""https://a0.muscache.com/im/pictures/36834715/b502e9d2_original.jpg?aki_policy=large"", ""https://a0.muscache.com/im/pictures/36835285/afe025e8_original.jpg?aki_policy=large"", ""https://a0.muscache.com/im/pictures/bec6b098-067a-43c8-b621-995d4e1117d8.jpg?aki_policy=large"", ""https://a0.muscache.com/im/pictures/d9cf9cde-ca91-473b-a769-7d44284bc9ca.jpg?aki_policy=large"", ""https://a0.muscache.com/im/pictures/40319cca-a6fd-444b-86f9-be20b2c624b8.jpg?aki_policy=large"", ""https://a0.muscache.com/im/pictures/e9272544-fea7-40a8-846a-ae93162f23a5.jpg?aki_policy=large"", ""https://a0.muscache.com/im/pictures/1ef2fecb-2da0-46de-85a3-c441e7800549.jpg?aki_policy=large"", ""https://a0.muscache.com/im/pictures/0a28096b-7c01-41f2-a0bf-e0a8cfd7f5c6.jpg?aki_policy=large"", ""https://a0.muscache.com/im/pictures/bc0f3baa-0cf9-466d-8785-f222f6defbeb.jpg?aki_policy=large"", ""https://a0.muscache.com/im/pictures/008dc225-57a5-48c5-84ca-7b51cc5dc472.jpg?aki_policy=large"", ""https://a0.muscache.com/im/pictures/4c66a4af-f037-4206-be14-6875e727d1ad.jpg?aki_policy=large"", ""https://a0.muscache.com/im/pictures/30f20b16-77ac-476c-925f-3dc76982a2bc.jpg?aki_policy=large"", ""https://a0.muscache.com/im/pictures/1acbd21e-4491-4b6c-a904-ab763a6d08d7.jpg?aki_policy=large"", ""https://a0.muscache.com/im/pictures/36838800/8dd53862_original.jpg?aki_policy=large"", ""https://a0.muscache.com/im/pictures/0cf9f62b-b38f-42d2-a507-b70607c824a7.jpg?aki_policy=large"", ""https://a0.muscache.com/im/pictures/c3b52229-ee97-4f88-ada8-a25e5bcaec35.jpg?aki_policy=large"", ""https://a0.muscache.com/im/pictures/8e6c9d1c-91e9-44d0-9eb8-f2ef0772be5c.jpg?aki_policy=large"", ""https://a0.muscache.com/im/pictures/36838434/d9cfded0_original.jpg?aki_policy=large"", ""https://a0.muscache.com/im/pictures/36838602/8eb8aa6b_original.jpg?aki_policy=large"", ""https://a0.muscache.com/im/pictures/36837691/c3e84ccb_original.jpg?aki_policy=large"", ""https://a0.muscache.com/im/pictures/9f462343-5500-4bac-b1fc-0971fd7de66c.jpg?aki_policy=large""]";"{""beds"": 5, ""bedrooms"": 4, ""bathrooms"": 3.0, ""amenity_ids"": [1, 129, 4, 8, 10, 77, 21, 85, 86, 25, 27, 91, 92, 93, 30, 94, 95, 96, 35, 100, 103, 40, 41, 44, 45, 46, 47, 49, 50], ""is_rebookable"": false, ""is_new_listing"": false, ""is_fully_refundable"": true, ""is_host_highly_rated"": true, ""is_business_travel_ready"": false}";"{""weekly_factor"": 0.9, ""monthly_factor"": 0.7}";545;"";"{""is_superhost"": false}"
2851021;BEAUTIFUL PARIS just next Gare Lyon;entire_home;Paris;Bastille;48.8484008989;2.37195506331;4;"[""https://a0.muscache.com/im/pictures/a849f6cb-406a-495c-a5d0-5ad6a1ecac8e.jpg?aki_policy=large"", ""https://a0.muscache.com/im/pictures/37001521/1d313253_original.jpg?aki_policy=large"", ""https://a0.muscache.com/im/pictures/380b738f-620b-490a-bfc6-a15921f277e4.jpg?aki_policy=large"", ""https://a0.muscache.com/im/pictures/edee0709-5820-4000-8831-1d76a0c5c1aa.jpg?aki_policy=large"", ""https://a0.muscache.com/im/pictures/06dc832c-8625-474a-99a6-e2a7cb4e2095.jpg?aki_policy=large"", ""https://a0.muscache.com/im/pictures/70a04985-a695-4af3-9040-9cbc5c287208.jpg?aki_policy=large"", ""https://a0.muscache.com/im/pictures/bd57f4f6-f83e-44dc-8af0-c4da07e64f80.jpg?aki_policy=large"", ""https://a0.muscache.com/im/pictures/f905bfb9-ffff-4651-ba13-02be126863b1.jpg?aki_policy=large"", ""https://a0.muscache.com/im/pictures/9180bcb9-c67a-4480-ad1d-081ed8890a0b.jpg?aki_policy=large"", ""https://a0.muscache.com/im/pictures/a2d60440-72dc-4927-acb2-97c18551331b.jpg?aki_policy=large""]";"{""beds"": 2, ""bedrooms"": 1, ""bathrooms"": 1.0, ""amenity_ids"": [1, 33, 129, 35, 4, 36, 8, 40, 41, 10, 44, 45, 77, 46, 47, 89, 90, 91, 94, 31], ""is_rebookable"": false, ""is_new_listing"": false, ""is_fully_refundable"": true, ""is_host_highly_rated"": true, ""is_business_travel_ready"": false}";"{""weekly_factor"": 0.82, ""monthly_factor"": 0.66}";7102;"";"{""is_superhost"": true}"
2874271;(110m²) Luxury Classic Apartment;entire_home;Paris;Tour Eiffel - Champ de Mars;48.8590780155;2.29809013002;6;"[""https://a0.muscache.com/im/pictures/39137820/31f47047_original.jpg?aki_policy=large"", ""https://a0.muscache.com/im/pictures/37672478/a6ca3635_original.jpg?aki_policy=large"", ""https://a0.muscache.com/im/pictures/37672629/6801f62e_original.jpg?aki_policy=large"", ""https://a0.muscache.com/im/pictures/37672530/9ce37386_original.jpg?aki_policy=large"", ""https://a0.muscache.com/im/pictures/37672561/77b0f64b_original.jpg?aki_policy=large"", ""https://a0.muscache.com/im/pictures/37672590/c022dce4_original.jpg?aki_policy=large"", ""https://a0.muscache.com/im/pictures/37672797/ffb5af37_original.jpg?aki_policy=large"", ""https://a0.muscache.com/im/pictures/37672817/dd6073ad_original.jpg?aki_policy=large"", ""https://a0.muscache.com/im/pictures/37672780/76cc87d7_original.jpg?aki_policy=large"", ""https://a0.muscache.com/im/pictures/37806433/b2534d90_original.jpg?aki_policy=large"", ""https://a0.muscache.com/im/pictures/37672843/799e1796_original.jpg?aki_policy=large"", ""https://a0.muscache.com/im/pictures/37672876/1576ce10_original.jpg?aki_policy=large"", ""https://a0.muscache.com/im/pictures/37672897/b59dc6c2_original.jpg?aki_policy=large"", ""https://a0.muscache.com/im/pictures/37672935/ea07336c_original.jpg?aki_policy=large"", ""https://a0.muscache.com/im/pictures/37672953/6a1875d7_original.jpg?aki_policy=large"", ""https://a0.muscache.com/im/pictures/37672982/10ec8fe8_original.jpg?aki_policy=large"", ""https://a0.muscache.com/im/pictures/37672741/1b9f0877_original.jpg?aki_policy=large"", ""https://a0.muscache.com/im/pictures/37672369/fbae4059_original.jpg?aki_policy=large"", ""https://a0.muscache.com/im/pictures/39137800/ad316307_original.jpg?aki_policy=large"", ""https://a0.muscache.com/im/pictures/39137844/158099e1_original.jpg?aki_policy=large"", ""https://a0.muscache.com/im/pictures/39137864/aaef5cc1_original.jpg?aki_policy=large"", ""https://a0.muscache.com/im/pictures/39137879/1b1b6daf_original.jpg?aki_policy=large"", ""https://a0.muscache.com/im/pictures/39137897/c801aa01_original.jpg?aki_policy=large"", ""https://a0.muscache.com/im/pictures/39137909/77be271b_original.jpg?aki_policy=large"", ""https://a0.muscache.com/im/pictures/39137922/8777e9ca_original.jpg?aki_policy=large"", ""https://a0.muscache.com/im/pictures/39137941/74304bda_original.jpg?aki_policy=large"", ""https://a0.muscache.com/im/pictures/39137967/9bc0b53a_original.jpg?aki_policy=large"", ""https://a0.muscache.com/im/pictures/39137989/e0b1b972_original.jpg?aki_policy=large"", ""https://a0.muscache.com/im/pictures/39138009/6076ba06_original.jpg?aki_policy=large"", ""https://a0.muscache.com/im/pictures/39138023/61a2630b_original.jpg?aki_policy=large""]";"{""beds"": 5, ""bedrooms"": 3, ""bathrooms"": 2.0, ""amenity_ids"": [1, 2, 3, 4, 5, 6, 8, 14, 21, 27, 28, 30, 31, 33, 34, 35, 36, 37, 38, 39, 40, 41, 43, 44, 45, 46, 47], ""is_rebookable"": false, ""is_new_listing"": false, ""is_fully_refundable"": true, ""is_host_highly_rated"": true, ""is_business_travel_ready"": false}";"{""weekly_factor"": 0.89, ""monthly_factor"": 0.88}";4550;"";"{""is_superhost"": false}"
2891649;Beau 2 pièces - Prix spécialEté !;entire_home;Paris;11e arrondissement;48.85816358;2.38971062798;2;"[""https://a0.muscache.com/im/pictures/38325543/e29471d6_original.jpg?aki_policy=large"", ""https://a0.muscache.com/im/pictures/38328668/746455b5_original.jpg?aki_policy=large"", ""https://a0.muscache.com/im/pictures/38328632/9ff3f038_original.jpg?aki_policy=large"", ""https://a0.muscache.com/im/pictures/38325289/45cdb489_original.jpg?aki_policy=large"", ""https://a0.muscache.com/im/pictures/38325616/4db5ba7a_original.jpg?aki_policy=large"", ""https://a0.muscache.com/im/pictures/38325672/a9d33d13_original.jpg?aki_policy=large"", ""https://a0.muscache.com/im/pictures/38325767/6306f0c0_original.jpg?aki_policy=large"", ""https://a0.muscache.com/im/pictures/38325885/40b23a0c_original.jpg?aki_policy=large"", ""https://a0.muscache.com/im/pictures/38326073/00f9df23_original.jpg?aki_policy=large"", ""https://a0.muscache.com/im/pictures/39328523/8006d371_original.jpg?aki_policy=large"", ""https://a0.muscache.com/im/pictures/38325100/8d05ecce_original.jpg?aki_policy=large"", ""https://a0.muscache.com/im/pictures/38326290/b5430c4b_original.jpg?aki_policy=large"", ""https://a0.muscache.com/im/pictures/38326445/bf5f5f79_original.jpg?aki_policy=large"", ""https://a0.muscache.com/im/pictures/38328282/272252a2_original.jpg?aki_policy=large"", ""https://a0.muscache.com/im/pictures/38328365/cbd79077_original.jpg?aki_policy=large""]";"{""beds"": 1, ""bedrooms"": 1, ""bathrooms"": 1.0, ""amenity_ids"": [1, 33, 2, 3, 4, 8, 40, 30, 31], ""is_rebookable"": false, ""is_new_listing"": false, ""is_fully_refundable"": true, ""is_host_highly_rated"": true, ""is_business_travel_ready"": false}";"{""weekly_factor"": 1.0, ""monthly_factor"": 0.94}";2720;"";"{""is_superhost"": false}"
2961404;EXCEPTIONAL LOCATION: EIFFEL TOWER!;entire_home;Paris;Tour Eiffel - Champ de Mars;48.8666889207;2.29102318351;4;"[""https://a0.muscache.com/im/pictures/59434423/f47feb0a_original.jpg?aki_policy=large"", ""https://a0.muscache.com/im/pictures/07f819b5-1c75-4419-a97e-8064e221dadb.jpg?aki_policy=large"", ""https://a0.muscache.com/im/pictures/bf4f124e-243b-4a9d-83e6-bf608e52ea4a.jpg?aki_policy=large"", ""https://a0.muscache.com/im/pictures/7ed7e29d-9c99-4115-9f2b-cdb924ca8615.jpg?aki_policy=large"", ""https://a0.muscache.com/im/pictures/c8deaac8-6188-482b-a1c7-3ff63aad6f44.jpg?aki_policy=large"", ""https://a0.muscache.com/im/pictures/77213052/be6e8ccc_original.jpg?aki_policy=large"", ""https://a0.muscache.com/im/pictures/38100e16-a6c4-4525-950f-23ce83da9ab7.jpg?aki_policy=large"", ""https://a0.muscache.com/im/pictures/3eeee7d2-6b2d-4224-aab5-20e58efdf116.jpg?aki_policy=large"", ""https://a0.muscache.com/im/pictures/3bfdac1e-f2b7-427d-800a-fef48766f226.jpg?aki_policy=large"", ""https://a0.muscache.com/im/pictures/557e38cd-31f0-445a-98e5-7245c17cc58d.jpg?aki_policy=large"", ""https://a0.muscache.com/im/pictures/389cb826-bbc5-4b28-9ab0-2fa8f4739ce8.jpg?aki_policy=large"", ""https://a0.muscache.com/im/pictures/d03e2e8e-1f1a-4b1c-93e1-98a47c9b1534.jpg?aki_policy=large"", ""https://a0.muscache.com/im/pictures/55555197-2dff-4e99-b84a-b78668c4a126.jpg?aki_policy=large"", ""https://a0.muscache.com/im/pictures/8971ab9d-9f65-4621-b9d5-177c0ebe2a05.jpg?aki_policy=large"", ""https://a0.muscache.com/im/pictures/d5647988-5c93-4303-a9f7-cfdbe90bfdbd.jpg?aki_policy=large"", ""https://a0.muscache.com/im/pictures/4e4ee4ea-519c-4884-912c-7e569192e146.jpg?aki_policy=large"", ""https://a0.muscache.com/im/pictures/15687a71-3007-4467-8da8-f1cfc4da784b.jpg?aki_policy=large"", ""https://a0.muscache.com/im/pictures/51756684-b654-47b0-a5d3-1ee7cf416617.jpg?aki_policy=large"", ""https://a0.muscache.com/im/pictures/77213656/aafa268b_original.jpg?aki_policy=large"", ""https://a0.muscache.com/im/pictures/59434510/885d4613_original.jpg?aki_policy=large"", ""https://a0.muscache.com/im/pictures/59434684/6a6cddea_original.jpg?aki_policy=large"", ""https://a0.muscache.com/im/pictures/59436598/80257e35_original.jpg?aki_policy=large""]";"{""beds"": 2, ""bedrooms"": 1, ""bathrooms"": 1.0, ""amenity_ids"": [1, 129, 3, 4, 8, 10, 77, 21, 89, 90, 91, 28, 93, 30, 94, 31, 96, 33, 35, 103, 40, 104, 41, 43, 44, 45, 46, 47], ""is_rebookable"": false, ""is_new_listing"": false, ""is_fully_refundable"": true, ""is_host_highly_rated"": false, ""is_business_travel_ready"": false}";"{""weekly_factor"": 0.95, ""monthly_factor"": 0.9}";5102;"";"{""is_superhost"": true}"
2961618;Appartement Hotel de Ville.;entire_home;Paris;"";48.8549381245;2.35720873743;4;"[""https://a0.muscache.com/im/pictures/38102905/27e9df25_original.jpg?aki_policy=large"", ""https://a0.muscache.com/im/pictures/38101116/a11d971b_original.jpg?aki_policy=large"", ""https://a0.muscache.com/im/pictures/38102944/8f7e8541_original.jpg?aki_policy=large"", ""https://a0.muscache.com/im/pictures/38103016/18ec5305_original.jpg?aki_policy=large"", ""https://a0.muscache.com/im/pictures/38103056/47605d31_original.jpg?aki_policy=large"", ""https://a0.muscache.com/im/pictures/38103100/25f82b88_original.jpg?aki_policy=large"", ""https://a0.muscache.com/im/pictures/38103177/b92c050c_original.jpg?aki_policy=large"", ""https://a0.muscache.com/im/pictures/38103338/35edef1e_original.jpg?aki_policy=large"", ""https://a0.muscache.com/im/pictures/38103357/f6294be8_original.jpg?aki_policy=large"", ""https://a0.muscache.com/im/pictures/38103371/c4f322e0_original.jpg?aki_policy=large"", ""https://a0.muscache.com/im/pictures/38103391/9dcc7211_original.jpg?aki_policy=large"", ""https://a0.muscache.com/im/pictures/38103456/c7d1c0b9_original.jpg?aki_policy=large"", ""https://a0.muscache.com/im/pictures/38103465/5b5d9623_original.jpg?aki_policy=large"", ""https://a0.muscache.com/im/pictures/38103960/839e184d_original.jpg?aki_policy=large""]";"{""beds"": 2, ""bedrooms"": 1, ""bathrooms"": 1.0, ""amenity_ids"": [1, 33, 129, 3, 35, 4, 71, 8, 40, 104, 10, 44, 45, 77, 46, 47, 30], ""is_rebookable"": false, ""is_new_listing"": false, ""is_fully_refundable"": true, ""is_host_highly_rated"": true, ""is_business_travel_ready"": false}";"{""weekly_factor"": 0.85, ""monthly_factor"": 1.0}";5493;"";"{""is_superhost"": false}"
3023839;Appartement Île Saint Louis;entire_home;Paris;Saint-Paul - Ile Saint-Louis;48.8530079501;2.35501567072;4;"[""https://a0.muscache.com/im/pictures/38873276/96d61588_original.jpg?aki_policy=large"", ""https://a0.muscache.com/im/pictures/38873073/dc4f91ff_original.jpg?aki_policy=large"", ""https://a0.muscache.com/im/pictures/38873137/3dca7111_original.jpg?aki_policy=large"", ""https://a0.muscache.com/im/pictures/38873196/65c8e4d9_original.jpg?aki_policy=large"", ""https://a0.muscache.com/im/pictures/38873313/5b7035ea_original.jpg?aki_policy=large"", ""https://a0.muscache.com/im/pictures/38873335/3ccf73c1_original.jpg?aki_policy=large"", ""https://a0.muscache.com/im/pictures/38873376/b6130d92_original.jpg?aki_policy=large"", ""https://a0.muscache.com/im/pictures/38873419/6c3f1318_original.jpg?aki_policy=large"", ""https://a0.muscache.com/im/pictures/38873447/f46cb297_original.jpg?aki_policy=large"", ""https://a0.muscache.com/im/pictures/38873485/e927f39e_original.jpg?aki_policy=large"", ""https://a0.muscache.com/im/pictures/38873516/374fecca_original.jpg?aki_policy=large"", ""https://a0.muscache.com/im/pictures/38873552/d2211ae1_original.jpg?aki_policy=large"", ""https://a0.muscache.com/im/pictures/38873628/8ecb011a_original.jpg?aki_policy=large"", ""https://a0.muscache.com/im/pictures/38873675/1afe199a_original.jpg?aki_policy=large"", ""https://a0.muscache.com/im/pictures/38873727/74f41978_original.jpg?aki_policy=large""]";"{""beds"": 2, ""bedrooms"": 1, ""bathrooms"": 1.0, ""amenity_ids"": [1, 33, 129, 34, 3, 35, 4, 36, 8, 40, 41, 10, 44, 45, 77, 46, 47, 28, 30, 31], ""is_rebookable"": false, ""is_new_listing"": false, ""is_fully_refundable"": true, ""is_host_highly_rated"": true, ""is_business_travel_ready"": false}";"{""weekly_factor"": 1.0, ""monthly_factor"": 1.0}";5493;"";"{""is_superhost"": false}"
3063827;Amazing flat for 9 + garden+parking (charged);entire_home;Paris;Gare du Nord - Gare de I'Est;48.8748851023;2.34941755628;9;"[""https://a0.muscache.com/im/pictures/39197209/81492e20_original.jpg?aki_policy=large"", ""https://a0.muscache.com/im/pictures/39197201/cd98ebdb_original.jpg?aki_policy=large"", ""https://a0.muscache.com/im/pictures/39197214/f3c0c7ac_original.jpg?aki_policy=large"", ""https://a0.muscache.com/im/pictures/39197221/a8032a7f_original.jpg?aki_policy=large"", ""https://a0.muscache.com/im/pictures/39197212/a50b6981_original.jpg?aki_policy=large"", ""https://a0.muscache.com/im/pictures/39197226/58a5bbdc_original.jpg?aki_policy=large"", ""https://a0.muscache.com/im/pictures/39197232/0ca3fd30_original.jpg?aki_policy=large"", ""https://a0.muscache.com/im/pictures/39197327/a6139fd2_original.jpg?aki_policy=large"", ""https://a0.muscache.com/im/pictures/39197269/7152c6e5_original.jpg?aki_policy=large"", ""https://a0.muscache.com/im/pictures/39197289/74485e0a_original.jpg?aki_policy=large"", ""https://a0.muscache.com/im/pictures/39197302/50417514_original.jpg?aki_policy=large"", ""https://a0.muscache.com/im/pictures/39197279/c1369669_original.jpg?aki_policy=large"", ""https://a0.muscache.com/im/pictures/39197314/8b98b6f1_original.jpg?aki_policy=large"", ""https://a0.muscache.com/im/pictures/39197257/dcea4f6c_original.jpg?aki_policy=large"", ""https://a0.muscache.com/im/pictures/39197248/300134bf_original.jpg?aki_policy=large"", ""https://a0.muscache.com/im/pictures/39197242/6cc68468_original.jpg?aki_policy=large"", ""https://a0.muscache.com/im/pictures/39197264/19f29d04_original.jpg?aki_policy=large"", ""https://a0.muscache.com/im/pictures/39197338/4c2f468e_original.jpg?aki_policy=large"", ""https://a0.muscache.com/im/pictures/39197296/8812f3f1_original.jpg?aki_policy=large"", ""https://a0.muscache.com/im/pictures/39197351/ccfad326_original.jpg?aki_policy=large"", ""https://a0.muscache.com/im/pictures/39197137/695b6841_original.jpg?aki_policy=large"", ""https://a0.muscache.com/im/pictures/39197146/9d4c81f6_original.jpg?aki_policy=large"", ""https://a0.muscache.com/im/pictures/39197168/8954524f_original.jpg?aki_policy=large"", ""https://a0.muscache.com/im/pictures/39197155/1952ce99_original.jpg?aki_policy=large"", ""https://a0.muscache.com/im/pictures/39197179/2e2df3a3_original.jpg?aki_policy=large"", ""https://a0.muscache.com/im/pictures/39197186/69c34285_original.jpg?aki_policy=large"", ""https://a0.muscache.com/im/pictures/39197195/55abae83_original.jpg?aki_policy=large""]";"{""beds"": 4, ""bedrooms"": 4, ""bathrooms"": 2.0, ""amenity_ids"": [1, 129, 3, 4, 70, 8, 72, 77, 85, 86, 89, 90, 91, 28, 92, 30, 94, 31, 95, 287, 96, 33, 34, 35, 101, 40, 41, 44, 45, 46, 61], ""is_rebookable"": false, ""is_new_listing"": false, ""is_fully_refundable"": true, ""is_host_highly_rated"": true, ""is_business_travel_ready"": false}";"{""weekly_factor"": 0.9, ""monthly_factor"": 0.9}";6138;"";"{""is_superhost"": false}"
3074332;3 pièces ensoleillé proche du Canal St Martin;entire_home;Paris;Canal Saint-Martin;48.8744166928;2.36671151467;4;"[""https://a0.muscache.com/im/pictures/39341293/b023d6a8_original.jpg?aki_policy=large"", ""https://a0.muscache.com/im/pictures/39318627/423f07e3_original.jpg?aki_policy=large"", ""https://a0.muscache.com/im/pictures/39341191/34200670_original.jpg?aki_policy=large"", ""https://a0.muscache.com/im/pictures/39400297/d1215caa_original.jpg?aki_policy=large"", ""https://a0.muscache.com/im/pictures/39341199/d0e59674_original.jpg?aki_policy=large"", ""https://a0.muscache.com/im/pictures/39401065/97018702_original.jpg?aki_policy=large"", ""https://a0.muscache.com/im/pictures/39340985/4f887bf0_original.jpg?aki_policy=large"", ""https://a0.muscache.com/im/pictures/39341173/f11f739d_original.jpg?aki_policy=large"", ""https://a0.muscache.com/im/pictures/39401012/bffee7bc_original.jpg?aki_policy=large"", ""https://a0.muscache.com/im/pictures/39401038/64b3ddfe_original.jpg?aki_policy=large"", ""https://a0.muscache.com/im/pictures/39341183/f7f6e4f0_original.jpg?aki_policy=large"", ""https://a0.muscache.com/im/pictures/39341114/000da378_original.jpg?aki_policy=large""]";"{""beds"": 3, ""bedrooms"": 2, ""bathrooms"": 1.0, ""amenity_ids"": [33, 50, 3, 4, 21, 8, 40, 28, 30, 31], ""is_rebookable"": false, ""is_new_listing"": false, ""is_fully_refundable"": true, ""is_host_highly_rated"": false, ""is_business_travel_ready"": false}";"{""weekly_factor"": 1.0, ""monthly_factor"": 0.8}";7405;"";"{""is_superhost"": false}"
3118226;Le charme d' Oberkampf !;entire_home;Paris;République;48.8671714338;2.37858693936;2;"[""https://a0.muscache.com/im/pictures/42679764/84586e0c_original.jpg?aki_policy=large"", ""https://a0.muscache.com/im/pictures/42679676/464bd768_original.jpg?aki_policy=large"", ""https://a0.muscache.com/im/pictures/42679898/13a10314_original.jpg?aki_policy=large"", ""https://a0.muscache.com/im/pictures/42679526/fd8f59e5_original.jpg?aki_policy=large"", ""https://a0.muscache.com/im/pictures/42679627/5ee05d16_original.jpg?aki_policy=large"", ""https://a0.muscache.com/im/pictures/42679986/a816e813_original.jpg?aki_policy=large"", ""https://a0.muscache.com/im/pictures/42680028/13bda108_original.jpg?aki_policy=large"", ""https://a0.muscache.com/im/pictures/42680056/15c065b8_original.jpg?aki_policy=large"", ""https://a0.muscache.com/im/pictures/42680183/5152547c_original.jpg?aki_policy=large"", ""https://a0.muscache.com/im/pictures/42683171/81d1a470_original.jpg?aki_policy=large"", ""https://a0.muscache.com/im/pictures/42683233/fcc36b3c_original.jpg?aki_policy=large"", ""https://a0.muscache.com/im/pictures/42683397/c5af091d_original.jpg?aki_policy=large"", ""https://a0.muscache.com/im/pictures/41826670/9d0e3123_original.jpg?aki_policy=large"", ""https://a0.muscache.com/im/pictures/41858839/0b6d98ba_original.jpg?aki_policy=large"", ""https://a0.muscache.com/im/pictures/41858952/dde85dc8_original.jpg?aki_policy=large"", ""https://a0.muscache.com/im/pictures/41859029/06cfc085_original.jpg?aki_policy=large"", ""https://a0.muscache.com/im/pictures/41859246/7a626a1e_original.jpg?aki_policy=large"", ""https://a0.muscache.com/im/pictures/41860136/1b8c2dc4_original.jpg?aki_policy=large"", ""https://a0.muscache.com/im/pictures/41860918/ffe697e4_original.jpg?aki_policy=large""]";"{""beds"": 1, ""bedrooms"": 0, ""bathrooms"": 1.0, ""amenity_ids"": [64, 1, 33, 129, 2, 3, 4, 38, 8, 40, 41, 11, 44, 46, 47, 28, 30, 31], ""is_rebookable"": false, ""is_new_listing"": false, ""is_fully_refundable"": true, ""is_host_highly_rated"": false, ""is_business_travel_ready"": false}";"{""weekly_factor"": 1.0, ""monthly_factor"": 1.0}";311;"";"{""is_superhost"": false}"
3127963;Nice private room in vivid neighborhood;private_room;Paris;Père Lachaise - Ménilmontant;48.8676569262;2.38949020103;2;"[""https://a0.muscache.com/im/pictures/106357473/d7425404_original.jpg?aki_policy=large"", ""https://a0.muscache.com/im/pictures/106356779/80a1c2c7_original.jpg?aki_policy=large"", ""https://a0.muscache.com/im/pictures/106356747/ac03d66d_original.jpg?aki_policy=large"", ""https://a0.muscache.com/im/pictures/106356783/4f11e87d_original.jpg?aki_policy=large"", ""https://a0.muscache.com/im/pictures/106356788/b48acd0a_original.jpg?aki_policy=large"", ""https://a0.muscache.com/im/pictures/106356797/4c4264ef_original.jpg?aki_policy=large"", ""https://a0.muscache.com/im/pictures/106356820/02cf3e86_original.jpg?aki_policy=large"", ""https://a0.muscache.com/im/pictures/106356813/559a57c4_original.jpg?aki_policy=large"", ""https://a0.muscache.com/im/pictures/106356863/fc40b7b6_original.jpg?aki_policy=large"", ""https://a0.muscache.com/im/pictures/629e4e39-75ef-45d0-a735-1a4f7ec382ba.jpg?aki_policy=large"", ""https://a0.muscache.com/im/pictures/47c4a957-24f2-41b7-8aa8-aece8b665bb0.jpg?aki_policy=large"", ""https://a0.muscache.com/im/pictures/b25ce8ff-5768-4723-b85c-946cbf21d4cd.jpg?aki_policy=large"", ""https://a0.muscache.com/im/pictures/2253f3e4-b844-4d9a-91c7-200fcc4d8e78.jpg?aki_policy=large""]";"{""beds"": 1, ""bedrooms"": 1, ""bathrooms"": 1.0, ""amenity_ids"": [33, 34, 4, 36, 103, 8, 40, 104, 41, 44, 45, 77, 46, 16, 50, 85, 86, 87, 90, 91, 30, 94, 31, 95], ""is_rebookable"": false, ""is_new_listing"": false, ""is_fully_refundable"": true, ""is_host_highly_rated"": false, ""is_business_travel_ready"": false}";"{""weekly_factor"": 0.92, ""monthly_factor"": 0.9}";7838;"";"{""is_superhost"": false}"
3128994;Duplex -terrasse, Montorgueil coeur de Paris;entire_home;Paris;Châtelet - Les Halles - Beaubourg;48.8667577076;2.34834717012;4;"[""https://a0.muscache.com/im/pictures/42334929/6538a939_original.jpg?aki_policy=large"", ""https://a0.muscache.com/im/pictures/42484115/f62dbb3b_original.jpg?aki_policy=large"", ""https://a0.muscache.com/im/pictures/42480963/059fc0ff_original.jpg?aki_policy=large"", ""https://a0.muscache.com/im/pictures/42361088/3a04f17e_original.jpg?aki_policy=large"", ""https://a0.muscache.com/im/pictures/42353188/7bce2394_original.jpg?aki_policy=large"", ""https://a0.muscache.com/im/pictures/42282340/32482846_original.jpg?aki_policy=large"", ""https://a0.muscache.com/im/pictures/42254917/292d05ba_original.jpg?aki_policy=large"", ""https://a0.muscache.com/im/pictures/42482372/a1e7e21a_original.jpg?aki_policy=large"", ""https://a0.muscache.com/im/pictures/42284646/2bfccaa1_original.jpg?aki_policy=large"", ""https://a0.muscache.com/im/pictures/42480624/e042d327_original.jpg?aki_policy=large"", ""https://a0.muscache.com/im/pictures/42483044/e2ce2d14_original.jpg?aki_policy=large"", ""https://a0.muscache.com/im/pictures/42534168/344f85e8_original.jpg?aki_policy=large"", ""https://a0.muscache.com/im/pictures/42535990/917adae8_original.jpg?aki_policy=large"", ""https://a0.muscache.com/im/pictures/42246684/797d3bd4_original.jpg?aki_policy=large"", ""https://a0.muscache.com/im/pictures/42252911/43a12dac_original.jpg?aki_policy=large"", ""https://a0.muscache.com/im/pictures/42253067/7f339c79_original.jpg?aki_policy=large"", ""https://a0.muscache.com/im/pictures/42283705/8e7a9cc4_original.jpg?aki_policy=large"", ""https://a0.muscache.com/im/pictures/42254581/9eb594a2_original.jpg?aki_policy=large"", ""https://a0.muscache.com/im/pictures/42284009/b42284a6_original.jpg?aki_policy=large"", ""https://a0.muscache.com/im/pictures/42497522/05eb523b_original.jpg?aki_policy=large"", ""https://a0.muscache.com/im/pictures/42281750/140d9208_original.jpg?aki_policy=large"", ""https://a0.muscache.com/im/pictures/42284987/80403d71_original.jpg?aki_policy=large"", ""https://a0.muscache.com/im/pictures/42483083/5cc649f1_original.jpg?aki_policy=large"", ""https://a0.muscache.com/im/pictures/42534142/1ad1f4eb_original.jpg?aki_policy=large"", ""https://a0.muscache.com/im/pictures/42499975/ae517093_original.jpg?aki_policy=large"", ""https://a0.muscache.com/im/pictures/42498711/f3ddade3_original.jpg?aki_policy=large"", ""https://a0.muscache.com/im/pictures/42536049/b6352bd5_original.jpg?aki_policy=large"", ""https://a0.muscache.com/im/pictures/42498818/1d5ad954_original.jpg?aki_policy=large"", ""https://a0.muscache.com/im/pictures/42498745/7319673a_original.jpg?aki_policy=large"", ""https://a0.muscache.com/im/pictures/42533935/9de3a35c_original.jpg?aki_policy=large""]";"{""beds"": 2, ""bedrooms"": 2, ""bathrooms"": 1.0, ""amenity_ids"": [1, 2, 4, 7, 8, 11, 77, 15, 85, 86, 87, 88, 25, 90, 91, 92, 93, 30, 94, 95, 96, 33, 35, 100, 37, 103, 40, 104, 41, 44, 45, 46, 47, 61], ""is_rebookable"": false, ""is_new_listing"": false, ""is_fully_refundable"": true, ""is_host_highly_rated"": true, ""is_business_travel_ready"": false}";"{""weekly_factor"": 0.95, ""monthly_factor"": 0.7}";5018;"";"{""is_superhost"": false}"
3191423;115m² apartment with panoramic view;entire_home;Paris;Gare du Nord - Gare de I'Est;48.8769182605;2.35205003484;6;"[""https://a0.muscache.com/im/pictures/55699264/d5308387_original.jpg?aki_policy=large"", ""https://a0.muscache.com/im/pictures/55699154/16115bdf_original.jpg?aki_policy=large"", ""https://a0.muscache.com/im/pictures/55699584/12cf2de6_original.jpg?aki_policy=large"", ""https://a0.muscache.com/im/pictures/55699182/7aaacb3d_original.jpg?aki_policy=large"", ""https://a0.muscache.com/im/pictures/55699207/0b87daa9_original.jpg?aki_policy=large"", ""https://a0.muscache.com/im/pictures/55699235/81e0f2d2_original.jpg?aki_policy=large"", ""https://a0.muscache.com/im/pictures/55699294/0c9a15e9_original.jpg?aki_policy=large"", ""https://a0.muscache.com/im/pictures/55699325/5b3d3e09_original.jpg?aki_policy=large"", ""https://a0.muscache.com/im/pictures/55699366/1966420b_original.jpg?aki_policy=large"", ""https://a0.muscache.com/im/pictures/55699452/2e7de264_original.jpg?aki_policy=large"", ""https://a0.muscache.com/im/pictures/40754717/58a89ac1_original.jpg?aki_policy=large"", ""https://a0.muscache.com/im/pictures/55699997/347d23bf_original.jpg?aki_policy=large"", ""https://a0.muscache.com/im/pictures/55698932/4f70a855_original.jpg?aki_policy=large"", ""https://a0.muscache.com/im/pictures/55698972/6853c9d4_original.jpg?aki_policy=large"", ""https://a0.muscache.com/im/pictures/55699100/6890a79a_original.jpg?aki_policy=large"", ""https://a0.muscache.com/im/pictures/55699126/d0b02e27_original.jpg?aki_policy=large"", ""https://a0.muscache.com/im/pictures/55699629/c9d47401_original.jpg?aki_policy=large"", ""https://a0.muscache.com/im/pictures/55699662/884503c9_original.jpg?aki_policy=large"", ""https://a0.muscache.com/im/pictures/55699703/54317a41_original.jpg?aki_policy=large"", ""https://a0.muscache.com/im/pictures/55699529/1ed4471c_original.jpg?aki_policy=large"", ""https://a0.muscache.com/im/pictures/55699398/a9b8ca74_original.jpg?aki_policy=large"", ""https://a0.muscache.com/im/pictures/40624648/45489e8d_original.jpg?aki_policy=large"", ""https://a0.muscache.com/im/pictures/55699073/4d11da3c_original.jpg?aki_policy=large"", ""https://a0.muscache.com/im/pictures/55699780/eae45bfa_original.jpg?aki_policy=large"", ""https://a0.muscache.com/im/pictures/55699831/760c0093_original.jpg?aki_policy=large"", ""https://a0.muscache.com/im/pictures/40624590/fa3aa00e_original.jpg?aki_policy=large"", ""https://a0.muscache.com/im/pictures/40624565/a8b3813c_original.jpg?aki_policy=large"", ""https://a0.muscache.com/im/pictures/55700108/9d923328_original.jpg?aki_policy=large"", ""https://a0.muscache.com/im/pictures/40624518/7ec1f375_original.jpg?aki_policy=large"", ""https://a0.muscache.com/im/pictures/70580267/57fbc201_original.jpg?aki_policy=large""]";"{""beds"": 3, ""bedrooms"": 3, ""bathrooms"": 2.5, ""amenity_ids"": [64, 1, 2, 66, 3, 67, 4, 68, 70, 8, 72, 73, 74, 75, 21, 30, 31, 33, 34, 38, 40, 41, 43, 44, 45, 46, 47, 61, 62, 63], ""is_rebookable"": false, ""is_new_listing"": false, ""is_fully_refundable"": true, ""is_host_highly_rated"": true, ""is_business_travel_ready"": false}";"{""weekly_factor"": 0.85, ""monthly_factor"": 1.0}";1689;"";"{""is_superhost"": false}"
3149368;G04531 Impressive 3 bedrooms apart;entire_home;Paris;Saint-Paul - Ile Saint-Louis;48.8539558127;2.35976644381;6;"[""https://a0.muscache.com/im/pictures/8c317702-d1b6-4c53-829d-31531c34eb2f.jpg?aki_policy=large"", ""https://a0.muscache.com/im/pictures/686a0c9a-d3ed-4591-b907-d6aeb1b3f9a8.jpg?aki_policy=large"", ""https://a0.muscache.com/im/pictures/82930f7e-b4af-449f-830f-ea47bfce7996.jpg?aki_policy=large"", ""https://a0.muscache.com/im/pictures/f1f10429-24af-44d7-b7fa-298f0e6c8000.jpg?aki_policy=large"", ""https://a0.muscache.com/im/pictures/72215594-7859-45a6-b460-7f704748ccb6.jpg?aki_policy=large"", ""https://a0.muscache.com/im/pictures/1279259a-2f77-4d9d-a0d7-32add807b59e.jpg?aki_policy=large"", ""https://a0.muscache.com/im/pictures/ba6e7170-8836-4ab3-ad8b-125ac642bc78.jpg?aki_policy=large"", ""https://a0.muscache.com/im/pictures/415c553f-61c3-46c6-9243-6bdf77e4e590.jpg?aki_policy=large"", ""https://a0.muscache.com/im/pictures/b7fa3b7f-4fd0-4f3f-b312-6cd2186c9880.jpg?aki_policy=large"", ""https://a0.muscache.com/im/pictures/b0e9c214-f91e-4b2e-a32d-018277c0d825.jpg?aki_policy=large"", ""https://a0.muscache.com/im/pictures/365bff8d-540c-4d9f-8392-fa3d62924623.jpg?aki_policy=large"", ""https://a0.muscache.com/im/pictures/6bd80c2c-6832-4ae6-b938-cde8a33f5d4f.jpg?aki_policy=large"", ""https://a0.muscache.com/im/pictures/e5e207db-a355-471b-9fb1-b5289c18c0a2.jpg?aki_policy=large"", ""https://a0.muscache.com/im/pictures/030b4f53-8fb7-40d3-bf38-d740d44c1664.jpg?aki_policy=large"", ""https://a0.muscache.com/im/pictures/bd4f681d-3588-4ea0-a548-9b5575af8e54.jpg?aki_policy=large"", ""https://a0.muscache.com/im/pictures/747e9b04-0347-4503-8a6b-82191b65ae05.jpg?aki_policy=large"", ""https://a0.muscache.com/im/pictures/46b0da58-c71d-443f-b79e-bbf2d9062f3b.jpg?aki_policy=large"", ""https://a0.muscache.com/im/pictures/56b135ca-5e00-4192-bb94-d70de24094e2.jpg?aki_policy=large"", ""https://a0.muscache.com/im/pictures/76abfddb-8abf-45f3-b75d-ad853480ddc2.jpg?aki_policy=large"", ""https://a0.muscache.com/im/pictures/2d60148f-3d5f-4439-9e92-7dda37262dd9.jpg?aki_policy=large"", ""https://a0.muscache.com/im/pictures/8ea3f378-6c7c-4a97-b6c3-e5abf9ae69a0.jpg?aki_policy=large"", ""https://a0.muscache.com/im/pictures/c72b11ff-73c8-4785-9234-1551391e68c4.jpg?aki_policy=large"", ""https://a0.muscache.com/im/pictures/fe8e9883-9039-4177-8e1a-9f9b01f942e7.jpg?aki_policy=large"", ""https://a0.muscache.com/im/pictures/b018f70e-a864-45be-87f0-75a0862c5a56.jpg?aki_policy=large"", ""https://a0.muscache.com/im/pictures/337c1d67-6093-46ac-bf44-e968dab6ea82.jpg?aki_policy=large"", ""https://a0.muscache.com/im/pictures/71038129-cf5e-428b-8b47-cc9b132c5842.jpg?aki_policy=large"", ""https://a0.muscache.com/im/pictures/2998166c-fa11-45d8-bfc4-2b4a845761c6.jpg?aki_policy=large"", ""https://a0.muscache.com/im/pictures/aecd06fb-4c12-4d64-9736-aa11854d408c.jpg?aki_policy=large"", ""https://a0.muscache.com/im/pictures/24674268-d882-44e8-a023-3607be33ceb4.jpg?aki_policy=large"", ""https://a0.muscache.com/im/pictures/8242bbd0-6f05-440c-94d5-71d83334df6f.jpg?aki_policy=large""]";"{""beds"": 4, ""bedrooms"": 3, ""bathrooms"": 2.0, ""amenity_ids"": [1, 33, 2, 34, 3, 35, 4, 8, 40, 41, 43, 44, 45, 46, 47, 27, 28, 30], ""is_rebookable"": false, ""is_new_listing"": false, ""is_fully_refundable"": true, ""is_host_highly_rated"": true, ""is_business_travel_ready"": false}";"{""weekly_factor"": 0.77, ""monthly_factor"": 0.48}";1261;"";"{""is_superhost"": false}"
3178766;Petit Studio au coeur de Paris;entire_home;Paris;Montparnasse;48.8469307672;2.32017159741;1;"[""https://a0.muscache.com/im/pictures/40475590/3694ec60_original.jpg?aki_policy=large"", ""https://a0.muscache.com/im/pictures/40475614/38a96fca_original.jpg?aki_policy=large"", ""https://a0.muscache.com/im/pictures/40475636/23532e6e_original.jpg?aki_policy=large"", ""https://a0.muscache.com/im/pictures/40475652/d077a445_original.jpg?aki_policy=large""]";"{""beds"": 1, ""bedrooms"": 0, ""bathrooms"": 1.0, ""amenity_ids"": [32, 49, 50, 21, 8], ""is_rebookable"": false, ""is_new_listing"": false, ""is_fully_refundable"": true, ""is_host_highly_rated"": false, ""is_business_travel_ready"": false}";"{""weekly_factor"": 1.0, ""monthly_factor"": 0.88}";2103;"";"{""is_superhost"": false}"
3202336;Charmant deux pièces Paris Bastille;entire_home;Paris;Bastille;48.8573424385;2.38025558393;4;"[""https://a0.muscache.com/im/pictures/41346853/fb0cf433_original.jpg?aki_policy=large"", ""https://a0.muscache.com/im/pictures/41347097/26e707d1_original.jpg?aki_policy=large"", ""https://a0.muscache.com/im/pictures/40756596/8e423804_original.jpg?aki_policy=large"", ""https://a0.muscache.com/im/pictures/41737085/01ab964d_original.jpg?aki_policy=large"", ""https://a0.muscache.com/im/pictures/41346904/3131650c_original.jpg?aki_policy=large"", ""https://a0.muscache.com/im/pictures/41736953/a67abfac_original.jpg?aki_policy=large"", ""https://a0.muscache.com/im/pictures/41347414/8233f751_original.jpg?aki_policy=large"", ""https://a0.muscache.com/im/pictures/41347028/cd9d5d47_original.jpg?aki_policy=large"", ""https://a0.muscache.com/im/pictures/41737066/4acafa6f_original.jpg?aki_policy=large"", ""https://a0.muscache.com/im/pictures/41737154/7e5dd07d_original.jpg?aki_policy=large"", ""https://a0.muscache.com/im/pictures/41737212/77712797_original.jpg?aki_policy=large"", ""https://a0.muscache.com/im/pictures/41347605/7dea706d_original.jpg?aki_policy=large"", ""https://a0.muscache.com/im/pictures/41347996/e4fd241e_original.jpg?aki_policy=large"", ""https://a0.muscache.com/im/pictures/41347627/f0d1b962_original.jpg?aki_policy=large"", ""https://a0.muscache.com/im/pictures/41347464/a9729d8c_original.jpg?aki_policy=large"", ""https://a0.muscache.com/im/pictures/41347501/89a228be_original.jpg?aki_policy=large"", ""https://a0.muscache.com/im/pictures/41347545/ac3612ba_original.jpg?aki_policy=large"", ""https://a0.muscache.com/im/pictures/41737291/7cb5c42a_original.jpg?aki_policy=large"", ""https://a0.muscache.com/im/pictures/41347582/cd451b3d_original.jpg?aki_policy=large"", ""https://a0.muscache.com/im/pictures/41737695/f5a7d7de_original.jpg?aki_policy=large"", ""https://a0.muscache.com/im/pictures/41737680/f75f6f1d_original.jpg?aki_policy=large"", ""https://a0.muscache.com/im/pictures/41348038/4564ba4b_original.jpg?aki_policy=large"", ""https://a0.muscache.com/im/pictures/41348086/26e4a7d1_original.jpg?aki_policy=large"", ""https://a0.muscache.com/im/pictures/41348159/213d4717_original.jpg?aki_policy=large"", ""https://a0.muscache.com/im/pictures/41348195/ad5d994f_original.jpg?aki_policy=large""]";"{""beds"": 2, ""bedrooms"": 2, ""bathrooms"": 1.0, ""amenity_ids"": [1, 33, 2, 3, 35, 4, 36, 37, 38, 39, 8, 40, 41, 43, 44, 45, 46, 47, 30, 31], ""is_rebookable"": false, ""is_new_listing"": false, ""is_fully_refundable"": true, ""is_host_highly_rated"": true, ""is_business_travel_ready"": false}";"{""weekly_factor"": 1.0, ""monthly_factor"": 1.0}";7652;"";"{""is_superhost"": false}"
3254663;Near Champs Élysées;entire_home;Neuilly-sur-Seine;16e arrondissement;48.8804870747;2.27656097365;4;"[""https://a0.muscache.com/im/pictures/90676638/711588cb_original.jpg?aki_policy=large"", ""https://a0.muscache.com/im/pictures/41350039/3bec405b_original.jpg?aki_policy=large"", ""https://a0.muscache.com/im/pictures/41349971/2817bcd4_original.jpg?aki_policy=large"", ""https://a0.muscache.com/im/pictures/41349915/b49b47fd_original.jpg?aki_policy=large"", ""https://a0.muscache.com/im/pictures/41349950/25ca00bb_original.jpg?aki_policy=large"", ""https://a0.muscache.com/im/pictures/41350280/42c54ef2_original.jpg?aki_policy=large"", ""https://a0.muscache.com/im/pictures/41349993/bd05fa49_original.jpg?aki_policy=large"", ""https://a0.muscache.com/im/pictures/41350022/288087b5_original.jpg?aki_policy=large"", ""https://a0.muscache.com/im/pictures/41350607/c7d8f13c_original.jpg?aki_policy=large"", ""https://a0.muscache.com/im/pictures/90675066/d51f6091_original.jpg?aki_policy=large"", ""https://a0.muscache.com/im/pictures/eba95633-0f59-4f56-b336-e4e489307bbc.jpg?aki_policy=large""]";"{""beds"": 2, ""bedrooms"": 2, ""bathrooms"": 1.0, ""amenity_ids"": [1, 33, 34, 3, 35, 4, 36, 8, 40, 41, 43, 44, 45, 46, 47, 21, 27, 30, 31], ""is_rebookable"": false, ""is_new_listing"": false, ""is_fully_refundable"": true, ""is_host_highly_rated"": false, ""is_business_travel_ready"": false}";"{""weekly_factor"": 1.0, ""monthly_factor"": 1.0}";6469;"";"{""is_superhost"": false}"
3288701;Family apartment heart of paris;entire_home;Paris;Gare du Nord - Gare de I'Est;48.8730094171;2.35383215124;6;"[""https://a0.muscache.com/im/pictures/431f3460-e83a-4c32-82f0-827d06c5cfba.jpg?aki_policy=large"", ""https://a0.muscache.com/im/pictures/9fcba890-2581-4e4a-99ac-e6d26d1d2895.jpg?aki_policy=large"", ""https://a0.muscache.com/im/pictures/9067d8a0-ccb0-468b-89cc-29d433ecf9a4.jpg?aki_policy=large"", ""https://a0.muscache.com/im/pictures/49b4c4dc-57f4-4f78-850a-f1db574f6da7.jpg?aki_policy=large"", ""https://a0.muscache.com/im/pictures/d87d6ee2-7edd-4f10-8128-dea3b7ef001a.jpg?aki_policy=large"", ""https://a0.muscache.com/im/pictures/53937e6b-d20b-456a-946f-c1ae9be4dc11.jpg?aki_policy=large"", ""https://a0.muscache.com/im/pictures/c1738bfe-7da0-4ce7-9aeb-90bb0ace1d55.jpg?aki_policy=large"", ""https://a0.muscache.com/im/pictures/1d06affb-af01-46f0-ba21-170b11186bb0.jpg?aki_policy=large"", ""https://a0.muscache.com/im/pictures/7ddf6e15-c968-45aa-8886-83b40995a185.jpg?aki_policy=large"", ""https://a0.muscache.com/im/pictures/a2d294d6-3280-4cbc-a2e2-75be59831f89.jpg?aki_policy=large"", ""https://a0.muscache.com/im/pictures/3bde780f-1d2a-4711-a062-62dc33406fcd.jpg?aki_policy=large"", ""https://a0.muscache.com/im/pictures/e69039e1-6966-444b-96e9-1fee585b0870.jpg?aki_policy=large"", ""https://a0.muscache.com/im/pictures/f21827d1-9b54-4a26-8665-072e4e2f9b27.jpg?aki_policy=large"", ""https://a0.muscache.com/im/pictures/4bac454e-bd83-4221-b70a-0cfe6b9d3754.jpg?aki_policy=large"", ""https://a0.muscache.com/im/pictures/71c6b63d-8154-47ad-b969-898930d1b977.jpg?aki_policy=large"", ""https://a0.muscache.com/im/pictures/d0f08c6f-b67e-4e6e-9697-94459b6a6984.jpg?aki_policy=large"", ""https://a0.muscache.com/im/pictures/ed335302-e65f-4715-81e5-08248ef9c07b.jpg?aki_policy=large"", ""https://a0.muscache.com/im/pictures/679f79e8-31c6-472c-bb26-8c1d405747ed.jpg?aki_policy=large"", ""https://a0.muscache.com/im/pictures/a857c2f7-d255-477d-9ced-bfce5013ee94.jpg?aki_policy=large"", ""https://a0.muscache.com/im/pictures/8cdf7a1c-7487-4854-ad6f-237958684d06.jpg?aki_policy=large"", ""https://a0.muscache.com/im/pictures/a9156f22-7888-4f5b-b87f-ffbefb006a11.jpg?aki_policy=large"", ""https://a0.muscache.com/im/pictures/1ec02a15-1168-4872-9fb9-14d68c4f2a7d.jpg?aki_policy=large"", ""https://a0.muscache.com/im/pictures/63eac6e9-b579-44ee-8cb0-2efad19a9664.jpg?aki_policy=large"", ""https://a0.muscache.com/im/pictures/9b9cfb78-d8b2-4c03-a1c5-b4cb469469e2.jpg?aki_policy=large"", ""https://a0.muscache.com/im/pictures/3498492a-849d-4c7c-82b3-c683ee8687ed.jpg?aki_policy=large"", ""https://a0.muscache.com/im/pictures/d96866ce-6191-438b-a994-6c392658fedf.jpg?aki_policy=large"", ""https://a0.muscache.com/im/pictures/4d9ec47f-ac24-4bf3-8fb8-462289d048b4.jpg?aki_policy=large"", ""https://a0.muscache.com/im/pictures/d789fe76-8c07-46b6-8c68-4e6ae7ce6295.jpg?aki_policy=large"", ""https://a0.muscache.com/im/pictures/67ee3878-56cf-4266-ba3f-4bedf6271769.jpg?aki_policy=large"", ""https://a0.muscache.com/im/pictures/ddd55276-3acc-480d-9b0c-fa1a8c4b2b66.jpg?aki_policy=large""]";"{""beds"": 6, ""bedrooms"": 3, ""bathrooms"": 2.0, ""amenity_ids"": [1, 2, 66, 3, 4, 8, 89, 91, 28, 92, 93, 30, 94, 31, 95, 96, 33, 34, 35, 37, 38, 39, 40, 45, 46, 47, 61], ""is_rebookable"": false, ""is_new_listing"": false, ""is_fully_refundable"": true, ""is_host_highly_rated"": true, ""is_business_travel_ready"": false}";"{""weekly_factor"": 0.8, ""monthly_factor"": 0.5}";2701;"";"{""is_superhost"": false}"
3322709;Nice Parisian Appart 11eme/1130.2ft;entire_home;Paris;Bastille;48.8539818551;2.37562511573;4;"[""https://a0.muscache.com/im/pictures/46281911/0dc294e9_original.jpg?aki_policy=large"", ""https://a0.muscache.com/im/pictures/44769397/3f994539_original.jpg?aki_policy=large"", ""https://a0.muscache.com/im/pictures/44769668/98f6b9e3_original.jpg?aki_policy=large"", ""https://a0.muscache.com/im/pictures/44769487/a6ec6a86_original.jpg?aki_policy=large"", ""https://a0.muscache.com/im/pictures/44769606/bbf3aeff_original.jpg?aki_policy=large"", ""https://a0.muscache.com/im/pictures/44770066/dc399107_original.jpg?aki_policy=large"", ""https://a0.muscache.com/im/pictures/44770008/1fd7c19a_original.jpg?aki_policy=large"", ""https://a0.muscache.com/im/pictures/46281048/a06af1fb_original.jpg?aki_policy=large"", ""https://a0.muscache.com/im/pictures/44769834/927f91f7_original.jpg?aki_policy=large"", ""https://a0.muscache.com/im/pictures/46279125/41a9fd76_original.jpg?aki_policy=large"", ""https://a0.muscache.com/im/pictures/44769940/8b2faeb2_original.jpg?aki_policy=large"", ""https://a0.muscache.com/im/pictures/46281128/e1fb7afb_original.jpg?aki_policy=large"", ""https://a0.muscache.com/im/pictures/46281199/c9c10d0f_original.jpg?aki_policy=large"", ""https://a0.muscache.com/im/pictures/44770535/802cc2a0_original.jpg?aki_policy=large"", ""https://a0.muscache.com/im/pictures/44769715/cf89779d_original.jpg?aki_policy=large"", ""https://a0.muscache.com/im/pictures/44769549/188662d2_original.jpg?aki_policy=large"", ""https://a0.muscache.com/im/pictures/46280968/b6ba7276_original.jpg?aki_policy=large"", ""https://a0.muscache.com/im/pictures/44769798/ad90ebdd_original.jpg?aki_policy=large"", ""https://a0.muscache.com/im/pictures/42234244/bc9a9f7a_original.jpg?aki_policy=large"", ""https://a0.muscache.com/im/pictures/42234269/0ce622e6_original.jpg?aki_policy=large""]";"{""beds"": 2, ""bedrooms"": 2, ""bathrooms"": 1.0, ""amenity_ids"": [1, 33, 129, 2, 34, 3, 35, 4, 103, 8, 40, 10, 77, 46, 47, 21, 85, 27, 28, 30, 31], ""is_rebookable"": false, ""is_new_listing"": false, ""is_fully_refundable"": true, ""is_host_highly_rated"": false, ""is_business_travel_ready"": false}";"{""weekly_factor"": 0.93, ""monthly_factor"": 1.0}";2431;"";"{""is_superhost"": false}"
3352907;Canal St Martin RépubliqueApparteme;entire_home;Paris;République;48.8698605104;2.36614653488;3;"[""https://a0.muscache.com/im/pictures/42531251/0017661a_original.jpg?aki_policy=large"", ""https://a0.muscache.com/im/pictures/42531232/5725bd73_original.jpg?aki_policy=large"", ""https://a0.muscache.com/im/pictures/42496166/8805790c_original.jpg?aki_policy=large"", ""https://a0.muscache.com/im/pictures/42496201/ba602eba_original.jpg?aki_policy=large"", ""https://a0.muscache.com/im/pictures/42531210/02bd65a0_original.jpg?aki_policy=large"", ""https://a0.muscache.com/im/pictures/42531274/a940a7a0_original.jpg?aki_policy=large"", ""https://a0.muscache.com/im/pictures/42531311/3ffd100e_original.jpg?aki_policy=large"", ""https://a0.muscache.com/im/pictures/42531320/1c4e2c79_original.jpg?aki_policy=large""]";"{""beds"": 2, ""bedrooms"": 2, ""bathrooms"": 1.0, ""amenity_ids"": [1, 33, 2, 3, 4, 21, 6, 8, 40, 28, 30, 31], ""is_rebookable"": false, ""is_new_listing"": false, ""is_fully_refundable"": true, ""is_host_highly_rated"": false, ""is_business_travel_ready"": false}";"{""weekly_factor"": 0.87, ""monthly_factor"": 0.67}";6337;"";"{""is_superhost"": false}"
3356459;Appartement avec Terrasse, Marais;entire_home;Paris;Le Marais;48.862789035;2.36033187032;4;"[""https://a0.muscache.com/im/pictures/79883708/269e231c_original.jpg?aki_policy=large"", ""https://a0.muscache.com/im/pictures/81391155/603ba598_original.jpg?aki_policy=large"", ""https://a0.muscache.com/im/pictures/1cd2a940-a956-4ddf-9fac-7153f0a6d7fb.jpg?aki_policy=large"", ""https://a0.muscache.com/im/pictures/43efac94-e613-4f32-95d7-c09af66b01ad.jpg?aki_policy=large"", ""https://a0.muscache.com/im/pictures/81391585/bdf0403a_original.jpg?aki_policy=large"", ""https://a0.muscache.com/im/pictures/81391568/b57a7a4f_original.jpg?aki_policy=large"", ""https://a0.muscache.com/im/pictures/81393171/a0a379e9_original.jpg?aki_policy=large"", ""https://a0.muscache.com/im/pictures/94b89997-e04a-4cfc-b18d-326ad8d5d685.jpg?aki_policy=large"", ""https://a0.muscache.com/im/pictures/e9ae6fc3-3d0c-4214-9d98-da6a993fd094.jpg?aki_policy=large"", ""https://a0.muscache.com/im/pictures/79883756/db3c797a_original.jpg?aki_policy=large"", ""https://a0.muscache.com/im/pictures/fd796e8e-0a5a-4caa-953f-23d6e4d4e24e.jpg?aki_policy=large"", ""https://a0.muscache.com/im/pictures/73cc7e48-0de4-4a5f-874e-ab61558a214a.jpg?aki_policy=large"", ""https://a0.muscache.com/im/pictures/c1b6c846-d7f9-4c93-8a88-60093cf69bf2.jpg?aki_policy=large"", ""https://a0.muscache.com/im/pictures/81391755/fcb93614_original.jpg?aki_policy=large"", ""https://a0.muscache.com/im/pictures/1e7b59cf-7c03-4156-be07-c125bcdee858.jpg?aki_policy=large"", ""https://a0.muscache.com/im/pictures/b3d22dba-6769-42b0-8bf5-72ddd83976f8.jpg?aki_policy=large"", ""https://a0.muscache.com/im/pictures/15833ced-bfa0-460b-a279-5e95a98298c1.jpg?aki_policy=large"", ""https://a0.muscache.com/im/pictures/81391976/281fe319_original.jpg?aki_policy=large"", ""https://a0.muscache.com/im/pictures/81393578/c6fa1e30_original.jpg?aki_policy=large"", ""https://a0.muscache.com/im/pictures/d6b70f0e-c0c1-4576-90dc-421f95c1923a.jpg?aki_policy=large"", ""https://a0.muscache.com/im/pictures/8b2c8c41-d206-450b-a373-64bffef455af.jpg?aki_policy=large"", ""https://a0.muscache.com/im/pictures/2dd7bc2f-1b2a-4b55-868a-c01145b1e8d1.jpg?aki_policy=large"", ""https://a0.muscache.com/im/pictures/33576d6a-2fc4-48c3-b0e9-d725ec9d8d51.jpg?aki_policy=large"", ""https://a0.muscache.com/im/pictures/055a0c5e-40f1-4f57-8a0b-f16bea1204aa.jpg?aki_policy=large"", ""https://a0.muscache.com/im/pictures/44814f01-addb-4fb5-a6b5-bac33335ec04.jpg?aki_policy=large""]";"{""beds"": 3, ""bedrooms"": 2, ""bathrooms"": 1.0, ""amenity_ids"": [64, 1, 2, 66, 3, 4, 68, 70, 71, 8, 72, 74, 77, 21, 85, 89, 90, 91, 92, 93, 30, 94, 31, 95, 96, 33, 34, 35, 36, 100, 103, 40, 41, 43, 44, 45, 46, 47, 112, 49, 113, 51, 54, 61, 62, 63], ""is_rebookable"": false, ""is_new_listing"": false, ""is_fully_refundable"": true, ""is_host_highly_rated"": true, ""is_business_travel_ready"": false}";"{""weekly_factor"": 1.0, ""monthly_factor"": 1.0}";575;"";"{""is_superhost"": false}"
3388237;BEL APPARTEMENT PARIS CENTRE 3ème;entire_home;Paris;Le Marais;48.8623982644;2.35513926678;5;"[""https://a0.muscache.com/im/pictures/43031238/1382e18d_original.jpg?aki_policy=large"", ""https://a0.muscache.com/im/pictures/43031081/f95866b1_original.jpg?aki_policy=large"", ""https://a0.muscache.com/im/pictures/43031111/6a2fd9ae_original.jpg?aki_policy=large"", ""https://a0.muscache.com/im/pictures/43031141/a78546c6_original.jpg?aki_policy=large"", ""https://a0.muscache.com/im/pictures/43031176/5e773d34_original.jpg?aki_policy=large"", ""https://a0.muscache.com/im/pictures/43031201/ccddcf47_original.jpg?aki_policy=large"", ""https://a0.muscache.com/im/pictures/43031220/86903525_original.jpg?aki_policy=large"", ""https://a0.muscache.com/im/pictures/43031258/5464f8f7_original.jpg?aki_policy=large"", ""https://a0.muscache.com/im/pictures/43031277/19b146be_original.jpg?aki_policy=large""]";"{""beds"": 3, ""bedrooms"": 1, ""bathrooms"": 1.0, ""amenity_ids"": [1, 33, 3, 21, 8, 40, 27, 30], ""is_rebookable"": false, ""is_new_listing"": false, ""is_fully_refundable"": true, ""is_host_highly_rated"": false, ""is_business_travel_ready"": false}";"{""weekly_factor"": 0.86, ""monthly_factor"": 0.59}";5433;"";"{""is_superhost"": true}"
3430844;Grand Villa Bastille;entire_home;Paris;Bastille;48.8488583584;2.3682490164;12;"[""https://a0.muscache.com/im/pictures/efda4f24-a947-4789-9ea8-50bdc10847e0.jpg?aki_policy=large"", ""https://a0.muscache.com/im/pictures/beb87f97-5db1-45fd-aa74-3acd16517a55.jpg?aki_policy=large"", ""https://a0.muscache.com/im/pictures/7bb41e09-bbc1-427f-bf2f-120cbaa90b9b.jpg?aki_policy=large"", ""https://a0.muscache.com/im/pictures/e37f0956-96fa-410c-bc29-fee7d79ab875.jpg?aki_policy=large"", ""https://a0.muscache.com/im/pictures/264dd065-0f44-4305-a18d-6b241416b96d.jpg?aki_policy=large"", ""https://a0.muscache.com/im/pictures/9cc1d783-7cac-49ed-9ff1-ca00a5a7e53c.jpg?aki_policy=large"", ""https://a0.muscache.com/im/pictures/54727407/f8134ef7_original.jpg?aki_policy=large"", ""https://a0.muscache.com/im/pictures/54727437/640a4e24_original.jpg?aki_policy=large"", ""https://a0.muscache.com/im/pictures/ae02b5e3-515f-4c71-a478-059cd89eb572.jpg?aki_policy=large"", ""https://a0.muscache.com/im/pictures/01661b13-6ba3-4b40-8010-e51315e06b72.jpg?aki_policy=large"", ""https://a0.muscache.com/im/pictures/61021af8-91a4-41df-aae7-5c5dff0e602c.jpg?aki_policy=large"", ""https://a0.muscache.com/im/pictures/14d500a3-f5ac-42e3-9c3c-ad136d365d89.jpg?aki_policy=large"", ""https://a0.muscache.com/im/pictures/54724567/2b44ae73_original.jpg?aki_policy=large"", ""https://a0.muscache.com/im/pictures/54730120/d0d5a59c_original.jpg?aki_policy=large"", ""https://a0.muscache.com/im/pictures/103ec90f-1e70-4ea5-ba36-c351a575270a.jpg?aki_policy=large"", ""https://a0.muscache.com/im/pictures/058a2cdb-c596-4e5b-a677-afb53ee5c411.jpg?aki_policy=large"", ""https://a0.muscache.com/im/pictures/e63dd727-7d0b-4bc9-8ce5-05864f50460b.jpg?aki_policy=large"", ""https://a0.muscache.com/im/pictures/54731771/96264399_original.jpg?aki_policy=large"", ""https://a0.muscache.com/im/pictures/951c002e-9c15-49a5-aa7d-cd195d9698f9.jpg?aki_policy=large"", ""https://a0.muscache.com/im/pictures/54730662/7ee58cb7_original.jpg?aki_policy=large"", ""https://a0.muscache.com/im/pictures/6107619b-c617-4d89-a283-0bfe1eb02350.jpg?aki_policy=large"", ""https://a0.muscache.com/im/pictures/54730781/6b2c7f70_original.jpg?aki_policy=large"", ""https://a0.muscache.com/im/pictures/54730695/98ac9284_original.jpg?aki_policy=large"", ""https://a0.muscache.com/im/pictures/54730720/c1cb9707_original.jpg?aki_policy=large"", ""https://a0.muscache.com/im/pictures/40c937f4-c55b-4433-98d3-89f1fdc951c1.jpg?aki_policy=large"", ""https://a0.muscache.com/im/pictures/6e2c3e20-9cbe-4e4a-b27c-d2dbced25cc6.jpg?aki_policy=large"", ""https://a0.muscache.com/im/pictures/7bf88637-0176-4076-b582-27f9018d8b24.jpg?aki_policy=large"", ""https://a0.muscache.com/im/pictures/dfa85edb-5ea4-4fe6-9d13-3be44ffb09e3.jpg?aki_policy=large"", ""https://a0.muscache.com/im/pictures/ff6cf2b2-96da-48ee-aa57-0bb4d943f60d.jpg?aki_policy=large"", ""https://a0.muscache.com/im/pictures/57965552-fb1c-4d3f-94da-7e26bee6c507.jpg?aki_policy=large""]";"{""beds"": 10, ""bedrooms"": 6, ""bathrooms"": 5.0, ""amenity_ids"": [1, 33, 2, 34, 3, 4, 39, 8, 40, 41, 44, 45, 77, 46, 47, 50, 85, 86, 57, 28, 30, 31], ""is_rebookable"": false, ""is_new_listing"": false, ""is_fully_refundable"": true, ""is_host_highly_rated"": true, ""is_business_travel_ready"": false}";"{""weekly_factor"": 0.96, ""monthly_factor"": 0.65}";1375;"";"{""is_superhost"": false}"
3452604;"magic view , studio design
Safety area 
Gardian 24";entire_home;Paris;Commerce - Dupleix;48.8523593879;2.28633008956;2;"[""https://a0.muscache.com/im/pictures/43659797/d0e021a6_original.jpg?aki_policy=large"", ""https://a0.muscache.com/im/pictures/43660660/07ad774d_original.jpg?aki_policy=large"", ""https://a0.muscache.com/im/pictures/43660274/8871bfce_original.jpg?aki_policy=large"", ""https://a0.muscache.com/im/pictures/43660310/fa084615_original.jpg?aki_policy=large"", ""https://a0.muscache.com/im/pictures/43660371/c0592b49_original.jpg?aki_policy=large"", ""https://a0.muscache.com/im/pictures/43660407/0a13b5cd_original.jpg?aki_policy=large"", ""https://a0.muscache.com/im/pictures/43660468/163766e1_original.jpg?aki_policy=large"", ""https://a0.muscache.com/im/pictures/43660499/5e224d71_original.jpg?aki_policy=large"", ""https://a0.muscache.com/im/pictures/43660523/de4015b5_original.jpg?aki_policy=large"", ""https://a0.muscache.com/im/pictures/6c995717-871c-4aca-b45f-62778652bcc6.jpg?aki_policy=large""]";"{""beds"": 1, ""bedrooms"": 0, ""bathrooms"": 1.0, ""amenity_ids"": [1, 2, 4, 8, 10, 77, 21, 85, 86, 89, 90, 91, 92, 93, 30, 94, 95, 96, 33, 34, 98, 36, 41, 44, 45, 46, 47], ""is_rebookable"": false, ""is_new_listing"": false, ""is_fully_refundable"": true, ""is_host_highly_rated"": true, ""is_business_travel_ready"": false}";"{""weekly_factor"": 0.95, ""monthly_factor"": 0.8}";1167;"";"{""is_superhost"": false}"
3470032;65m² de calme dans le Paris animé;entire_home;Paris;Bastille;48.8530414031;2.38147232805;7;"[""https://a0.muscache.com/im/pictures/fc4b042c-9003-478b-9316-7e3302fc3381.jpg?aki_policy=large"", ""https://a0.muscache.com/im/pictures/56549f73-b004-47e6-b96f-ecb27d769dd8.jpg?aki_policy=large"", ""https://a0.muscache.com/im/pictures/1e708458-e419-4299-8462-158ac94c8411.jpg?aki_policy=large"", ""https://a0.muscache.com/im/pictures/43857265/bfbe5ebc_original.jpg?aki_policy=large"", ""https://a0.muscache.com/im/pictures/afbfc4f7-7233-45d7-85d6-0f64769dc1b9.jpg?aki_policy=large"", ""https://a0.muscache.com/im/pictures/ee6ec162-e4eb-41c9-ac45-c2514c9db510.jpg?aki_policy=large"", ""https://a0.muscache.com/im/pictures/7bd04ee5-89ee-4d4f-9017-84f5e75e4a4e.jpg?aki_policy=large"", ""https://a0.muscache.com/im/pictures/4aa75b5f-0c9d-4e08-8fb4-6db389ecafe5.jpg?aki_policy=large"", ""https://a0.muscache.com/im/pictures/6c6dff7d-dcd6-4de1-bcd9-c846dadacb7b.jpg?aki_policy=large"", ""https://a0.muscache.com/im/pictures/3032e96e-93d2-4142-93c8-8223505fcd76.jpg?aki_policy=large""]";"{""beds"": 3, ""bedrooms"": 2, ""bathrooms"": 1.0, ""amenity_ids"": [64, 1, 129, 2, 66, 3, 4, 8, 72, 10, 74, 11, 77, 21, 89, 90, 91, 28, 92, 30, 94, 31, 95, 33, 34, 35, 40, 45, 46, 47, 61, 62, 63], ""is_rebookable"": false, ""is_new_listing"": false, ""is_fully_refundable"": true, ""is_host_highly_rated"": false, ""is_business_travel_ready"": false}";"{""weekly_factor"": 0.9, ""monthly_factor"": 1.0}";775;"";"{""is_superhost"": false}"
3559352;Studio propre & cosy PARIS 11ème;entire_home;Paris;République;48.8667928448;2.37456575348;1;"[""https://a0.muscache.com/im/pictures/8346f0f8-4668-4ff4-80eb-a393f4e70eb7.jpg?aki_policy=large"", ""https://a0.muscache.com/im/pictures/2217e597-578e-45cc-baca-acbf707a441f.jpg?aki_policy=large"", ""https://a0.muscache.com/im/pictures/fc759e22-0863-413e-bcf0-aad4c76f51a5.jpg?aki_policy=large"", ""https://a0.muscache.com/im/pictures/315b2e15-442b-4b82-b351-164baa14e818.jpg?aki_policy=large"", ""https://a0.muscache.com/im/pictures/a9cc4c08-ba8c-4bef-8575-04da5d562253.jpg?aki_policy=large""]";"{""beds"": 1, ""bedrooms"": 0, ""bathrooms"": 1.0, ""amenity_ids"": [96, 1, 33, 2, 34, 3, 4, 8, 40, 43, 45, 77, 46, 47, 85, 89, 90, 91, 61, 93, 30, 94, 95], ""is_rebookable"": false, ""is_new_listing"": false, ""is_fully_refundable"": true, ""is_host_highly_rated"": false, ""is_business_travel_ready"": false}";"{""weekly_factor"": 0.95, ""monthly_factor"": 0.9}";7400;"";"{""is_superhost"": false}"
3562428;Paris centre République show room;private_room;Paris;3e arrondissement;48.8646510473;2.36382472498;1;"[""https://a0.muscache.com/im/pictures/54095139/d6b7ca88_original.jpg?aki_policy=large"", ""https://a0.muscache.com/im/pictures/53082470/598958ea_original.jpg?aki_policy=large"", ""https://a0.muscache.com/im/pictures/53082322/457b8536_original.jpg?aki_policy=large"", ""https://a0.muscache.com/im/pictures/53565634/b4220da8_original.jpg?aki_policy=large"", ""https://a0.muscache.com/im/pictures/589f1a06-ea6d-4799-8092-ce13a50ad2cb.jpg?aki_policy=large"", ""https://a0.muscache.com/im/pictures/935e836e-a636-4ba6-bae8-e2061be5097f.jpg?aki_policy=large"", ""https://a0.muscache.com/im/pictures/8c13759b-0b95-4a23-b1bf-405f7651a933.jpg?aki_policy=large"", ""https://a0.muscache.com/im/pictures/55d15c2c-d830-4786-8e1d-75499ceaaf57.jpg?aki_policy=large"", ""https://a0.muscache.com/im/pictures/dc7f2635-d2e6-42c4-a17e-9359634137c9.jpg?aki_policy=large"", ""https://a0.muscache.com/im/pictures/f452e398-1703-4660-a47f-659948014e50.jpg?aki_policy=large"", ""https://a0.muscache.com/im/pictures/55562678/c121ef87_original.jpg?aki_policy=large""]";"{""beds"": 1, ""bedrooms"": 0, ""bathrooms"": 0.0, ""amenity_ids"": [32, 1, 3, 35, 4, 37, 39, 8, 10, 51, 55, 30, 31], ""is_rebookable"": false, ""is_new_listing"": false, ""is_fully_refundable"": true, ""is_host_highly_rated"": false, ""is_business_travel_ready"": false}";"{""weekly_factor"": 0.8, ""monthly_factor"": 0.6}";793;"";"{""is_superhost"": false}"
3573467;Apartment near Tour Eiffel;entire_home;Paris;"";48.8479735764;2.29369459456;5;"[""https://a0.muscache.com/im/pictures/23fe27f8-68be-47ed-bf52-d8faea5fa78d.jpg?aki_policy=large"", ""https://a0.muscache.com/im/pictures/45047997/5545c534_original.jpg?aki_policy=large"", ""https://a0.muscache.com/im/pictures/45048047/1c56d329_original.jpg?aki_policy=large"", ""https://a0.muscache.com/im/pictures/45048020/de85c79f_original.jpg?aki_policy=large"", ""https://a0.muscache.com/im/pictures/45048348/57d49f52_original.jpg?aki_policy=large"", ""https://a0.muscache.com/im/pictures/45048381/3d73a55b_original.jpg?aki_policy=large"", ""https://a0.muscache.com/im/pictures/e17b93cb-3407-4a10-8e92-7342b797f6c6.jpg?aki_policy=large"", ""https://a0.muscache.com/im/pictures/6aafdecd-48f2-4ad0-b575-4aea9ccf3789.jpg?aki_policy=large"", ""https://a0.muscache.com/im/pictures/cf6bc7e5-d85b-45a8-80b7-215046ff9b7c.jpg?aki_policy=large"", ""https://a0.muscache.com/im/pictures/2b2607ef-69c5-4191-9796-df4b46944d4e.jpg?aki_policy=large"", ""https://a0.muscache.com/im/pictures/4735ac7e-c5d3-44e4-902c-9ed78fc06bf3.jpg?aki_policy=large""]";"{""beds"": 5, ""bedrooms"": 3, ""bathrooms"": 1.0, ""amenity_ids"": [96, 1, 33, 129, 2, 66, 4, 8, 40, 44, 45, 77, 46, 21, 85, 86, 91, 61, 93, 30, 94, 31, 95], ""is_rebookable"": false, ""is_new_listing"": false, ""is_fully_refundable"": true, ""is_host_highly_rated"": false, ""is_business_travel_ready"": false}";"{""weekly_factor"": 0.85, ""monthly_factor"": 1.0}";1077;"";"{""is_superhost"": false}"
3698347;Lafayette Haussmann Central Paris;entire_home;Paris;Opéra - Grands Boulevards;48.8719966838;2.34048845743;4;"[""https://a0.muscache.com/im/pictures/53083662/c601d534_original.jpg?aki_policy=large"", ""https://a0.muscache.com/im/pictures/53083676/19d0c7c5_original.jpg?aki_policy=large"", ""https://a0.muscache.com/im/pictures/53083844/abe9db4c_original.jpg?aki_policy=large"", ""https://a0.muscache.com/im/pictures/53083707/f22fe7d0_original.jpg?aki_policy=large"", ""https://a0.muscache.com/im/pictures/53083653/bb9882d8_original.jpg?aki_policy=large"", ""https://a0.muscache.com/im/pictures/53083718/65bafc32_original.jpg?aki_policy=large"", ""https://a0.muscache.com/im/pictures/53083785/b4b2742c_original.jpg?aki_policy=large"", ""https://a0.muscache.com/im/pictures/53083812/66caff45_original.jpg?aki_policy=large"", ""https://a0.muscache.com/im/pictures/53083804/74aa2ab3_original.jpg?aki_policy=large"", ""https://a0.muscache.com/im/pictures/53083796/38b71888_original.jpg?aki_policy=large"", ""https://a0.muscache.com/im/pictures/53083669/ebc942cf_original.jpg?aki_policy=large"", ""https://a0.muscache.com/im/pictures/53083833/d743bcd9_original.jpg?aki_policy=large"", ""https://a0.muscache.com/im/pictures/53083681/1315daa3_original.jpg?aki_policy=large"", ""https://a0.muscache.com/im/pictures/53083688/4284786f_original.jpg?aki_policy=large"", ""https://a0.muscache.com/im/pictures/53083704/aa29dd59_original.jpg?aki_policy=large"", ""https://a0.muscache.com/im/pictures/53083731/74938fe0_original.jpg?aki_policy=large"", ""https://a0.muscache.com/im/pictures/53083741/5c983e42_original.jpg?aki_policy=large"", ""https://a0.muscache.com/im/pictures/53083748/dc407d0f_original.jpg?aki_policy=large"", ""https://a0.muscache.com/im/pictures/53083823/0f4617eb_original.jpg?aki_policy=large"", ""https://a0.muscache.com/im/pictures/53083847/afbfca90_original.jpg?aki_policy=large"", ""https://a0.muscache.com/im/pictures/53083852/59d72987_original.jpg?aki_policy=large"", ""https://a0.muscache.com/im/pictures/53083778/7bb0fcf2_original.jpg?aki_policy=large"", ""https://a0.muscache.com/im/pictures/53083769/1d8da8b0_original.jpg?aki_policy=large"", ""https://a0.muscache.com/im/pictures/53083761/b261c7a6_original.jpg?aki_policy=large""]";"{""beds"": 1, ""bedrooms"": 1, ""bathrooms"": 1.0, ""amenity_ids"": [1, 129, 3, 4, 5, 8, 77, 21, 85, 86, 89, 90, 91, 28, 92, 93, 94, 95, 96, 33, 34, 35, 40, 44, 45, 46, 47, 57], ""is_rebookable"": false, ""is_new_listing"": false, ""is_fully_refundable"": true, ""is_host_highly_rated"": true, ""is_business_travel_ready"": false}";"{""weekly_factor"": 1.0, ""monthly_factor"": 0.56}";2348;"";"{""is_superhost"": false}"
3728394;Studio Centre de Paris;entire_home;Paris;Gare du Nord - Gare de I'Est;48.8751241464;2.34592820597;2;"[""https://a0.muscache.com/im/pictures/46925273/4606b5e0_original.jpg?aki_policy=large"", ""https://a0.muscache.com/im/pictures/57878054/4604639a_original.jpg?aki_policy=large"", ""https://a0.muscache.com/im/pictures/46925319/91d40fc7_original.jpg?aki_policy=large"", ""https://a0.muscache.com/im/pictures/57878027/dfa28636_original.jpg?aki_policy=large"", ""https://a0.muscache.com/im/pictures/57877906/2b2827c7_original.jpg?aki_policy=large"", ""https://a0.muscache.com/im/pictures/57877947/03aa31db_original.jpg?aki_policy=large"", ""https://a0.muscache.com/im/pictures/89144660/93944c0c_original.jpg?aki_policy=large"", ""https://a0.muscache.com/im/pictures/57877847/6a4a6a9b_original.jpg?aki_policy=large"", ""https://a0.muscache.com/im/pictures/46925298/0d37683b_original.jpg?aki_policy=large"", ""https://a0.muscache.com/im/pictures/46925255/823abf5a_original.jpg?aki_policy=large"", ""https://a0.muscache.com/im/pictures/57877814/8824eb0a_original.jpg?aki_policy=large"", ""https://a0.muscache.com/im/pictures/57878005/a5965c13_original.jpg?aki_policy=large"", ""https://a0.muscache.com/im/pictures/57878100/8ff8790f_original.jpg?aki_policy=large""]";"{""beds"": 1, ""bedrooms"": 0, ""bathrooms"": 1.0, ""amenity_ids"": [1, 33, 2, 131, 4, 103, 8, 40, 10, 11, 44, 45, 77, 46, 49, 50, 30], ""is_rebookable"": false, ""is_new_listing"": false, ""is_fully_refundable"": true, ""is_host_highly_rated"": false, ""is_business_travel_ready"": false}";"{""weekly_factor"": 1.0, ""monthly_factor"": 1.0}";1581;"";"{""is_superhost"": false}"
3729388;Appartement 180 m2 dans le 8ème avec grand balcon;entire_home;Paris;Monceau;48.8810655448;2.31435695186;6;"[""https://a0.muscache.com/im/pictures/89efc9e5-7be2-439f-acf9-1cbca9dc38e5.jpg?aki_policy=large"", ""https://a0.muscache.com/im/pictures/46938275/9d422c37_original.jpg?aki_policy=large"", ""https://a0.muscache.com/im/pictures/43ac2543-502b-4385-9913-192218a09bc8.jpg?aki_policy=large"", ""https://a0.muscache.com/im/pictures/143af891-d133-479a-98ae-13b3a5a64cb2.jpg?aki_policy=large"", ""https://a0.muscache.com/im/pictures/557ed688-fa9d-44f5-9510-54f3bcf275d6.jpg?aki_policy=large"", ""https://a0.muscache.com/im/pictures/0c90a62a-2cc7-4491-9c82-eb91194d93df.jpg?aki_policy=large"", ""https://a0.muscache.com/im/pictures/a72a72eb-7bb1-41e4-a5e5-15776f96ab59.jpg?aki_policy=large"", ""https://a0.muscache.com/im/pictures/0f8baa72-28e2-4763-971b-e307ac855a66.jpg?aki_policy=large"", ""https://a0.muscache.com/im/pictures/0e4c6de2-2a3b-434c-a212-86946fcb9c73.jpg?aki_policy=large"", ""https://a0.muscache.com/im/pictures/cc456756-1739-4058-8c39-cdb3e1f41da2.jpg?aki_policy=large"", ""https://a0.muscache.com/im/pictures/8db4ee28-4146-468c-8707-77105bda2e35.jpg?aki_policy=large"", ""https://a0.muscache.com/im/pictures/9ed33df9-e193-4742-b93b-f07a57a4b95b.jpg?aki_policy=large"", ""https://a0.muscache.com/im/pictures/90b79080-3d59-4d75-8963-ae0aab3ecca1.jpg?aki_policy=large"", ""https://a0.muscache.com/im/pictures/033e0c1b-a23b-455c-9a34-3e2d4b3184a1.jpg?aki_policy=large"", ""https://a0.muscache.com/im/pictures/fac720b6-5743-4e6a-9f29-4dfdaf48a643.jpg?aki_policy=large"", ""https://a0.muscache.com/im/pictures/360cafff-fd6a-4fda-9d9c-b24d9be93fe8.jpg?aki_policy=large"", ""https://a0.muscache.com/im/pictures/dc2bce13-c1d3-477c-b564-df8e22e03709.jpg?aki_policy=large"", ""https://a0.muscache.com/im/pictures/403902f5-b1a1-4e8f-82fd-78b35a1867fd.jpg?aki_policy=large"", ""https://a0.muscache.com/im/pictures/649f6491-662d-4bdd-ac48-9595918a3780.jpg?aki_policy=large"", ""https://a0.muscache.com/im/pictures/2454f505-90f9-4e61-9dd2-8ed799b40c82.jpg?aki_policy=large"", ""https://a0.muscache.com/im/pictures/1ebe7a8c-e780-4427-8470-4b8971536a8e.jpg?aki_policy=large"", ""https://a0.muscache.com/im/pictures/f9ba47af-b77f-4ba7-b1f1-60f200f5b985.jpg?aki_policy=large"", ""https://a0.muscache.com/im/pictures/3be56394-d048-4715-af61-b165ec42f47c.jpg?aki_policy=large""]";"{""beds"": 4, ""bedrooms"": 4, ""bathrooms"": 3.0, ""amenity_ids"": [1, 33, 34, 35, 4, 39, 8, 40, 44, 46, 21, 27, 28, 30, 31], ""is_rebookable"": false, ""is_new_listing"": false, ""is_fully_refundable"": true, ""is_host_highly_rated"": true, ""is_business_travel_ready"": false}";"{""weekly_factor"": 1.0, ""monthly_factor"": 0.7}";3782;"";"{""is_superhost"": false}"
3736614;[110m2] City View Apartment;entire_home;Paris;Tour Eiffel - Champ de Mars;48.8571706273;2.29394580091;6;"[""https://a0.muscache.com/im/pictures/52232626/81b9827a_original.jpg?aki_policy=large"", ""https://a0.muscache.com/im/pictures/47445536/43862708_original.jpg?aki_policy=large"", ""https://a0.muscache.com/im/pictures/47525691/807f9f18_original.jpg?aki_policy=large"", ""https://a0.muscache.com/im/pictures/47445933/0575d642_original.jpg?aki_policy=large"", ""https://a0.muscache.com/im/pictures/47445472/a4ed00f7_original.jpg?aki_policy=large"", ""https://a0.muscache.com/im/pictures/48001939/3e733151_original.jpg?aki_policy=large"", ""https://a0.muscache.com/im/pictures/47525797/8659d20b_original.jpg?aki_policy=large"", ""https://a0.muscache.com/im/pictures/47445506/d8120a4a_original.jpg?aki_policy=large"", ""https://a0.muscache.com/im/pictures/47445492/1de9a830_original.jpg?aki_policy=large"", ""https://a0.muscache.com/im/pictures/47445522/e2324fd6_original.jpg?aki_policy=large"", ""https://a0.muscache.com/im/pictures/47445412/0cbac7da_original.jpg?aki_policy=large"", ""https://a0.muscache.com/im/pictures/47525730/90f6c4b1_original.jpg?aki_policy=large"", ""https://a0.muscache.com/im/pictures/47445431/7464412a_original.jpg?aki_policy=large"", ""https://a0.muscache.com/im/pictures/47445452/3261ed32_original.jpg?aki_policy=large"", ""https://a0.muscache.com/im/pictures/47525853/b561abd0_original.jpg?aki_policy=large"", ""https://a0.muscache.com/im/pictures/47525823/5ae4b9ef_original.jpg?aki_policy=large"", ""https://a0.muscache.com/im/pictures/47445609/14a8a310_original.jpg?aki_policy=large"", ""https://a0.muscache.com/im/pictures/47445572/9fab00e4_original.jpg?aki_policy=large"", ""https://a0.muscache.com/im/pictures/47445592/5f463d6b_original.jpg?aki_policy=large"", ""https://a0.muscache.com/im/pictures/47445622/3292abb0_original.jpg?aki_policy=large"", ""https://a0.muscache.com/im/pictures/47525918/77df416e_original.jpg?aki_policy=large"", ""https://a0.muscache.com/im/pictures/47525902/ccb759dc_original.jpg?aki_policy=large"", ""https://a0.muscache.com/im/pictures/47445675/28e5ead8_original.jpg?aki_policy=large"", ""https://a0.muscache.com/im/pictures/47445721/79e23aed_original.jpg?aki_policy=large"", ""https://a0.muscache.com/im/pictures/47445707/36078e86_original.jpg?aki_policy=large"", ""https://a0.muscache.com/im/pictures/47445685/6720d82a_original.jpg?aki_policy=large"", ""https://a0.muscache.com/im/pictures/47525880/294fbdce_original.jpg?aki_policy=large"", ""https://a0.muscache.com/im/pictures/47525940/7c99b9bf_original.jpg?aki_policy=large"", ""https://a0.muscache.com/im/pictures/47445761/da0825ab_original.jpg?aki_policy=large"", ""https://a0.muscache.com/im/pictures/47445786/75579ad1_original.jpg?aki_policy=large""]";"{""beds"": 4, ""bedrooms"": 3, ""bathrooms"": 2.0, ""amenity_ids"": [1, 2, 4, 5, 8, 10, 21, 85, 86, 89, 90, 27, 91, 92, 93, 30, 94, 31, 95, 96, 33, 34, 35, 36, 37, 39, 40, 41, 44, 45, 46, 47], ""is_rebookable"": false, ""is_new_listing"": false, ""is_fully_refundable"": true, ""is_host_highly_rated"": true, ""is_business_travel_ready"": false}";"{""weekly_factor"": 1.0, ""monthly_factor"": 1.0}";4550;"";"{""is_superhost"": false}"
3995543;Lovely top floor flat near Montmartre Opera;entire_home;Paris;Pigalle - Saint-Georges;48.8807695384;2.3321075196;6;"[""https://a0.muscache.com/im/pictures/590b53f5-81c9-4043-b492-7bb99867547e.jpg?aki_policy=large"", ""https://a0.muscache.com/im/pictures/7a03675e-4ca4-4489-bba3-fa7db384ab94.jpg?aki_policy=large"", ""https://a0.muscache.com/im/pictures/ab3fb392-fe32-4c5e-891f-35b3c204df52.jpg?aki_policy=large"", ""https://a0.muscache.com/im/pictures/70f7bf99-9c41-422b-8be6-5d776fd4a755.jpg?aki_policy=large"", ""https://a0.muscache.com/im/pictures/85f83b4f-c65f-4636-b49a-e14403c5503b.jpg?aki_policy=large"", ""https://a0.muscache.com/im/pictures/5556841a-eae1-43d2-9f98-7a0a1f99953a.jpg?aki_policy=large"", ""https://a0.muscache.com/im/pictures/13e5f1f2-57ac-491a-802a-0485bc5c9b05.jpg?aki_policy=large"", ""https://a0.muscache.com/im/pictures/d827e2e2-1581-4644-ae12-47220694b286.jpg?aki_policy=large"", ""https://a0.muscache.com/im/pictures/6285ada1-a657-4263-85ad-c1c4f311a6ec.jpg?aki_policy=large"", ""https://a0.muscache.com/im/pictures/972faf31-0956-4dcc-8936-9b68af745f39.jpg?aki_policy=large"", ""https://a0.muscache.com/im/pictures/e390a6aa-ed3f-4ebe-ba57-6e04a2e88c95.jpg?aki_policy=large"", ""https://a0.muscache.com/im/pictures/50252094/199b7e73_original.jpg?aki_policy=large"", ""https://a0.muscache.com/im/pictures/62169830/d8cbd652_original.jpg?aki_policy=large"", ""https://a0.muscache.com/im/pictures/7af76cc0-7a1e-49ce-b1f3-430954067e19.jpg?aki_policy=large"", ""https://a0.muscache.com/im/pictures/50252552/e12516fa_original.jpg?aki_policy=large"", ""https://a0.muscache.com/im/pictures/15dc42a8-fc4a-4d63-a149-1e81df4b08b6.jpg?aki_policy=large"", ""https://a0.muscache.com/im/pictures/50252603/be33bf6d_original.jpg?aki_policy=large"", ""https://a0.muscache.com/im/pictures/50252624/bbcd8017_original.jpg?aki_policy=large"", ""https://a0.muscache.com/im/pictures/50252649/119de715_original.jpg?aki_policy=large"", ""https://a0.muscache.com/im/pictures/50257327/7c64e5b0_original.jpg?aki_policy=large"", ""https://a0.muscache.com/im/pictures/50257375/232b77f0_original.jpg?aki_policy=large"", ""https://a0.muscache.com/im/pictures/10cc1d21-875e-461f-9a0a-7b9f3ee6177c.jpg?aki_policy=large"", ""https://a0.muscache.com/im/pictures/b7ff27fb-32a9-4a44-8f32-394494128c5f.jpg?aki_policy=large"", ""https://a0.muscache.com/im/pictures/d0ec0361-89ed-4a09-b848-f98ad4fc7983.jpg?aki_policy=large"", ""https://a0.muscache.com/im/pictures/50257430/248197a9_original.jpg?aki_policy=large"", ""https://a0.muscache.com/im/pictures/50257471/88d7da44_original.jpg?aki_policy=large"", ""https://a0.muscache.com/im/pictures/79ea4e46-edd0-4967-bf9d-92b802b343b2.jpg?aki_policy=large"", ""https://a0.muscache.com/im/pictures/fb3ded04-3f96-4f61-9f68-1b7acf2a8fde.jpg?aki_policy=large"", ""https://a0.muscache.com/im/pictures/f29d8a98-32b6-461b-a3c5-ea7ef8128eff.jpg?aki_policy=large"", ""https://a0.muscache.com/im/pictures/a0790a18-7bab-45db-ac35-88c457fb720a.jpg?aki_policy=large""]";"{""beds"": 3, ""bedrooms"": 2, ""bathrooms"": 1.0, ""amenity_ids"": [1, 129, 2, 3, 4, 71, 8, 72, 73, 10, 77, 21, 85, 87, 89, 90, 91, 28, 92, 93, 30, 94, 31, 95, 33, 35, 36, 40, 104, 41, 43, 44, 45, 46, 47, 57, 61], ""is_rebookable"": false, ""is_new_listing"": false, ""is_fully_refundable"": true, ""is_host_highly_rated"": false, ""is_business_travel_ready"": false}";"{""weekly_factor"": 1.0, ""monthly_factor"": 0.58}";2289;"";"{""is_superhost"": false}"
4004660;Studio Charme Coeur Sopi Paris;entire_home;Paris;Pigalle - Saint-Georges;48.880917;2.337187;2;"[""https://a0.muscache.com/im/pictures/50360294/abccebff_original.jpg?aki_policy=large"", ""https://a0.muscache.com/im/pictures/50360401/42300ad7_original.jpg?aki_policy=large"", ""https://a0.muscache.com/im/pictures/50360155/8273df5b_original.jpg?aki_policy=large"", ""https://a0.muscache.com/im/pictures/50360256/94280f55_original.jpg?aki_policy=large""]";"{""beds"": 1, ""bedrooms"": 1, ""bathrooms"": 1.0, ""amenity_ids"": [1, 3, 4, 5, 8, 72, 10, 77, 85, 89, 90, 91, 93, 30, 94, 95, 33, 34, 98, 35, 36, 39, 103, 40, 104, 41, 44, 45, 46, 47, 49, 50, 51, 52, 61], ""is_rebookable"": false, ""is_new_listing"": false, ""is_fully_refundable"": true, ""is_host_highly_rated"": true, ""is_business_travel_ready"": false}";"{""weekly_factor"": 0.9, ""monthly_factor"": 0.8}";5202;"";"{""is_superhost"": true}"
4062828;2 PIECES AU PIED DES INVALIDES;entire_home;Paris;Tour Eiffel - Champ de Mars;48.858559;2.309266;3;"[""https://a0.muscache.com/im/pictures/51074142/94fcd08b_original.jpg?aki_policy=large"", ""https://a0.muscache.com/im/pictures/51074166/93c8b529_original.jpg?aki_policy=large"", ""https://a0.muscache.com/im/pictures/51074181/556dc7c8_original.jpg?aki_policy=large"", ""https://a0.muscache.com/im/pictures/51074195/5b3ba319_original.jpg?aki_policy=large"", ""https://a0.muscache.com/im/pictures/51074208/8d7beb06_original.jpg?aki_policy=large"", ""https://a0.muscache.com/im/pictures/51074224/06fd9e9e_original.jpg?aki_policy=large"", ""https://a0.muscache.com/im/pictures/51074235/1072f9ec_original.jpg?aki_policy=large"", ""https://a0.muscache.com/im/pictures/51074256/7dbc5426_original.jpg?aki_policy=large"", ""https://a0.muscache.com/im/pictures/51074279/bb345369_original.jpg?aki_policy=large"", ""https://a0.muscache.com/im/pictures/51074293/6d724907_original.jpg?aki_policy=large"", ""https://a0.muscache.com/im/pictures/51074305/db80783d_original.jpg?aki_policy=large"", ""https://a0.muscache.com/im/pictures/51074375/a2d24845_original.jpg?aki_policy=large"", ""https://a0.muscache.com/im/pictures/51074345/e4b681a8_original.jpg?aki_policy=large"", ""https://a0.muscache.com/im/pictures/51074360/97a9a4e1_original.jpg?aki_policy=large"", ""https://a0.muscache.com/im/pictures/51074335/fcddc66e_original.jpg?aki_policy=large"", ""https://a0.muscache.com/im/pictures/51074391/928380a4_original.jpg?aki_policy=large"", ""https://a0.muscache.com/im/pictures/51074402/103cded6_original.jpg?aki_policy=large"", ""https://a0.muscache.com/im/pictures/51074417/5e865c86_original.jpg?aki_policy=large"", ""https://a0.muscache.com/im/pictures/51074432/49de29f4_original.jpg?aki_policy=large"", ""https://a0.muscache.com/im/pictures/51074446/61f4518a_original.jpg?aki_policy=large"", ""https://a0.muscache.com/im/pictures/51074460/354ff28e_original.jpg?aki_policy=large"", ""https://a0.muscache.com/im/pictures/51074479/61fed252_original.jpg?aki_policy=large"", ""https://a0.muscache.com/im/pictures/51074497/d283de0a_original.jpg?aki_policy=large"", ""https://a0.muscache.com/im/pictures/51074517/986b1349_original.jpg?aki_policy=large"", ""https://a0.muscache.com/im/pictures/51074533/c01963de_original.jpg?aki_policy=large"", ""https://a0.muscache.com/im/pictures/51074547/b7cf5add_original.jpg?aki_policy=large"", ""https://a0.muscache.com/im/pictures/51074565/a1fb3624_original.jpg?aki_policy=large"", ""https://a0.muscache.com/im/pictures/51074579/6b2d0716_original.jpg?aki_policy=large"", ""https://a0.muscache.com/im/pictures/51074601/ba912430_original.jpg?aki_policy=large""]";"{""beds"": 1, ""bedrooms"": 1, ""bathrooms"": 1.0, ""amenity_ids"": [1, 33, 2, 34, 3, 35, 4, 36, 8, 40, 41, 44, 45, 77, 46, 47, 51, 21, 55, 28, 30, 31], ""is_rebookable"": false, ""is_new_listing"": false, ""is_fully_refundable"": true, ""is_host_highly_rated"": true, ""is_business_travel_ready"": false}";"{""weekly_factor"": 1.0, ""monthly_factor"": 0.55}";6274;"";"{""is_superhost"": false}"
4065107;St. Germain luxury 2 bed 2 bath;entire_home;Paris;"";48.8491399705;2.33986334542;4;"[""https://a0.muscache.com/im/pictures/44903b94-7678-4634-89dd-0a85b960ce04.jpg?aki_policy=large"", ""https://a0.muscache.com/im/pictures/9bef2b9e-f31c-47b0-be28-88fab1cfc5c9.jpg?aki_policy=large"", ""https://a0.muscache.com/im/pictures/f7da0a8f-ca41-4103-a255-6d1fdaa3aabe.jpg?aki_policy=large"", ""https://a0.muscache.com/im/pictures/8a6b80fa-3e36-4ba9-ac98-2efc92c9f8a8.jpg?aki_policy=large"", ""https://a0.muscache.com/im/pictures/9e4237f3-6d93-4b4e-bcaa-47b70edce234.jpg?aki_policy=large"", ""https://a0.muscache.com/im/pictures/7cc8ff0a-47b8-4358-befb-3bd7f3369a25.jpg?aki_policy=large"", ""https://a0.muscache.com/im/pictures/f5641db8-9cf3-45ac-9d72-f2e49f3186e7.jpg?aki_policy=large"", ""https://a0.muscache.com/im/pictures/d66c88d5-5836-4b82-9909-30d75e12fb40.jpg?aki_policy=large"", ""https://a0.muscache.com/im/pictures/ca0ee2d6-1a46-49d2-a1f8-1e53e4dab8b4.jpg?aki_policy=large"", ""https://a0.muscache.com/im/pictures/97375a87-8b30-4980-af2e-4902a86a9ec3.jpg?aki_policy=large"", ""https://a0.muscache.com/im/pictures/01bfd530-bfea-4677-a938-52e9d86a6b97.jpg?aki_policy=large"", ""https://a0.muscache.com/im/pictures/12393238-ddee-4203-93aa-011f05717a9d.jpg?aki_policy=large"", ""https://a0.muscache.com/im/pictures/0749b8f4-b8fe-4df9-93eb-88ec90e420cc.jpg?aki_policy=large"", ""https://a0.muscache.com/im/pictures/73fc78f3-62a5-466d-9eef-846590bb3287.jpg?aki_policy=large"", ""https://a0.muscache.com/im/pictures/9070a401-ebb7-4830-9d49-a6a9d4b6a2a1.jpg?aki_policy=large"", ""https://a0.muscache.com/im/pictures/042e793f-dae2-43fd-879c-6e87d2a4fd57.jpg?aki_policy=large""]";"{""beds"": 2, ""bedrooms"": 2, ""bathrooms"": 2.0, ""amenity_ids"": [1, 33, 34, 3, 35, 131, 4, 8, 40, 41, 44, 45, 77, 46, 47, 21, 30, 31], ""is_rebookable"": false, ""is_new_listing"": false, ""is_fully_refundable"": true, ""is_host_highly_rated"": true, ""is_business_travel_ready"": false}";"{""weekly_factor"": 1.0, ""monthly_factor"": 1.0}";919;"";"{""is_superhost"": false}"
4103192;StudioLéo au coeur de Paris;entire_home;Paris;Châtelet - Les Halles - Beaubourg;48.8670883663;2.3460268403;2;"[""https://a0.muscache.com/im/pictures/297ae0fd-8d2d-433d-bc60-20c6e7d540fc.jpg?aki_policy=large"", ""https://a0.muscache.com/im/pictures/e7450ec3-0523-4441-97e6-835e87782f6c.jpg?aki_policy=large"", ""https://a0.muscache.com/im/pictures/ab1e81e1-728c-4f0c-9b67-468a51cd5911.jpg?aki_policy=large"", ""https://a0.muscache.com/im/pictures/51580753/f0ac1936_original.jpg?aki_policy=large"", ""https://a0.muscache.com/im/pictures/9ee645a0-e973-4129-b0ef-e2a63e81f59c.jpg?aki_policy=large"", ""https://a0.muscache.com/im/pictures/76296807/0cc10a3c_original.jpg?aki_policy=large"", ""https://a0.muscache.com/im/pictures/ecb89792-cf5f-43a8-9a44-688486b20dcd.jpg?aki_policy=large"", ""https://a0.muscache.com/im/pictures/62921500/0669296e_original.jpg?aki_policy=large"", ""https://a0.muscache.com/im/pictures/90f89eca-50de-46e6-9b94-6b13d6111cf3.jpg?aki_policy=large"", ""https://a0.muscache.com/im/pictures/de2063bc-7667-46c7-892c-eabe075f11bf.jpg?aki_policy=large""]";"{""beds"": 1, ""bedrooms"": 0, ""bathrooms"": 1.0, ""amenity_ids"": [1, 2, 3, 4, 8, 10, 12, 77, 85, 89, 90, 91, 28, 92, 30, 31, 95, 96, 33, 34, 35, 100, 40, 104, 43, 44, 45, 46, 50, 51, 54], ""is_rebookable"": false, ""is_new_listing"": false, ""is_fully_refundable"": true, ""is_host_highly_rated"": true, ""is_business_travel_ready"": false}";"{""weekly_factor"": 0.95, ""monthly_factor"": 0.78}";1244;"";"{""is_superhost"": true}"
4148138;Charmant 2 pièces au coeur du 11e;entire_home;Paris;"";48.8640584291;2.3740673825;2;"[""https://a0.muscache.com/im/pictures/52145534/c2c16472_original.jpg?aki_policy=large"", ""https://a0.muscache.com/im/pictures/52145649/a5c20833_original.jpg?aki_policy=large"", ""https://a0.muscache.com/im/pictures/52145974/32f1be58_original.jpg?aki_policy=large"", ""https://a0.muscache.com/im/pictures/52145741/306dacf7_original.jpg?aki_policy=large"", ""https://a0.muscache.com/im/pictures/52145863/5f5b748e_original.jpg?aki_policy=large"", ""https://a0.muscache.com/im/pictures/52145428/744b31f1_original.jpg?aki_policy=large"", ""https://a0.muscache.com/im/pictures/52145293/c90cff66_original.jpg?aki_policy=large"", ""https://a0.muscache.com/im/pictures/52144806/dd33037f_original.jpg?aki_policy=large"", ""https://a0.muscache.com/im/pictures/52144894/bf3d2f22_original.jpg?aki_policy=large"", ""https://a0.muscache.com/im/pictures/52144994/ed234b48_original.jpg?aki_policy=large"", ""https://a0.muscache.com/im/pictures/52145140/2eb95be1_original.jpg?aki_policy=large"", ""https://a0.muscache.com/im/pictures/52144708/d517082f_original.jpg?aki_policy=large"", ""https://a0.muscache.com/im/pictures/52144576/56e1a113_original.jpg?aki_policy=large""]";"{""beds"": 1, ""bedrooms"": 1, ""bathrooms"": 1.0, ""amenity_ids"": [33, 3, 4, 8, 40, 41, 44, 30, 46, 47], ""is_rebookable"": false, ""is_new_listing"": false, ""is_fully_refundable"": true, ""is_host_highly_rated"": false, ""is_business_travel_ready"": false}";"{""weekly_factor"": 1.0, ""monthly_factor"": 1.0}";2070;"";"{""is_superhost"": false}"
4178899;Appartement d'artistes - Marais;entire_home;Paris;République;48.8652258725;2.36528849822;4;"[""https://a0.muscache.com/im/pictures/53390756/43995244_original.jpg?aki_policy=large"", ""https://a0.muscache.com/im/pictures/53390826/f2d2b7dc_original.jpg?aki_policy=large"", ""https://a0.muscache.com/im/pictures/53390846/3f8fa7f5_original.jpg?aki_policy=large"", ""https://a0.muscache.com/im/pictures/53390871/8e6fa371_original.jpg?aki_policy=large"", ""https://a0.muscache.com/im/pictures/53390903/615b47b5_original.jpg?aki_policy=large"", ""https://a0.muscache.com/im/pictures/53393591/f4e12441_original.jpg?aki_policy=large"", ""https://a0.muscache.com/im/pictures/53391001/41656c8c_original.jpg?aki_policy=large"", ""https://a0.muscache.com/im/pictures/53391050/902a07e8_original.jpg?aki_policy=large"", ""https://a0.muscache.com/im/pictures/53391104/41fd70ee_original.jpg?aki_policy=large"", ""https://a0.muscache.com/im/pictures/53391160/5beb5748_original.jpg?aki_policy=large"", ""https://a0.muscache.com/im/pictures/53393545/893979f9_original.jpg?aki_policy=large""]";"{""beds"": 4, ""bedrooms"": 2, ""bathrooms"": 1.0, ""amenity_ids"": [33, 129, 34, 66, 35, 67, 4, 36, 38, 8, 40, 41, 74, 43, 44, 45, 77, 46, 47, 59, 28, 30, 31], ""is_rebookable"": false, ""is_new_listing"": false, ""is_fully_refundable"": true, ""is_host_highly_rated"": true, ""is_business_travel_ready"": false}";"{""weekly_factor"": 0.9, ""monthly_factor"": 0.64}";2050;"";"{""is_superhost"": false}"
4189232;Studio en plein coeur de Paris!;entire_home;Paris;Invalides - Ecole Militaire;48.8553826071;2.32360277186;2;"[""https://a0.muscache.com/im/pictures/72353535/f17be343_original.jpg?aki_policy=large"", ""https://a0.muscache.com/im/pictures/72353563/c838a6f0_original.jpg?aki_policy=large"", ""https://a0.muscache.com/im/pictures/72356500/840c518a_original.jpg?aki_policy=large"", ""https://a0.muscache.com/im/pictures/72353632/7e98ba65_original.jpg?aki_policy=large"", ""https://a0.muscache.com/im/pictures/72356608/fe0ddbbe_original.jpg?aki_policy=large""]";"{""beds"": 1, ""bedrooms"": 1, ""bathrooms"": 1.0, ""amenity_ids"": [1, 2, 4, 8, 10, 77, 89, 90, 91, 93, 30, 94, 95, 96, 33, 35, 103, 40, 104, 41, 44, 45, 46, 47, 51, 54], ""is_rebookable"": false, ""is_new_listing"": false, ""is_fully_refundable"": true, ""is_host_highly_rated"": false, ""is_business_travel_ready"": false}";"{""weekly_factor"": 1.0, ""monthly_factor"": 1.0}";7329;"";"{""is_superhost"": false}"
4276215;Très beau studio vue degagée;entire_home;Paris;Père Lachaise - Ménilmontant;48.8657537857;2.40052887588;2;"[""https://a0.muscache.com/im/pictures/53923534/fd37f5ba_original.jpg?aki_policy=large"", ""https://a0.muscache.com/im/pictures/53928675/2773a591_original.jpg?aki_policy=large"", ""https://a0.muscache.com/im/pictures/53928659/0b5ccaa8_original.jpg?aki_policy=large"", ""https://a0.muscache.com/im/pictures/53923571/9600ac95_original.jpg?aki_policy=large"", ""https://a0.muscache.com/im/pictures/53923773/fb04376c_original.jpg?aki_policy=large"", ""https://a0.muscache.com/im/pictures/53923645/9d5562e9_original.jpg?aki_policy=large"", ""https://a0.muscache.com/im/pictures/53924144/3b6c7d95_original.jpg?aki_policy=large"", ""https://a0.muscache.com/im/pictures/54032112/48592e94_original.jpg?aki_policy=large"", ""https://a0.muscache.com/im/pictures/54031855/960bfc29_original.jpg?aki_policy=large"", ""https://a0.muscache.com/im/pictures/53750933/60d46079_original.jpg?aki_policy=large"", ""https://a0.muscache.com/im/pictures/53904712/32c7b143_original.jpg?aki_policy=large"", ""https://a0.muscache.com/im/pictures/54203782/c5646ab6_original.jpg?aki_policy=large"", ""https://a0.muscache.com/im/pictures/54203751/31dd45be_original.jpg?aki_policy=large"", ""https://a0.muscache.com/im/pictures/54203830/03c40ec4_original.jpg?aki_policy=large"", ""https://a0.muscache.com/im/pictures/54204060/16b31b21_original.jpg?aki_policy=large""]";"{""beds"": 1, ""bedrooms"": 0, ""bathrooms"": 1.0, ""amenity_ids"": [1, 33, 49, 50, 4, 21, 8, 40, 41, 30], ""is_rebookable"": false, ""is_new_listing"": false, ""is_fully_refundable"": true, ""is_host_highly_rated"": true, ""is_business_travel_ready"": false}";"{""weekly_factor"": 0.9, ""monthly_factor"": 0.5}";5685;"";"{""is_superhost"": false}"
4308679;2 PIECES 40 M2 CHAMPS DE MARS TOUR EIFFEL;entire_home;Paris;Tour Eiffel - Champ de Mars;48.8532222878;2.29590853037;4;"[""https://a0.muscache.com/im/pictures/81019490/94ee17cc_original.jpg?aki_policy=large"", ""https://a0.muscache.com/im/pictures/81019525/a915f825_original.jpg?aki_policy=large"", ""https://a0.muscache.com/im/pictures/81019574/e5e9ca5c_original.jpg?aki_policy=large"", ""https://a0.muscache.com/im/pictures/81019617/ff63633e_original.jpg?aki_policy=large"", ""https://a0.muscache.com/im/pictures/54594116/51153487_original.jpg?aki_policy=large"", ""https://a0.muscache.com/im/pictures/54594229/369ccd77_original.jpg?aki_policy=large"", ""https://a0.muscache.com/im/pictures/54594041/c8048e5c_original.jpg?aki_policy=large"", ""https://a0.muscache.com/im/pictures/54594171/2f216252_original.jpg?aki_policy=large"", ""https://a0.muscache.com/im/pictures/54594078/4b6d0505_original.jpg?aki_policy=large"", ""https://a0.muscache.com/im/pictures/54594379/d69ac42a_original.jpg?aki_policy=large"", ""https://a0.muscache.com/im/pictures/54594339/c25fa294_original.jpg?aki_policy=large"", ""https://a0.muscache.com/im/pictures/54594303/66db1eb7_original.jpg?aki_policy=large"", ""https://a0.muscache.com/im/pictures/54594412/fe2fca85_original.jpg?aki_policy=large"", ""https://a0.muscache.com/im/pictures/54114998/d41ec876_original.jpg?aki_policy=large"", ""https://a0.muscache.com/im/pictures/54115125/f003f733_original.jpg?aki_policy=large"", ""https://a0.muscache.com/im/pictures/54594462/f14d78cb_original.jpg?aki_policy=large"", ""https://a0.muscache.com/im/pictures/54594540/0401c570_original.jpg?aki_policy=large"", ""https://a0.muscache.com/im/pictures/54115411/1e71c58e_original.jpg?aki_policy=large"", ""https://a0.muscache.com/im/pictures/54594599/96873e69_original.jpg?aki_policy=large"", ""https://a0.muscache.com/im/pictures/54115359/69848fbd_original.jpg?aki_policy=large""]";"{""beds"": 1, ""bedrooms"": 1, ""bathrooms"": 1.0, ""amenity_ids"": [1, 33, 2, 3, 35, 4, 6, 8, 40, 12, 44, 45, 46, 47, 21, 28, 30, 31], ""is_rebookable"": false, ""is_new_listing"": false, ""is_fully_refundable"": true, ""is_host_highly_rated"": true, ""is_business_travel_ready"": false}";"{""weekly_factor"": 1.0, ""monthly_factor"": 0.69}";3179;"";"{""is_superhost"": false}"
4357799;Coeur de Paris, Louvre, Beaubourg;entire_home;Paris;Châtelet - Les Halles - Beaubourg;48.8618421013;2.34501348512;4;"[""https://a0.muscache.com/im/pictures/54796769/884a4e2c_original.jpg?aki_policy=large"", ""https://a0.muscache.com/im/pictures/54796822/154b5ebb_original.jpg?aki_policy=large"", ""https://a0.muscache.com/im/pictures/54796841/02f51b62_original.jpg?aki_policy=large"", ""https://a0.muscache.com/im/pictures/54796890/f9462b07_original.jpg?aki_policy=large"", ""https://a0.muscache.com/im/pictures/54826182/bfe3a13d_original.jpg?aki_policy=large"", ""https://a0.muscache.com/im/pictures/54826226/7af4db05_original.jpg?aki_policy=large""]";"{""beds"": 2, ""bedrooms"": 1, ""bathrooms"": 1.0, ""amenity_ids"": [1, 33, 3, 35, 4, 36, 21, 8, 40, 28, 30], ""is_rebookable"": false, ""is_new_listing"": false, ""is_fully_refundable"": true, ""is_host_highly_rated"": false, ""is_business_travel_ready"": false}";"{""weekly_factor"": 1.0, ""monthly_factor"": 0.87}";3280;"";"{""is_superhost"": false}"
4369546;4 pièces familial lumineux & design;entire_home;Paris;Gare du Nord - Gare de I'Est;48.8763835242;2.34830204181;6;"[""https://a0.muscache.com/im/pictures/89421916/6d3859c4_original.jpg?aki_policy=large"", ""https://a0.muscache.com/im/pictures/56099768/d42b7747_original.jpg?aki_policy=large"", ""https://a0.muscache.com/im/pictures/57565804/d782e294_original.jpg?aki_policy=large"", ""https://a0.muscache.com/im/pictures/56399390/fb7364cd_original.jpg?aki_policy=large"", ""https://a0.muscache.com/im/pictures/56400200/00636133_original.jpg?aki_policy=large"", ""https://a0.muscache.com/im/pictures/56400167/2ae95c55_original.jpg?aki_policy=large"", ""https://a0.muscache.com/im/pictures/56215970/37d381cb_original.jpg?aki_policy=large"", ""https://a0.muscache.com/im/pictures/8e344a9b-67c7-4ad7-bb74-eecf160cd673.jpg?aki_policy=large"", ""https://a0.muscache.com/im/pictures/56399958/8e5bd12c_original.jpg?aki_policy=large"", ""https://a0.muscache.com/im/pictures/56400037/b25011ad_original.jpg?aki_policy=large"", ""https://a0.muscache.com/im/pictures/56400121/48779dc6_original.jpg?aki_policy=large"", ""https://a0.muscache.com/im/pictures/57565819/c403f332_original.jpg?aki_policy=large"", ""https://a0.muscache.com/im/pictures/89422647/aa241043_original.jpg?aki_policy=large"", ""https://a0.muscache.com/im/pictures/56400540/43f90f97_original.jpg?aki_policy=large"", ""https://a0.muscache.com/im/pictures/56400370/8aa8d845_original.jpg?aki_policy=large"", ""https://a0.muscache.com/im/pictures/89422431/95b46d8e_original.jpg?aki_policy=large"", ""https://a0.muscache.com/im/pictures/89422814/16e3fced_original.jpg?aki_policy=large"", ""https://a0.muscache.com/im/pictures/57565758/61a617ce_original.jpg?aki_policy=large"", ""https://a0.muscache.com/im/pictures/57565790/0580f470_original.jpg?aki_policy=large"", ""https://a0.muscache.com/im/pictures/57565773/cf754456_original.jpg?aki_policy=large"", ""https://a0.muscache.com/im/pictures/56099791/b73d3f68_original.jpg?aki_policy=large"", ""https://a0.muscache.com/im/pictures/56099812/99a026b2_original.jpg?aki_policy=large"", ""https://a0.muscache.com/im/pictures/56099908/77ce40c4_original.jpg?aki_policy=large"", ""https://a0.muscache.com/im/pictures/56099885/3868cdf9_original.jpg?aki_policy=large"", ""https://a0.muscache.com/im/pictures/56099931/0e23c435_original.jpg?aki_policy=large"", ""https://a0.muscache.com/im/pictures/56099943/d24e605a_original.jpg?aki_policy=large"", ""https://a0.muscache.com/im/pictures/56399575/85cf78f6_original.jpg?aki_policy=large"", ""https://a0.muscache.com/im/pictures/56400232/3180fd03_original.jpg?aki_policy=large"", ""https://a0.muscache.com/im/pictures/56400294/7890ae9b_original.jpg?aki_policy=large"", ""https://a0.muscache.com/im/pictures/56400330/b67ff159_original.jpg?aki_policy=large""]";"{""beds"": 3, ""bedrooms"": 3, ""bathrooms"": 1.0, ""amenity_ids"": [64, 1, 65, 2, 66, 3, 67, 4, 8, 72, 73, 10, 74, 77, 16, 21, 30, 31, 33, 34, 35, 36, 37, 38, 39, 40, 41, 43, 44, 45, 46, 47, 51, 54, 61], ""is_rebookable"": false, ""is_new_listing"": false, ""is_fully_refundable"": true, ""is_host_highly_rated"": true, ""is_business_travel_ready"": false}";"{""weekly_factor"": 0.75, ""monthly_factor"": 0.54}";7020;"";"{""is_superhost"": false}"
4406315;Appartement haussmannien Bastille;entire_home;Paris;Bastille;48.8493016709;2.3755962033;4;"[""https://a0.muscache.com/im/pictures/55453144/f9fee353_original.jpg?aki_policy=large"", ""https://a0.muscache.com/im/pictures/55344629/3f69a606_original.jpg?aki_policy=large"", ""https://a0.muscache.com/im/pictures/55453198/ed541d1c_original.jpg?aki_policy=large"", ""https://a0.muscache.com/im/pictures/55453145/96394cdb_original.jpg?aki_policy=large"", ""https://a0.muscache.com/im/pictures/55453149/b3ff6511_original.jpg?aki_policy=large"", ""https://a0.muscache.com/im/pictures/55453152/e701f8f4_original.jpg?aki_policy=large"", ""https://a0.muscache.com/im/pictures/55453153/fde9fee6_original.jpg?aki_policy=large"", ""https://a0.muscache.com/im/pictures/55453126/341fb1a3_original.jpg?aki_policy=large"", ""https://a0.muscache.com/im/pictures/55453133/9279bf6d_original.jpg?aki_policy=large"", ""https://a0.muscache.com/im/pictures/55453158/95418468_original.jpg?aki_policy=large"", ""https://a0.muscache.com/im/pictures/55453163/b9a1a4fb_original.jpg?aki_policy=large"", ""https://a0.muscache.com/im/pictures/bd4c8c29-a161-46da-bacc-506b7f90ac69.jpg?aki_policy=large"", ""https://a0.muscache.com/im/pictures/8b04b75c-f7bb-49de-836b-1ea5b31ce52f.jpg?aki_policy=large"", ""https://a0.muscache.com/im/pictures/55453185/a91eda84_original.jpg?aki_policy=large"", ""https://a0.muscache.com/im/pictures/55453191/ecd2df70_original.jpg?aki_policy=large"", ""https://a0.muscache.com/im/pictures/55453175/27dcac59_original.jpg?aki_policy=large"", ""https://a0.muscache.com/im/pictures/55453170/474043c4_original.jpg?aki_policy=large"", ""https://a0.muscache.com/im/pictures/55453179/63efba28_original.jpg?aki_policy=large"", ""https://a0.muscache.com/im/pictures/55453181/047b1ec8_original.jpg?aki_policy=large"", ""https://a0.muscache.com/im/pictures/55453213/8dc7c481_original.jpg?aki_policy=large"", ""https://a0.muscache.com/im/pictures/55453215/f190827c_original.jpg?aki_policy=large""]";"{""beds"": 3, ""bedrooms"": 2, ""bathrooms"": 1.0, ""amenity_ids"": [1, 131, 4, 8, 10, 77, 21, 85, 89, 90, 91, 92, 93, 30, 94, 31, 95, 96, 35, 40, 41, 44, 45, 46, 47], ""is_rebookable"": false, ""is_new_listing"": false, ""is_fully_refundable"": true, ""is_host_highly_rated"": true, ""is_business_travel_ready"": false}";"{""weekly_factor"": 0.9, ""monthly_factor"": 1.0}";3543;"";"{""is_superhost"": true}"
4421071;SUPERB 1BR IN ST GERMAIN - MABILLON - 60;entire_home;Paris;Saint Germain des Prés - Odéon;48.8510502381;2.33589513951;4;"[""https://a0.muscache.com/im/pictures/55542370/ada07b72_original.jpg?aki_policy=large"", ""https://a0.muscache.com/im/pictures/55542391/df4613d2_original.jpg?aki_policy=large"", ""https://a0.muscache.com/im/pictures/55542406/e8faed30_original.jpg?aki_policy=large"", ""https://a0.muscache.com/im/pictures/55542420/771fd2db_original.jpg?aki_policy=large"", ""https://a0.muscache.com/im/pictures/55542435/a6fd46ef_original.jpg?aki_policy=large"", ""https://a0.muscache.com/im/pictures/55542449/f9f9a1a7_original.jpg?aki_policy=large"", ""https://a0.muscache.com/im/pictures/55542464/24c7e274_original.jpg?aki_policy=large"", ""https://a0.muscache.com/im/pictures/55542474/20bb55d4_original.jpg?aki_policy=large"", ""https://a0.muscache.com/im/pictures/55542491/c48993b8_original.jpg?aki_policy=large"", ""https://a0.muscache.com/im/pictures/55542501/3ee283eb_original.jpg?aki_policy=large"", ""https://a0.muscache.com/im/pictures/55542516/dfac49e9_original.jpg?aki_policy=large"", ""https://a0.muscache.com/im/pictures/55542528/5a1b77b3_original.jpg?aki_policy=large"", ""https://a0.muscache.com/im/pictures/55542535/21e792cc_original.jpg?aki_policy=large"", ""https://a0.muscache.com/im/pictures/55542554/60750015_original.jpg?aki_policy=large"", ""https://a0.muscache.com/im/pictures/55542565/e88c0fe1_original.jpg?aki_policy=large"", ""https://a0.muscache.com/im/pictures/55542582/afd569dd_original.jpg?aki_policy=large"", ""https://a0.muscache.com/im/pictures/55534923/765506a3_original.jpg?aki_policy=large"", ""https://a0.muscache.com/im/pictures/55534941/eaf5845d_original.jpg?aki_policy=large"", ""https://a0.muscache.com/im/pictures/55534977/704fb03f_original.jpg?aki_policy=large"", ""https://a0.muscache.com/im/pictures/55534952/367f1f4a_original.jpg?aki_policy=large"", ""https://a0.muscache.com/im/pictures/55534962/0f8d3fe3_original.jpg?aki_policy=large""]";"{""beds"": 2, ""bedrooms"": 1, ""bathrooms"": 1.5, ""amenity_ids"": [1, 129, 2, 3, 4, 8, 77, 85, 90, 91, 28, 92, 93, 30, 31, 95, 96, 33, 35, 36, 38, 40, 41, 43, 44, 45, 46, 47], ""is_rebookable"": false, ""is_new_listing"": false, ""is_fully_refundable"": true, ""is_host_highly_rated"": true, ""is_business_travel_ready"": false}";"{""weekly_factor"": 0.97, ""monthly_factor"": 0.9}";1158;"";"{""is_superhost"": false}"
4422043;New Studio Opéra Madeleine Paris;entire_home;Paris;Opéra - Grands Boulevards;48.8731714916;2.32815437244;2;"[""https://a0.muscache.com/im/pictures/9fcdcfa6-4110-4b28-bae9-380fa9534cca.jpg?aki_policy=large"", ""https://a0.muscache.com/im/pictures/c70407c2-76b1-4471-9113-ab6ec860a646.jpg?aki_policy=large"", ""https://a0.muscache.com/im/pictures/06b79ef1-c5dd-42cf-aa45-1deb7e0a0b29.jpg?aki_policy=large"", ""https://a0.muscache.com/im/pictures/8163d9e1-89af-4f57-a6c9-5ebdbc1f24e2.jpg?aki_policy=large"", ""https://a0.muscache.com/im/pictures/ad4637ed-d1fb-46fc-99b5-967cf17db983.jpg?aki_policy=large"", ""https://a0.muscache.com/im/pictures/a6773017-dbda-4f3f-9e4c-14af0ea781a5.jpg?aki_policy=large"", ""https://a0.muscache.com/im/pictures/144e99d2-3f53-4e7e-8259-772f40ea7029.jpg?aki_policy=large"", ""https://a0.muscache.com/im/pictures/743bf067-ce04-4bc7-a0bc-d1071ae4bb09.jpg?aki_policy=large"", ""https://a0.muscache.com/im/pictures/c6211c4e-e4b8-4b5f-87b8-550cc2b7b48a.jpg?aki_policy=large"", ""https://a0.muscache.com/im/pictures/a997d88f-021c-4ad2-ba72-ea7857d06255.jpg?aki_policy=large"", ""https://a0.muscache.com/im/pictures/dff86ca5-0a1f-4076-b32e-245f76cea725.jpg?aki_policy=large"", ""https://a0.muscache.com/im/pictures/a23b9586-5b29-41a6-b50a-65e0918af3f0.jpg?aki_policy=large"", ""https://a0.muscache.com/im/pictures/d8eb1c58-9d87-419f-b9f9-83685091681a.jpg?aki_policy=large"", ""https://a0.muscache.com/im/pictures/008aa1b7-fddb-4891-9d43-46d6f2909041.jpg?aki_policy=large"", ""https://a0.muscache.com/im/pictures/d0a96880-8b66-4512-b5af-19726c4043fc.jpg?aki_policy=large"", ""https://a0.muscache.com/im/pictures/d8f59241-819c-4af8-bba4-860d828ef1c3.jpg?aki_policy=large"", ""https://a0.muscache.com/im/pictures/75abe585-9480-4328-9027-04822043c65d.jpg?aki_policy=large"", ""https://a0.muscache.com/im/pictures/55548393/adf44b91_original.jpg?aki_policy=large"", ""https://a0.muscache.com/im/pictures/55548439/27823c7a_original.jpg?aki_policy=large""]";"{""beds"": 1, ""bedrooms"": 1, ""bathrooms"": 1.0, ""amenity_ids"": [35, 4, 8, 40, 104, 10, 43, 44, 45, 77, 14, 47, 51, 55, 28, 30], ""is_rebookable"": false, ""is_new_listing"": false, ""is_fully_refundable"": true, ""is_host_highly_rated"": true, ""is_business_travel_ready"": false}";"{""weekly_factor"": 0.88, ""monthly_factor"": 0.7}";6222;"";"{""is_superhost"": false}"
4432916;studio péniche  face tour eiffel;entire_home;Paris;Tour Eiffel - Champ de Mars;48.8579252252;2.2886835559;2;"[""https://a0.muscache.com/im/pictures/55721221/edd3d7e3_original.jpg?aki_policy=large"", ""https://a0.muscache.com/im/pictures/73599938/efddb5f4_original.jpg?aki_policy=large"", ""https://a0.muscache.com/im/pictures/55721699/72fb7cbe_original.jpg?aki_policy=large"", ""https://a0.muscache.com/im/pictures/59074819/800275c7_original.jpg?aki_policy=large"", ""https://a0.muscache.com/im/pictures/59074881/3385a457_original.jpg?aki_policy=large"", ""https://a0.muscache.com/im/pictures/59074949/16595de2_original.jpg?aki_policy=large"", ""https://a0.muscache.com/im/pictures/59075024/91038af2_original.jpg?aki_policy=large"", ""https://a0.muscache.com/im/pictures/59075090/6690533f_original.jpg?aki_policy=large"", ""https://a0.muscache.com/im/pictures/59075172/abb2fabf_original.jpg?aki_policy=large"", ""https://a0.muscache.com/im/pictures/59075235/10ee4fb7_original.jpg?aki_policy=large"", ""https://a0.muscache.com/im/pictures/59075290/d6a059c8_original.jpg?aki_policy=large"", ""https://a0.muscache.com/im/pictures/59075361/71567aa4_original.jpg?aki_policy=large"", ""https://a0.muscache.com/im/pictures/59075450/e407fa4f_original.jpg?aki_policy=large"", ""https://a0.muscache.com/im/pictures/59075477/a63573a8_original.jpg?aki_policy=large"", ""https://a0.muscache.com/im/pictures/59075531/42e3e988_original.jpg?aki_policy=large"", ""https://a0.muscache.com/im/pictures/59075560/ae0ca659_original.jpg?aki_policy=large"", ""https://a0.muscache.com/im/pictures/59075583/e65186e9_original.jpg?aki_policy=large"", ""https://a0.muscache.com/im/pictures/88983711/f1ce5eca_original.jpg?aki_policy=large"", ""https://a0.muscache.com/im/pictures/88983280/0b1db4b3_original.jpg?aki_policy=large"", ""https://a0.muscache.com/im/pictures/88983498/a09397eb_original.jpg?aki_policy=large"", ""https://a0.muscache.com/im/pictures/88983023/1a474883_original.jpg?aki_policy=large"", ""https://a0.muscache.com/im/pictures/88983869/30e45737_original.jpg?aki_policy=large"", ""https://a0.muscache.com/im/pictures/88984050/43fc7720_original.jpg?aki_policy=large"", ""https://a0.muscache.com/im/pictures/88984440/94564eae_original.jpg?aki_policy=large"", ""https://a0.muscache.com/im/pictures/93772076/d45dd005_original.jpg?aki_policy=large"", ""https://a0.muscache.com/im/pictures/93772878/2628ef62_original.jpg?aki_policy=large"", ""https://a0.muscache.com/im/pictures/2d76ba34-ea52-47ff-b851-3a86408f47ee.jpg?aki_policy=large"", ""https://a0.muscache.com/im/pictures/a3301fb1-387e-40b9-8872-daa205c0fe5c.jpg?aki_policy=large"", ""https://a0.muscache.com/im/pictures/7433a903-a73b-4135-8f1d-1be7a630609b.jpg?aki_policy=large"", ""https://a0.muscache.com/im/pictures/8a6342bc-340b-4c06-ad2b-6d561cbcd545.jpg?aki_policy=large""]";"{""beds"": 1, ""bedrooms"": 0, ""bathrooms"": 1.0, ""amenity_ids"": [1, 2, 3, 35, 4, 5, 37, 38, 39, 8, 40, 9, 41, 43, 44, 45, 46, 47, 16, 49, 50, 57, 30], ""is_rebookable"": false, ""is_new_listing"": false, ""is_fully_refundable"": true, ""is_host_highly_rated"": true, ""is_business_travel_ready"": false}";"{""weekly_factor"": 0.93, ""monthly_factor"": 0.9}";7798;"";"{""is_superhost"": true}"
4470737;Studio cœur Paris-Halles face CNAM;entire_home;Paris;Châtelet - Les Halles - Beaubourg;48.8652933836;2.35342010903;2;"[""https://a0.muscache.com/im/pictures/59337761/91849993_original.jpg?aki_policy=large"", ""https://a0.muscache.com/im/pictures/59337730/f3f78557_original.jpg?aki_policy=large"", ""https://a0.muscache.com/im/pictures/56206059/bad12693_original.jpg?aki_policy=large"", ""https://a0.muscache.com/im/pictures/56206227/c48c621a_original.jpg?aki_policy=large"", ""https://a0.muscache.com/im/pictures/59337380/d264f757_original.jpg?aki_policy=large"", ""https://a0.muscache.com/im/pictures/56206259/eec3f661_original.jpg?aki_policy=large"", ""https://a0.muscache.com/im/pictures/59337429/97db5b25_original.jpg?aki_policy=large"", ""https://a0.muscache.com/im/pictures/56206306/4265104b_original.jpg?aki_policy=large"", ""https://a0.muscache.com/im/pictures/56206546/85f3ac62_original.jpg?aki_policy=large"", ""https://a0.muscache.com/im/pictures/59337699/007d4ea4_original.jpg?aki_policy=large"", ""https://a0.muscache.com/im/pictures/56206567/2665b353_original.jpg?aki_policy=large"", ""https://a0.muscache.com/im/pictures/59337268/ccb4cec4_original.jpg?aki_policy=large"", ""https://a0.muscache.com/im/pictures/7d2637bf-4de7-4ea9-95fd-09498584533d.jpg?aki_policy=large"", ""https://a0.muscache.com/im/pictures/f4883b2d-61a6-46f6-b0f1-edbd6607fdb1.jpg?aki_policy=large"", ""https://a0.muscache.com/im/pictures/cd1d8822-5e3b-4639-85ae-93dfe3e5c82b.jpg?aki_policy=large"", ""https://a0.muscache.com/im/pictures/f9fab677-8dc4-4aca-8041-15d648f675cf.jpg?aki_policy=large"", ""https://a0.muscache.com/im/pictures/64bc35bb-39c0-427b-b5fa-a134e879ff15.jpg?aki_policy=large"", ""https://a0.muscache.com/im/pictures/eda32666-697b-4be1-8876-d25909835afc.jpg?aki_policy=large"", ""https://a0.muscache.com/im/pictures/2b9585b5-0562-46db-bf6a-b073e03e0cd3.jpg?aki_policy=large"", ""https://a0.muscache.com/im/pictures/4440af5f-efeb-4d9b-9400-db363db62b58.jpg?aki_policy=large"", ""https://a0.muscache.com/im/pictures/d4c9d67c-1b0c-4dad-abff-8d7d2080af0e.jpg?aki_policy=large""]";"{""beds"": 2, ""bedrooms"": 1, ""bathrooms"": 1.0, ""amenity_ids"": [1, 129, 3, 35, 4, 8, 40, 41, 43, 44, 77, 47, 49, 50, 28, 30], ""is_rebookable"": false, ""is_new_listing"": false, ""is_fully_refundable"": true, ""is_host_highly_rated"": false, ""is_business_travel_ready"": false}";"{""weekly_factor"": 0.8, ""monthly_factor"": 1.0}";5246;"";"{""is_superhost"": false}"
4472429;CITY STUDIO Paris 4- LE MARAIS;entire_home;Paris;Notre Dame - Ile de La Cité;48.8568157374;2.35266190581;2;"[""https://a0.muscache.com/im/pictures/71542400/0e998c64_original.jpg?aki_policy=large"", ""https://a0.muscache.com/im/pictures/71543578/04fd5de0_original.jpg?aki_policy=large"", ""https://a0.muscache.com/im/pictures/957d3f21-89a8-417c-9ab6-aec7617663ca.jpg?aki_policy=large"", ""https://a0.muscache.com/im/pictures/b3266362-3f23-43f2-a088-4dbce3ba223e.jpg?aki_policy=large"", ""https://a0.muscache.com/im/pictures/6538590c-0592-46da-a7b0-8464b26b7e37.jpg?aki_policy=large"", ""https://a0.muscache.com/im/pictures/48f72626-c520-4079-b5a1-e77f14b94375.jpg?aki_policy=large"", ""https://a0.muscache.com/im/pictures/339a7ff5-0897-4b50-b001-6328f0312f2a.jpg?aki_policy=large"", ""https://a0.muscache.com/im/pictures/71543382/cf33d87d_original.jpg?aki_policy=large"", ""https://a0.muscache.com/im/pictures/56980084/39a06827_original.jpg?aki_policy=large"", ""https://a0.muscache.com/im/pictures/71542944/e84aa34d_original.jpg?aki_policy=large"", ""https://a0.muscache.com/im/pictures/71544094/c5fc2673_original.jpg?aki_policy=large"", ""https://a0.muscache.com/im/pictures/71543935/e29e8441_original.jpg?aki_policy=large"", ""https://a0.muscache.com/im/pictures/56979376/452d700a_original.jpg?aki_policy=large"", ""https://a0.muscache.com/im/pictures/56980064/6620ca25_original.jpg?aki_policy=large"", ""https://a0.muscache.com/im/pictures/57938829/ed1b2b8d_original.jpg?aki_policy=large"", ""https://a0.muscache.com/im/pictures/832aed8c-b4c5-4ec3-ae14-7b55bfeaf1a3.jpg?aki_policy=large"", ""https://a0.muscache.com/im/pictures/71543716/82788a58_original.jpg?aki_policy=large"", ""https://a0.muscache.com/im/pictures/56979947/16d13199_original.jpg?aki_policy=large"", ""https://a0.muscache.com/im/pictures/640f523c-2f4c-4683-980c-ef8ab2aa75ce.jpg?aki_policy=large"", ""https://a0.muscache.com/im/pictures/c2716bb6-3755-4091-ade7-124d271c151d.jpg?aki_policy=large"", ""https://a0.muscache.com/im/pictures/c212f4ec-0b77-4278-923c-73c546491f2c.jpg?aki_policy=large"", ""https://a0.muscache.com/im/pictures/71543255/053fada4_original.jpg?aki_policy=large"", ""https://a0.muscache.com/im/pictures/a905aa04-6412-4abd-a7bd-0f681760020e.jpg?aki_policy=large"", ""https://a0.muscache.com/im/pictures/71544178/2bc65224_original.jpg?aki_policy=large"", ""https://a0.muscache.com/im/pictures/56771612/b5772ce9_original.jpg?aki_policy=large"", ""https://a0.muscache.com/im/pictures/56771592/23152829_original.jpg?aki_policy=large"", ""https://a0.muscache.com/im/pictures/3dac3ebe-f666-4a57-97bc-9d9e0400a3ac.jpg?aki_policy=large"", ""https://a0.muscache.com/im/pictures/99914086/105f62a2_original.jpg?aki_policy=large"", ""https://a0.muscache.com/im/pictures/99914453/7a9aee61_original.jpg?aki_policy=large"", ""https://a0.muscache.com/im/pictures/71544273/1d8289fe_original.jpg?aki_policy=large""]";"{""beds"": 1, ""bedrooms"": 1, ""bathrooms"": 1.0, ""amenity_ids"": [1, 3, 4, 8, 10, 77, 90, 91, 93, 30, 94, 31, 35, 36, 37, 38, 40, 104, 44, 45, 46, 47, 50, 51, 54, 57], ""is_rebookable"": false, ""is_new_listing"": false, ""is_fully_refundable"": true, ""is_host_highly_rated"": false, ""is_business_travel_ready"": false}";"{""weekly_factor"": 0.91, ""monthly_factor"": 0.86}";1015;"";"{""is_superhost"": false}"
4543265;CHARMING PARIS 6° ST GERMAIN PRÈS RUE DE VERNEUIL;entire_home;Paris;"";48.85743;2.331321;2;"[""https://a0.muscache.com/im/pictures/255a908a-8364-4f03-b33c-9a419574ce91.jpg?aki_policy=large"", ""https://a0.muscache.com/im/pictures/57056136/290c41d7_original.jpg?aki_policy=large"", ""https://a0.muscache.com/im/pictures/103257854/69756fe2_original.jpg?aki_policy=large"", ""https://a0.muscache.com/im/pictures/57056595/f63aed2a_original.jpg?aki_policy=large"", ""https://a0.muscache.com/im/pictures/57056388/6d2343f1_original.jpg?aki_policy=large"", ""https://a0.muscache.com/im/pictures/57056420/08c8311c_original.jpg?aki_policy=large"", ""https://a0.muscache.com/im/pictures/57056364/b4ec8cc5_original.jpg?aki_policy=large"", ""https://a0.muscache.com/im/pictures/103257863/ffd7c353_original.jpg?aki_policy=large"", ""https://a0.muscache.com/im/pictures/103257872/3f129868_original.jpg?aki_policy=large"", ""https://a0.muscache.com/im/pictures/103257883/32360922_original.jpg?aki_policy=large"", ""https://a0.muscache.com/im/pictures/103257896/3f8b28cb_original.jpg?aki_policy=large"", ""https://a0.muscache.com/im/pictures/103257920/aad9ac3d_original.jpg?aki_policy=large"", ""https://a0.muscache.com/im/pictures/103257929/3e39ed21_original.jpg?aki_policy=large"", ""https://a0.muscache.com/im/pictures/103257938/f4a926f7_original.jpg?aki_policy=large"", ""https://a0.muscache.com/im/pictures/103258008/7425870f_original.jpg?aki_policy=large"", ""https://a0.muscache.com/im/pictures/103258021/ee4abb73_original.jpg?aki_policy=large"", ""https://a0.muscache.com/im/pictures/103258041/f53cb38b_original.jpg?aki_policy=large"", ""https://a0.muscache.com/im/pictures/6f099afc-e377-4aa6-aba3-db03f05b58ca.jpg?aki_policy=large"", ""https://a0.muscache.com/im/pictures/2f59452d-fb04-42c8-a15b-38c5258542d3.jpg?aki_policy=large"", ""https://a0.muscache.com/im/pictures/4c35c0a7-600e-4d64-8144-c71b32edc16c.jpg?aki_policy=large"", ""https://a0.muscache.com/im/pictures/12d9febb-62a3-4029-be18-f1d83aad500d.jpg?aki_policy=large"", ""https://a0.muscache.com/im/pictures/eb4a0e66-7a68-4122-b532-7fd7265c052b.jpg?aki_policy=large"", ""https://a0.muscache.com/im/pictures/7984a040-861c-47a9-aced-c734533bdac7.jpg?aki_policy=large"", ""https://a0.muscache.com/im/pictures/589bcfe5-eb8b-4576-a645-2a4a8c5518af.jpg?aki_policy=large"", ""https://a0.muscache.com/im/pictures/b74f5c3c-ef72-40d6-a529-05a6bba2af6f.jpg?aki_policy=large"", ""https://a0.muscache.com/im/pictures/4a4bf4c9-c224-413c-b019-727394295cd0.jpg?aki_policy=large"", ""https://a0.muscache.com/im/pictures/301269e8-f0ff-4346-a105-3d16135caa03.jpg?aki_policy=large"", ""https://a0.muscache.com/im/pictures/26f08f7d-ae04-42fe-9c80-97e9c19739d7.jpg?aki_policy=large"", ""https://a0.muscache.com/im/pictures/4bc17e70-0293-4afe-b41d-928fe499c1ea.jpg?aki_policy=large"", ""https://a0.muscache.com/im/pictures/5fca4f20-4960-4554-b0e9-12c00f67cee7.jpg?aki_policy=large""]";"{""beds"": 2, ""bedrooms"": 0, ""bathrooms"": 1.0, ""amenity_ids"": [1, 33, 129, 2, 3, 4, 8, 40, 10, 44, 45, 77, 46, 30, 31], ""is_rebookable"": false, ""is_new_listing"": false, ""is_fully_refundable"": true, ""is_host_highly_rated"": false, ""is_business_travel_ready"": false}";"{""weekly_factor"": 1.0, ""monthly_factor"": 0.7}";133;"";"{""is_superhost"": false}"
4669004;Charming Studio Center of Paris 02;entire_home;Paris;Châtelet - Les Halles - Beaubourg;48.8641220297;2.34882783625;2;"[""https://a0.muscache.com/im/pictures/59991669/06ccd8bf_original.jpg?aki_policy=large"", ""https://a0.muscache.com/im/pictures/59991783/56ce997a_original.jpg?aki_policy=large"", ""https://a0.muscache.com/im/pictures/59991871/10c1badc_original.jpg?aki_policy=large"", ""https://a0.muscache.com/im/pictures/59992089/57e2859f_original.jpg?aki_policy=large"", ""https://a0.muscache.com/im/pictures/59992283/a76337fa_original.jpg?aki_policy=large"", ""https://a0.muscache.com/im/pictures/64063266/fb628e5a_original.jpg?aki_policy=large"", ""https://a0.muscache.com/im/pictures/59992469/c23b8cc9_original.jpg?aki_policy=large"", ""https://a0.muscache.com/im/pictures/59992596/b2b3e346_original.jpg?aki_policy=large"", ""https://a0.muscache.com/im/pictures/59992695/de920280_original.jpg?aki_policy=large"", ""https://a0.muscache.com/im/pictures/59992830/a57de3c2_original.jpg?aki_policy=large"", ""https://a0.muscache.com/im/pictures/61071125/2b9fdde1_original.jpg?aki_policy=large"", ""https://a0.muscache.com/im/pictures/61071262/460c4cfc_original.jpg?aki_policy=large"", ""https://a0.muscache.com/im/pictures/61071642/889b07c1_original.jpg?aki_policy=large"", ""https://a0.muscache.com/im/pictures/64063234/2089754a_original.jpg?aki_policy=large"", ""https://a0.muscache.com/im/pictures/85512865/118709d1_original.jpg?aki_policy=large"", ""https://a0.muscache.com/im/pictures/85512944/7bfb2c56_original.jpg?aki_policy=large"", ""https://a0.muscache.com/im/pictures/85512988/db042178_original.jpg?aki_policy=large""]";"{""beds"": 1, ""bedrooms"": 0, ""bathrooms"": 1.0, ""amenity_ids"": [1, 33, 129, 2, 34, 3, 35, 4, 36, 37, 38, 8, 40, 104, 41, 43, 44, 45, 46, 47, 28, 30, 31], ""is_rebookable"": false, ""is_new_listing"": false, ""is_fully_refundable"": true, ""is_host_highly_rated"": false, ""is_business_travel_ready"": false}";"{""weekly_factor"": 0.94, ""monthly_factor"": 0.8}";4339;"";"{""is_superhost"": false}"
4716092;Very Central in Le Marais;entire_home;Paris;Le Marais;48.8645657387;2.35889141826;10;"[""https://a0.muscache.com/im/pictures/62703259/e4556f86_original.jpg?aki_policy=large"", ""https://a0.muscache.com/im/pictures/62702736/05fdf383_original.jpg?aki_policy=large"", ""https://a0.muscache.com/im/pictures/5d1cd5d6-1dfe-42e9-93b8-f11b117cdd99.jpg?aki_policy=large"", ""https://a0.muscache.com/im/pictures/561cc947-b952-4c89-9fd8-bc5ff43b5203.jpg?aki_policy=large"", ""https://a0.muscache.com/im/pictures/62702889/f7c16b2e_original.jpg?aki_policy=large"", ""https://a0.muscache.com/im/pictures/2f14867f-3ce9-4590-a156-7950923e75ee.jpg?aki_policy=large"", ""https://a0.muscache.com/im/pictures/9871a58f-695b-4a56-8c4b-bdd62394d51e.jpg?aki_policy=large"", ""https://a0.muscache.com/im/pictures/350d05dc-e0eb-4d50-b871-fa6e9098b655.jpg?aki_policy=large"", ""https://a0.muscache.com/im/pictures/f69bf101-674c-4383-8389-419696e59d11.jpg?aki_policy=large"", ""https://a0.muscache.com/im/pictures/231f0b88-fca2-43e2-be48-e55eff841ba6.jpg?aki_policy=large"", ""https://a0.muscache.com/im/pictures/b550608a-ff0f-44e4-a60f-34fbf2dcf81e.jpg?aki_policy=large"", ""https://a0.muscache.com/im/pictures/59308280/51707a1b_original.jpg?aki_policy=large"", ""https://a0.muscache.com/im/pictures/614bb9f3-c078-4d63-b749-ad14a897b7f3.jpg?aki_policy=large"", ""https://a0.muscache.com/im/pictures/62703030/02c87036_original.jpg?aki_policy=large"", ""https://a0.muscache.com/im/pictures/708054cd-e58d-4d3b-8ab2-a5c610e9f6f4.jpg?aki_policy=large"", ""https://a0.muscache.com/im/pictures/c024053b-a44c-4027-8702-1f6c52f4182f.jpg?aki_policy=large"", ""https://a0.muscache.com/im/pictures/751a52bd-e4bf-4278-a37f-49c4ab568f93.jpg?aki_policy=large"", ""https://a0.muscache.com/im/pictures/62703820/a85e80c7_original.jpg?aki_policy=large"", ""https://a0.muscache.com/im/pictures/d307ee58-e592-4b1c-8e7d-4460cee78769.jpg?aki_policy=large"", ""https://a0.muscache.com/im/pictures/18d11aa3-0690-41e6-9606-f1d037836011.jpg?aki_policy=large"", ""https://a0.muscache.com/im/pictures/b182c7f3-5f7a-471c-b917-2b7d2713c093.jpg?aki_policy=large"", ""https://a0.muscache.com/im/pictures/59308846/4d4ffecd_original.jpg?aki_policy=large"", ""https://a0.muscache.com/im/pictures/2727f35a-231c-4df7-851c-3c7e562e5a10.jpg?aki_policy=large"", ""https://a0.muscache.com/im/pictures/258855c4-bae5-4e66-bdf8-3b2f4bcf3bd7.jpg?aki_policy=large"", ""https://a0.muscache.com/im/pictures/62702437/b1b99793_original.jpg?aki_policy=large"", ""https://a0.muscache.com/im/pictures/b566fe87-b9fb-47b6-b92a-78fd071fc6cd.jpg?aki_policy=large"", ""https://a0.muscache.com/im/pictures/5426cadb-d8c6-4d24-b3c5-ec7d45ecacef.jpg?aki_policy=large"", ""https://a0.muscache.com/im/pictures/091fdeaa-c64d-45d9-b735-c74a5cc6dc82.jpg?aki_policy=large"", ""https://a0.muscache.com/im/pictures/62703451/5dc0275d_original.jpg?aki_policy=large"", ""https://a0.muscache.com/im/pictures/62702267/6821335d_original.jpg?aki_policy=large""]";"{""beds"": 5, ""bedrooms"": 3, ""bathrooms"": 2.0, ""amenity_ids"": [33, 34, 3, 35, 4, 39, 8, 40, 10, 44, 45, 77, 46, 51, 21, 54, 30, 31], ""is_rebookable"": false, ""is_new_listing"": false, ""is_fully_refundable"": true, ""is_host_highly_rated"": false, ""is_business_travel_ready"": false}";"{""weekly_factor"": 1.0, ""monthly_factor"": 1.0}";4799;"";"{""is_superhost"": false}"
4723054;Charmant 2 pièces calme et lumineux;entire_home;Paris;Buttes-Chaumont - Belleville;48.881983559;2.37442756715;4;"[""https://a0.muscache.com/im/pictures/66483717/39c2eb0f_original.jpg?aki_policy=large"", ""https://a0.muscache.com/im/pictures/66483707/49a4de41_original.jpg?aki_policy=large"", ""https://a0.muscache.com/im/pictures/66483721/4252f4df_original.jpg?aki_policy=large"", ""https://a0.muscache.com/im/pictures/66483719/5725ed41_original.jpg?aki_policy=large"", ""https://a0.muscache.com/im/pictures/66483703/cb93e5c3_original.jpg?aki_policy=large"", ""https://a0.muscache.com/im/pictures/66483683/72488e2f_original.jpg?aki_policy=large"", ""https://a0.muscache.com/im/pictures/66483708/e1ac90f6_original.jpg?aki_policy=large"", ""https://a0.muscache.com/im/pictures/66483714/a993c25d_original.jpg?aki_policy=large"", ""https://a0.muscache.com/im/pictures/66483710/7e3e7f4e_original.jpg?aki_policy=large"", ""https://a0.muscache.com/im/pictures/66483696/ac6dd261_original.jpg?aki_policy=large"", ""https://a0.muscache.com/im/pictures/66483709/321940e5_original.jpg?aki_policy=large"", ""https://a0.muscache.com/im/pictures/66483723/c3a4fd12_original.jpg?aki_policy=large"", ""https://a0.muscache.com/im/pictures/60080064/8c1cc7e1_original.jpg?aki_policy=large"", ""https://a0.muscache.com/im/pictures/60080168/a0e3766d_original.jpg?aki_policy=large"", ""https://a0.muscache.com/im/pictures/60080202/c71ebf51_original.jpg?aki_policy=large"", ""https://a0.muscache.com/im/pictures/60080217/ec3e1284_original.jpg?aki_policy=large"", ""https://a0.muscache.com/im/pictures/60080189/24f515a6_original.jpg?aki_policy=large""]";"{""beds"": 2, ""bedrooms"": 1, ""bathrooms"": 1.0, ""amenity_ids"": [33, 129, 34, 3, 35, 4, 36, 103, 8, 40, 41, 10, 43, 44, 45, 77, 46, 47, 21, 28, 30, 31], ""is_rebookable"": false, ""is_new_listing"": false, ""is_fully_refundable"": true, ""is_host_highly_rated"": true, ""is_business_travel_ready"": false}";"{""weekly_factor"": 0.82, ""monthly_factor"": 0.6}";6671;"";"{""is_superhost"": false}"
4735236;Loft - 137m2 - Paris 11ème;entire_home;Paris;République;48.8698929376;2.37806440451;6;"[""https://a0.muscache.com/im/pictures/64995712/e7be8155_original.jpg?aki_policy=large"", ""https://a0.muscache.com/im/pictures/64240887/03512932_original.jpg?aki_policy=large"", ""https://a0.muscache.com/im/pictures/62539644/6dc260b7_original.jpg?aki_policy=large"", ""https://a0.muscache.com/im/pictures/62539637/968363df_original.jpg?aki_policy=large"", ""https://a0.muscache.com/im/pictures/62539657/746d1554_original.jpg?aki_policy=large"", ""https://a0.muscache.com/im/pictures/62539621/e7184402_original.jpg?aki_policy=large"", ""https://a0.muscache.com/im/pictures/62539541/06caf90a_original.jpg?aki_policy=large"", ""https://a0.muscache.com/im/pictures/62539554/fdda06f4_original.jpg?aki_policy=large"", ""https://a0.muscache.com/im/pictures/62539568/564b8f75_original.jpg?aki_policy=large"", ""https://a0.muscache.com/im/pictures/62539576/967c0e2f_original.jpg?aki_policy=large"", ""https://a0.muscache.com/im/pictures/62539742/f1d3f44f_original.jpg?aki_policy=large"", ""https://a0.muscache.com/im/pictures/62539767/0e69fb39_original.jpg?aki_policy=large"", ""https://a0.muscache.com/im/pictures/62539811/feae5d2f_original.jpg?aki_policy=large"", ""https://a0.muscache.com/im/pictures/62539843/bdd8baad_original.jpg?aki_policy=large"", ""https://a0.muscache.com/im/pictures/62539860/afbd9c74_original.jpg?aki_policy=large"", ""https://a0.muscache.com/im/pictures/62539890/c048d3e9_original.jpg?aki_policy=large"", ""https://a0.muscache.com/im/pictures/62539681/e367e9f2_original.jpg?aki_policy=large"", ""https://a0.muscache.com/im/pictures/62539697/72e807ab_original.jpg?aki_policy=large"", ""https://a0.muscache.com/im/pictures/62539702/1d0d7241_original.jpg?aki_policy=large"", ""https://a0.muscache.com/im/pictures/62539589/2c66bd06_original.jpg?aki_policy=large"", ""https://a0.muscache.com/im/pictures/62539730/51316a8d_original.jpg?aki_policy=large"", ""https://a0.muscache.com/im/pictures/62539912/37f85578_original.jpg?aki_policy=large"", ""https://a0.muscache.com/im/pictures/62539712/a8eeac4f_original.jpg?aki_policy=large"", ""https://a0.muscache.com/im/pictures/62539926/17bcdb2a_original.jpg?aki_policy=large"", ""https://a0.muscache.com/im/pictures/62539779/143a7855_original.jpg?aki_policy=large"", ""https://a0.muscache.com/im/pictures/62539786/b3006655_original.jpg?aki_policy=large"", ""https://a0.muscache.com/im/pictures/64241070/d474b4ae_original.jpg?aki_policy=large"", ""https://a0.muscache.com/im/pictures/64241088/5c9ab826_original.jpg?aki_policy=large"", ""https://a0.muscache.com/im/pictures/64241117/3a391d8e_original.jpg?aki_policy=large""]";"{""beds"": 2, ""bedrooms"": 2, ""bathrooms"": 2.0, ""amenity_ids"": [1, 33, 129, 2, 34, 35, 4, 36, 5, 103, 8, 40, 9, 41, 44, 45, 77, 46, 47, 21, 30, 31], ""is_rebookable"": false, ""is_new_listing"": false, ""is_fully_refundable"": true, ""is_host_highly_rated"": true, ""is_business_travel_ready"": false}";"{""weekly_factor"": 1.0, ""monthly_factor"": 0.8}";7503;"";"{""is_superhost"": false}"
4766765;CHEMIN VERT 4;entire_home;Paris;Bastille;48.8582088234;2.37700970187;12;"[""https://a0.muscache.com/im/pictures/94527352/6cb31cf0_original.jpg?aki_policy=large"", ""https://a0.muscache.com/im/pictures/94528055/3ca1ee6f_original.jpg?aki_policy=large"", ""https://a0.muscache.com/im/pictures/94528193/85f2dafc_original.jpg?aki_policy=large"", ""https://a0.muscache.com/im/pictures/94527184/ac7197e5_original.jpg?aki_policy=large"", ""https://a0.muscache.com/im/pictures/94527253/7c63ddbf_original.jpg?aki_policy=large"", ""https://a0.muscache.com/im/pictures/94527443/eeb59d04_original.jpg?aki_policy=large"", ""https://a0.muscache.com/im/pictures/94527957/651745b8_original.jpg?aki_policy=large"", ""https://a0.muscache.com/im/pictures/94527566/e96c32b5_original.jpg?aki_policy=large"", ""https://a0.muscache.com/im/pictures/94527740/af3545ad_original.jpg?aki_policy=large"", ""https://a0.muscache.com/im/pictures/94527872/58e58f88_original.jpg?aki_policy=large"", ""https://a0.muscache.com/im/pictures/94528299/92a49a6a_original.jpg?aki_policy=large"", ""https://a0.muscache.com/im/pictures/94529668/3eec20c8_original.jpg?aki_policy=large"", ""https://a0.muscache.com/im/pictures/82492092/a827bbe0_original.jpg?aki_policy=large"", ""https://a0.muscache.com/im/pictures/82492113/a47a894a_original.jpg?aki_policy=large"", ""https://a0.muscache.com/im/pictures/94529737/0094e15a_original.jpg?aki_policy=large"", ""https://a0.muscache.com/im/pictures/82492102/048d0e3e_original.jpg?aki_policy=large"", ""https://a0.muscache.com/im/pictures/82492097/0cba011b_original.jpg?aki_policy=large"", ""https://a0.muscache.com/im/pictures/94528332/04036b33_original.jpg?aki_policy=large"", ""https://a0.muscache.com/im/pictures/82491909/4ff58684_original.jpg?aki_policy=large"", ""https://a0.muscache.com/im/pictures/94528374/bc3e9c96_original.jpg?aki_policy=large"", ""https://a0.muscache.com/im/pictures/94528426/12a1ba56_original.jpg?aki_policy=large"", ""https://a0.muscache.com/im/pictures/94528476/ccb8c989_original.jpg?aki_policy=large"", ""https://a0.muscache.com/im/pictures/82491902/d987afdf_original.jpg?aki_policy=large"", ""https://a0.muscache.com/im/pictures/94529260/783099bb_original.jpg?aki_policy=large"", ""https://a0.muscache.com/im/pictures/94529343/4e49d40e_original.jpg?aki_policy=large"", ""https://a0.muscache.com/im/pictures/94529424/61c4db4f_original.jpg?aki_policy=large"", ""https://a0.muscache.com/im/pictures/82491955/76c500b3_original.jpg?aki_policy=large"", ""https://a0.muscache.com/im/pictures/82491886/52767004_original.jpg?aki_policy=large"", ""https://a0.muscache.com/im/pictures/94528536/ef0fdf62_original.jpg?aki_policy=large"", ""https://a0.muscache.com/im/pictures/94528582/4d879074_original.jpg?aki_policy=large""]";"{""beds"": 9, ""bedrooms"": 4, ""bathrooms"": 2.0, ""amenity_ids"": [64, 1, 2, 3, 4, 5, 8, 72, 12, 77, 85, 89, 90, 91, 92, 93, 30, 94, 31, 95, 96, 33, 34, 35, 37, 39, 40, 44, 45, 46, 51, 54], ""is_rebookable"": false, ""is_new_listing"": false, ""is_fully_refundable"": true, ""is_host_highly_rated"": true, ""is_business_travel_ready"": false}";"{""weekly_factor"": 1.0, ""monthly_factor"": 1.0}";1938;"";"{""is_superhost"": true}"
4770900;R) /Triumph Arc/OECD/Porte Maillot;entire_home;Paris;Ternes;48.882076;2.288313;6;"[""https://a0.muscache.com/im/pictures/7cfa7255-b012-4fbb-aa71-535a5aeebf04.jpg?aki_policy=large"", ""https://a0.muscache.com/im/pictures/62068806/5d30c626_original.jpg?aki_policy=large"", ""https://a0.muscache.com/im/pictures/62068827/db8695cf_original.jpg?aki_policy=large"", ""https://a0.muscache.com/im/pictures/f0df516c-ebb4-4352-9ed6-1a420892a348.jpg?aki_policy=large"", ""https://a0.muscache.com/im/pictures/62068951/b3cdd401_original.jpg?aki_policy=large"", ""https://a0.muscache.com/im/pictures/62069064/6de7bfe6_original.jpg?aki_policy=large"", ""https://a0.muscache.com/im/pictures/62068991/616ee42e_original.jpg?aki_policy=large"", ""https://a0.muscache.com/im/pictures/62069043/7fbb6260_original.jpg?aki_policy=large"", ""https://a0.muscache.com/im/pictures/62069081/71603dbc_original.jpg?aki_policy=large"", ""https://a0.muscache.com/im/pictures/62069096/89d06978_original.jpg?aki_policy=large"", ""https://a0.muscache.com/im/pictures/62069114/6dafd130_original.jpg?aki_policy=large"", ""https://a0.muscache.com/im/pictures/62069131/c43be7b7_original.jpg?aki_policy=large"", ""https://a0.muscache.com/im/pictures/62069143/d823b89f_original.jpg?aki_policy=large"", ""https://a0.muscache.com/im/pictures/62069191/062b3b8a_original.jpg?aki_policy=large"", ""https://a0.muscache.com/im/pictures/62069216/bd52b559_original.jpg?aki_policy=large"", ""https://a0.muscache.com/im/pictures/62069237/80df3947_original.jpg?aki_policy=large"", ""https://a0.muscache.com/im/pictures/62069265/3a5b7458_original.jpg?aki_policy=large""]";"{""beds"": 1, ""bedrooms"": 1, ""bathrooms"": 1.0, ""amenity_ids"": [1, 129, 2, 3, 4, 5, 8, 10, 77, 21, 85, 86, 87, 88, 27, 28, 30, 31, 33, 34, 39, 40, 104, 44, 45, 46, 47], ""is_rebookable"": false, ""is_new_listing"": false, ""is_fully_refundable"": true, ""is_host_highly_rated"": true, ""is_business_travel_ready"": false}";"{""weekly_factor"": 1.0, ""monthly_factor"": 0.6}";3975;"";"{""is_superhost"": false}"
4798006;Vue Panoramique Paris, Tour Eiffel;entire_home;Paris;Commerce - Dupleix;48.8478928233;2.2850904276;4;"[""https://a0.muscache.com/im/pictures/87590046/4c7e07b9_original.jpg?aki_policy=large"", ""https://a0.muscache.com/im/pictures/87586033/d9fc4165_original.jpg?aki_policy=large"", ""https://a0.muscache.com/im/pictures/87585030/45edb63b_original.jpg?aki_policy=large"", ""https://a0.muscache.com/im/pictures/87612179/d9d4749c_original.jpg?aki_policy=large"", ""https://a0.muscache.com/im/pictures/87615769/1d2a1bd4_original.jpg?aki_policy=large"", ""https://a0.muscache.com/im/pictures/87614518/dce62c93_original.jpg?aki_policy=large"", ""https://a0.muscache.com/im/pictures/87613570/8676afa0_original.jpg?aki_policy=large"", ""https://a0.muscache.com/im/pictures/87611162/55a10fc5_original.jpg?aki_policy=large"", ""https://a0.muscache.com/im/pictures/87610237/a3f80130_original.jpg?aki_policy=large"", ""https://a0.muscache.com/im/pictures/87609131/4edea75c_original.jpg?aki_policy=large"", ""https://a0.muscache.com/im/pictures/87583628/80765ba3_original.jpg?aki_policy=large"", ""https://a0.muscache.com/im/pictures/87584417/047b5f42_original.jpg?aki_policy=large"", ""https://a0.muscache.com/im/pictures/87585601/ad83c1eb_original.jpg?aki_policy=large"", ""https://a0.muscache.com/im/pictures/87586709/ca40b189_original.jpg?aki_policy=large"", ""https://a0.muscache.com/im/pictures/87587551/73c2e788_original.jpg?aki_policy=large"", ""https://a0.muscache.com/im/pictures/87608077/99facc8d_original.jpg?aki_policy=large"", ""https://a0.muscache.com/im/pictures/87589185/fc4197f5_original.jpg?aki_policy=large"", ""https://a0.muscache.com/im/pictures/87590822/83a09056_original.jpg?aki_policy=large"", ""https://a0.muscache.com/im/pictures/87591712/0d079ac7_original.jpg?aki_policy=large"", ""https://a0.muscache.com/im/pictures/87592453/44f953b3_original.jpg?aki_policy=large"", ""https://a0.muscache.com/im/pictures/87588580/9c505a5a_original.jpg?aki_policy=large"", ""https://a0.muscache.com/im/pictures/86783749/f1494d08_original.jpg?aki_policy=large"", ""https://a0.muscache.com/im/pictures/86776833/08011de1_original.jpg?aki_policy=large"", ""https://a0.muscache.com/im/pictures/85564667/8f9741aa_original.jpg?aki_policy=large"", ""https://a0.muscache.com/im/pictures/85564651/f0042474_original.jpg?aki_policy=large"", ""https://a0.muscache.com/im/pictures/85564611/15c58d05_original.jpg?aki_policy=large"", ""https://a0.muscache.com/im/pictures/85564589/d9570794_original.jpg?aki_policy=large"", ""https://a0.muscache.com/im/pictures/60181863/cccfb731_original.jpg?aki_policy=large""]";"{""beds"": 2, ""bedrooms"": 2, ""bathrooms"": 2.0, ""amenity_ids"": [33, 129, 2, 66, 35, 4, 36, 38, 39, 71, 8, 40, 41, 10, 43, 44, 45, 46, 47, 21, 28, 30, 31, 287], ""is_rebookable"": false, ""is_new_listing"": false, ""is_fully_refundable"": true, ""is_host_highly_rated"": true, ""is_business_travel_ready"": false}";"{""weekly_factor"": 1.0, ""monthly_factor"": 1.0}";4069;"";"{""is_superhost"": true}"
4882717;STUDIO 4 GARE DE NORD & MONTMATRE !;entire_home;Paris;Gare du Nord - Gare de I'Est;48.8778162842;2.35318641153;2;"[""https://a0.muscache.com/im/pictures/70544797/8e1b8aae_original.jpg?aki_policy=large"", ""https://a0.muscache.com/im/pictures/70544708/f6d16cd8_original.jpg?aki_policy=large"", ""https://a0.muscache.com/im/pictures/a43c64bd-7955-40e8-97f1-a13b9993b88b.jpg?aki_policy=large"", ""https://a0.muscache.com/im/pictures/70545595/d314c238_original.jpg?aki_policy=large"", ""https://a0.muscache.com/im/pictures/57c25bee-5bc1-46fc-831a-21cec0c4a3e2.jpg?aki_policy=large"", ""https://a0.muscache.com/im/pictures/70544956/192e791a_original.jpg?aki_policy=large"", ""https://a0.muscache.com/im/pictures/70545034/1302af29_original.jpg?aki_policy=large"", ""https://a0.muscache.com/im/pictures/70545229/2b81432d_original.jpg?aki_policy=large"", ""https://a0.muscache.com/im/pictures/ace68ae9-a63f-408b-af01-3863aa1547cc.jpg?aki_policy=large"", ""https://a0.muscache.com/im/pictures/678f5234-46de-46a8-a8e9-cfb5319eaa48.jpg?aki_policy=large"", ""https://a0.muscache.com/im/pictures/aa40b540-90ef-4490-ac18-a8e267c76d25.jpg?aki_policy=large"", ""https://a0.muscache.com/im/pictures/b5d4dcf2-aeea-4afc-b8d7-6fdf43af41cf.jpg?aki_policy=large"", ""https://a0.muscache.com/im/pictures/8fdfa77c-ee94-4491-b009-752ec43accb9.jpg?aki_policy=large"", ""https://a0.muscache.com/im/pictures/3a4b7041-eea7-42ee-9cc5-4e8b03002599.jpg?aki_policy=large"", ""https://a0.muscache.com/im/pictures/3f99624b-992a-4bcd-b535-b4f30151aa93.jpg?aki_policy=large"", ""https://a0.muscache.com/im/pictures/84c947e0-75f7-4632-af0c-54ededa0f20e.jpg?aki_policy=large"", ""https://a0.muscache.com/im/pictures/6d8e9f51-129a-4427-850a-251a7258feb9.jpg?aki_policy=large"", ""https://a0.muscache.com/im/pictures/dd101cf5-0e49-47d8-9e87-60212d133c47.jpg?aki_policy=large"", ""https://a0.muscache.com/im/pictures/98110ff8-8840-4555-8620-2a2172858395.jpg?aki_policy=large"", ""https://a0.muscache.com/im/pictures/a11a642a-a658-438b-a225-63bb6c5a6f29.jpg?aki_policy=large"", ""https://a0.muscache.com/im/pictures/250d46df-0d96-4491-9cb8-fe6d4f0fe6d1.jpg?aki_policy=large"", ""https://a0.muscache.com/im/pictures/9143a93f-87ed-408a-b6bc-2c6810b313fe.jpg?aki_policy=large"", ""https://a0.muscache.com/im/pictures/41431b94-9ae7-4afc-a32c-98355ca24966.jpg?aki_policy=large"", ""https://a0.muscache.com/im/pictures/a7963100-1548-43a6-a0f2-737f637d27c4.jpg?aki_policy=large"", ""https://a0.muscache.com/im/pictures/97cc5269-440d-4303-98c1-1e42fc3286f3.jpg?aki_policy=large"", ""https://a0.muscache.com/im/pictures/d9611fdf-4841-43cc-af61-2aa7261e1a46.jpg?aki_policy=large"", ""https://a0.muscache.com/im/pictures/bebd2c70-fe9e-4dc5-b579-f31cfad3d4aa.jpg?aki_policy=large"", ""https://a0.muscache.com/im/pictures/4aa774c4-db1a-4f37-b89e-e2cd396d50e8.jpg?aki_policy=large"", ""https://a0.muscache.com/im/pictures/2ed68eaa-b583-4f3a-ad7b-a5b6e6a4721e.jpg?aki_policy=large"", ""https://a0.muscache.com/im/pictures/856c96ea-c70e-4a81-b5a1-1b62fca8eed2.jpg?aki_policy=large""]";"{""beds"": 1, ""bedrooms"": 0, ""bathrooms"": 1.0, ""amenity_ids"": [1, 2, 3, 35, 4, 39, 8, 40, 41, 43, 44, 45, 77, 47, 50, 51, 52, 85, 87, 30, 31], ""is_rebookable"": false, ""is_new_listing"": false, ""is_fully_refundable"": true, ""is_host_highly_rated"": true, ""is_business_travel_ready"": false}";"{""weekly_factor"": 0.98, ""monthly_factor"": 0.95}";7818;"";"{""is_superhost"": false}"
4983973;Studio 4 personnes avec vue sur jardin & parking !;entire_home;Paris;Buttes-Chaumont - Belleville;48.873375733;2.39965317922;4;"[""https://a0.muscache.com/im/pictures/30d52275-e932-4cf8-a3f9-a2faf74555a0.jpg?aki_policy=large"", ""https://a0.muscache.com/im/pictures/2ed08f79-9869-4c40-a3d8-6d68d9c0603f.jpg?aki_policy=large"", ""https://a0.muscache.com/im/pictures/c4e2b40e-f750-43bc-8cca-73b77faba942.jpg?aki_policy=large"", ""https://a0.muscache.com/im/pictures/584f5571-1ab2-45fc-b20b-bd1fad46bf22.jpg?aki_policy=large"", ""https://a0.muscache.com/im/pictures/2e1c42fa-bc65-46d2-955d-53207f06e586.jpg?aki_policy=large"", ""https://a0.muscache.com/im/pictures/0e658a8a-da62-4390-b4d4-b0d492771be3.jpg?aki_policy=large"", ""https://a0.muscache.com/im/pictures/dc45c8ef-90b9-415f-86c3-ce26976a4540.jpg?aki_policy=large"", ""https://a0.muscache.com/im/pictures/3c2dc49e-020c-443a-b17d-af079a0f0377.jpg?aki_policy=large""]";"{""beds"": 2, ""bedrooms"": 0, ""bathrooms"": 1.0, ""amenity_ids"": [1, 33, 3, 35, 131, 4, 8, 40, 9, 11, 12, 44, 45, 77, 46, 47, 21, 30, 31], ""is_rebookable"": false, ""is_new_listing"": false, ""is_fully_refundable"": true, ""is_host_highly_rated"": false, ""is_business_travel_ready"": false}";"{""weekly_factor"": 1.0, ""monthly_factor"": 0.78}";2341;"";"{""is_superhost"": false}"
5010129;Nid commode dans Paris romantique;entire_home;Paris;"";48.8825877684;2.34108186996;2;"[""https://a0.muscache.com/im/pictures/63397979/e6fbf56c_original.jpg?aki_policy=large"", ""https://a0.muscache.com/im/pictures/62721623/46f5fafb_original.jpg?aki_policy=large"", ""https://a0.muscache.com/im/pictures/63397989/0089b3b0_original.jpg?aki_policy=large"", ""https://a0.muscache.com/im/pictures/63397960/975b7aa8_original.jpg?aki_policy=large"", ""https://a0.muscache.com/im/pictures/63397996/bb76a631_original.jpg?aki_policy=large"", ""https://a0.muscache.com/im/pictures/63397966/69da9ee0_original.jpg?aki_policy=large"", ""https://a0.muscache.com/im/pictures/63397978/d78ffb70_original.jpg?aki_policy=large"", ""https://a0.muscache.com/im/pictures/63397971/8ed1182d_original.jpg?aki_policy=large"", ""https://a0.muscache.com/im/pictures/63403925/60dd5732_original.jpg?aki_policy=large"", ""https://a0.muscache.com/im/pictures/63403834/79ed4b62_original.jpg?aki_policy=large"", ""https://a0.muscache.com/im/pictures/63405169/f82da4f1_original.jpg?aki_policy=large"", ""https://a0.muscache.com/im/pictures/63397938/685195b9_original.jpg?aki_policy=large"", ""https://a0.muscache.com/im/pictures/63397951/d3ed8150_original.jpg?aki_policy=large"", ""https://a0.muscache.com/im/pictures/63397948/1f879915_original.jpg?aki_policy=large"", ""https://a0.muscache.com/im/pictures/63397936/e78b631b_original.jpg?aki_policy=large""]";"{""beds"": 1, ""bedrooms"": 1, ""bathrooms"": 1.0, ""amenity_ids"": [33, 3, 4, 8, 28, 30], ""is_rebookable"": false, ""is_new_listing"": false, ""is_fully_refundable"": true, ""is_host_highly_rated"": true, ""is_business_travel_ready"": false}";"{""weekly_factor"": 0.84, ""monthly_factor"": 0.55}";7095;"";"{""is_superhost"": false}"
5108396;Spacieux Apt près Canal St. Martin;entire_home;Paris;République;48.8706617363;2.36029241696;4;"[""https://a0.muscache.com/im/pictures/a7b1a319-b9b1-4349-8180-f117651e5ab1.jpg?aki_policy=large"", ""https://a0.muscache.com/im/pictures/af6d0259-45c1-4d1c-9c77-3e830b8900ee.jpg?aki_policy=large"", ""https://a0.muscache.com/im/pictures/3028178f-1796-45d9-9517-d5fd632b1a38.jpg?aki_policy=large"", ""https://a0.muscache.com/im/pictures/4245070f-0031-4498-bcd7-d01d717f276a.jpg?aki_policy=large"", ""https://a0.muscache.com/im/pictures/605c8a37-c7ff-4e5a-8d5c-38b7c0d91da2.jpg?aki_policy=large"", ""https://a0.muscache.com/im/pictures/b59559f4-39df-4420-949d-5f5d95a97984.jpg?aki_policy=large"", ""https://a0.muscache.com/im/pictures/379c1a68-73fc-4f39-a6da-6b4f92e7c891.jpg?aki_policy=large"", ""https://a0.muscache.com/im/pictures/24ab4866-f345-4949-9531-f360fc455d7e.jpg?aki_policy=large"", ""https://a0.muscache.com/im/pictures/22fce804-7dce-46fd-a93f-854776a24738.jpg?aki_policy=large"", ""https://a0.muscache.com/im/pictures/5ed28dc7-d635-4e3a-beab-ae2bcd7df241.jpg?aki_policy=large"", ""https://a0.muscache.com/im/pictures/44a06450-4bbc-4ed4-8e16-8d0fa7cd9cf9.jpg?aki_policy=large"", ""https://a0.muscache.com/im/pictures/3baf9116-a32a-49ad-9942-ec69d1635df0.jpg?aki_policy=large"", ""https://a0.muscache.com/im/pictures/0a74d51f-8731-441b-b7d4-162432a68b41.jpg?aki_policy=large"", ""https://a0.muscache.com/im/pictures/f130528b-17cc-4742-a337-f8eaa2046671.jpg?aki_policy=large"", ""https://a0.muscache.com/im/pictures/50db1796-a129-4993-afe6-3f8dcfb7cada.jpg?aki_policy=large"", ""https://a0.muscache.com/im/pictures/476fd8ae-4f12-4df0-9176-3080036b1aed.jpg?aki_policy=large"", ""https://a0.muscache.com/im/pictures/44688001-ac33-4aba-b41f-3b6678b8a85d.jpg?aki_policy=large"", ""https://a0.muscache.com/im/pictures/52d672de-00c7-475e-917d-2cbe7f9be578.jpg?aki_policy=large"", ""https://a0.muscache.com/im/pictures/06df45f0-fa93-4988-b1cb-864021a95458.jpg?aki_policy=large"", ""https://a0.muscache.com/im/pictures/5a2aec3b-54be-4dcc-af5f-3a156e1173e7.jpg?aki_policy=large"", ""https://a0.muscache.com/im/pictures/9739e605-af83-4a26-ba0c-b578e469e69d.jpg?aki_policy=large"", ""https://a0.muscache.com/im/pictures/53593b8d-bc0e-4330-9c77-41a7545dfc50.jpg?aki_policy=large"", ""https://a0.muscache.com/im/pictures/cded213b-e923-477c-a41d-d4a3abf20764.jpg?aki_policy=large"", ""https://a0.muscache.com/im/pictures/c4f3e129-0b36-4cbe-804a-49c51fec3bee.jpg?aki_policy=large"", ""https://a0.muscache.com/im/pictures/dbd9753d-85e8-45c8-b8d3-a93d4ed5a892.jpg?aki_policy=large"", ""https://a0.muscache.com/im/pictures/4508f16b-cf1e-4b7c-ba2b-dd90dc85497c.jpg?aki_policy=large"", ""https://a0.muscache.com/im/pictures/92a92b6b-f616-4de8-b823-ab4865d179e7.jpg?aki_policy=large"", ""https://a0.muscache.com/im/pictures/fe79b53c-f267-4d52-a07e-4706d3acef0d.jpg?aki_policy=large"", ""https://a0.muscache.com/im/pictures/0c0ff8c4-2d5d-4ce8-a2f1-1cc12e708c0d.jpg?aki_policy=large""]";"{""beds"": 2, ""bedrooms"": 2, ""bathrooms"": 2.0, ""amenity_ids"": [1, 33, 129, 2, 34, 3, 35, 4, 39, 103, 8, 40, 41, 10, 43, 44, 45, 77, 46, 47, 49, 50, 21, 30], ""is_rebookable"": false, ""is_new_listing"": false, ""is_fully_refundable"": true, ""is_host_highly_rated"": true, ""is_business_travel_ready"": false}";"{""weekly_factor"": 0.95, ""monthly_factor"": 0.85}";124;"";"{""is_superhost"": true}"
5234917;Relaxing nest & vibrant area!;entire_home;Paris;Gare du Nord - Gare de I'Est;48.8824066093;2.34915151878;2;"[""https://a0.muscache.com/im/pictures/65924729/4f299c7d_original.jpg?aki_policy=large"", ""https://a0.muscache.com/im/pictures/65930550/3e22a59a_original.jpg?aki_policy=large"", ""https://a0.muscache.com/im/pictures/65924957/2404e022_original.jpg?aki_policy=large"", ""https://a0.muscache.com/im/pictures/65931943/5de8898c_original.jpg?aki_policy=large"", ""https://a0.muscache.com/im/pictures/65924626/28bc8969_original.jpg?aki_policy=large"", ""https://a0.muscache.com/im/pictures/65931264/61f2a490_original.jpg?aki_policy=large"", ""https://a0.muscache.com/im/pictures/65924664/8dbbaca0_original.jpg?aki_policy=large"", ""https://a0.muscache.com/im/pictures/65932344/8df6e29a_original.jpg?aki_policy=large"", ""https://a0.muscache.com/im/pictures/65924641/cfabfbca_original.jpg?aki_policy=large"", ""https://a0.muscache.com/im/pictures/65930295/aec5a53a_original.jpg?aki_policy=large"", ""https://a0.muscache.com/im/pictures/65924652/d672be9d_original.jpg?aki_policy=large"", ""https://a0.muscache.com/im/pictures/65930388/481462ca_original.jpg?aki_policy=large"", ""https://a0.muscache.com/im/pictures/65924670/f2fef148_original.jpg?aki_policy=large"", ""https://a0.muscache.com/im/pictures/65930938/8b7f1a17_original.jpg?aki_policy=large"", ""https://a0.muscache.com/im/pictures/65924674/8437fbd4_original.jpg?aki_policy=large"", ""https://a0.muscache.com/im/pictures/65933694/97f8d790_original.jpg?aki_policy=large"", ""https://a0.muscache.com/im/pictures/65924708/61f0e7a1_original.jpg?aki_policy=large"", ""https://a0.muscache.com/im/pictures/65931355/2b4fc99e_original.jpg?aki_policy=large"", ""https://a0.muscache.com/im/pictures/65924725/572d9fbb_original.jpg?aki_policy=large"", ""https://a0.muscache.com/im/pictures/65931577/9ba53b00_original.jpg?aki_policy=large"", ""https://a0.muscache.com/im/pictures/65924734/74ad1ebe_original.jpg?aki_policy=large"", ""https://a0.muscache.com/im/pictures/65930461/8361af8c_original.jpg?aki_policy=large"", ""https://a0.muscache.com/im/pictures/65924739/480a9d62_original.jpg?aki_policy=large"", ""https://a0.muscache.com/im/pictures/65924802/0e0b6b83_original.jpg?aki_policy=large"", ""https://a0.muscache.com/im/pictures/65924810/37180977_original.jpg?aki_policy=large"", ""https://a0.muscache.com/im/pictures/65924688/91214229_original.jpg?aki_policy=large"", ""https://a0.muscache.com/im/pictures/65924704/517b39c6_original.jpg?aki_policy=large"", ""https://a0.muscache.com/im/pictures/65924695/f42c2a56_original.jpg?aki_policy=large"", ""https://a0.muscache.com/im/pictures/65924843/87dca43f_original.jpg?aki_policy=large"", ""https://a0.muscache.com/im/pictures/65924970/62e60a4e_original.jpg?aki_policy=large""]";"{""beds"": 1, ""bedrooms"": 1, ""bathrooms"": 1.0, ""amenity_ids"": [33, 3, 35, 4, 21, 38, 39, 8, 41, 27, 28, 30], ""is_rebookable"": false, ""is_new_listing"": false, ""is_fully_refundable"": true, ""is_host_highly_rated"": true, ""is_business_travel_ready"": false}";"{""weekly_factor"": 0.92, ""monthly_factor"": 0.66}";2302;"";"{""is_superhost"": false}"
5238522;"Nid ""cosy"" sous les toits de Paris / Montorgueil";entire_home;Paris;2e arrondissement;48.8676890378;2.35128054253;4;"[""https://a0.muscache.com/im/pictures/69482360/dc528a32_original.jpg?aki_policy=large"", ""https://a0.muscache.com/im/pictures/c1fb6434-e639-453a-9c75-34484ca639ab.jpg?aki_policy=large"", ""https://a0.muscache.com/im/pictures/91119487/fc41cf6a_original.jpg?aki_policy=large"", ""https://a0.muscache.com/im/pictures/91119848/e503e6cc_original.jpg?aki_policy=large"", ""https://a0.muscache.com/im/pictures/91120861/de572915_original.jpg?aki_policy=large"", ""https://a0.muscache.com/im/pictures/98615487/b2475f90_original.jpg?aki_policy=large"", ""https://a0.muscache.com/im/pictures/91120221/0c0cfafc_original.jpg?aki_policy=large"", ""https://a0.muscache.com/im/pictures/91120117/875c1b49_original.jpg?aki_policy=large"", ""https://a0.muscache.com/im/pictures/91119392/4aec3c5b_original.jpg?aki_policy=large"", ""https://a0.muscache.com/im/pictures/77e8371e-1864-4e5b-b292-05939e6eb4b9.jpg?aki_policy=large"", ""https://a0.muscache.com/im/pictures/91119286/38dd8563_original.jpg?aki_policy=large"", ""https://a0.muscache.com/im/pictures/69340260/8cbf28dc_original.jpg?aki_policy=large"", ""https://a0.muscache.com/im/pictures/91119200/0368b7b1_original.jpg?aki_policy=large"", ""https://a0.muscache.com/im/pictures/69327456/e0dcbb49_original.jpg?aki_policy=large"", ""https://a0.muscache.com/im/pictures/69339301/f1a52689_original.jpg?aki_policy=large"", ""https://a0.muscache.com/im/pictures/69328092/909cb5fb_original.jpg?aki_policy=large"", ""https://a0.muscache.com/im/pictures/91120751/811705ac_original.jpg?aki_policy=large"", ""https://a0.muscache.com/im/pictures/98622733/46cabd1d_original.jpg?aki_policy=large"", ""https://a0.muscache.com/im/pictures/91120569/8641b275_original.jpg?aki_policy=large"", ""https://a0.muscache.com/im/pictures/91120810/73abfd3e_original.jpg?aki_policy=large"", ""https://a0.muscache.com/im/pictures/98616050/be9f51fe_original.jpg?aki_policy=large"", ""https://a0.muscache.com/im/pictures/91119234/9f8c4092_original.jpg?aki_policy=large"", ""https://a0.muscache.com/im/pictures/91120347/04ec0f47_original.jpg?aki_policy=large"", ""https://a0.muscache.com/im/pictures/91120395/2827f82a_original.jpg?aki_policy=large"", ""https://a0.muscache.com/im/pictures/99196997/49ccdac2_original.jpg?aki_policy=large"", ""https://a0.muscache.com/im/pictures/99197025/9641bcfc_original.jpg?aki_policy=large"", ""https://a0.muscache.com/im/pictures/91119649/a66d478b_original.jpg?aki_policy=large"", ""https://a0.muscache.com/im/pictures/91119702/4495738f_original.jpg?aki_policy=large"", ""https://a0.muscache.com/im/pictures/91119447/723b1bba_original.jpg?aki_policy=large"", ""https://a0.muscache.com/im/pictures/61305099-6aec-448e-87c5-0ac20810d186.jpg?aki_policy=large""]";"{""beds"": 1, ""bedrooms"": 1, ""bathrooms"": 1.0, ""amenity_ids"": [1, 33, 2, 34, 3, 35, 4, 36, 38, 39, 8, 40, 41, 43, 44, 45, 77, 46, 47, 16, 51, 54, 30, 31], ""is_rebookable"": false, ""is_new_listing"": false, ""is_fully_refundable"": true, ""is_host_highly_rated"": true, ""is_business_travel_ready"": false}";"{""weekly_factor"": 1.0, ""monthly_factor"": 0.85}";6494;"";"{""is_superhost"": true}"
5282786;ODEON AVEC VUE SUR LA TOUR EIFFEL;entire_home;Paris;Saint Germain des Prés - Odéon;48.851723;2.34124;6;"[""https://a0.muscache.com/im/pictures/80776793-5210-4445-87df-a5db433e45b0.jpg?aki_policy=large"", ""https://a0.muscache.com/im/pictures/21176215-dab4-48c8-a4d1-071cbebe0ac7.jpg?aki_policy=large"", ""https://a0.muscache.com/im/pictures/2bd9494d-6ea9-46d9-9f02-a935b6eaa367.jpg?aki_policy=large"", ""https://a0.muscache.com/im/pictures/826143fb-2b39-484f-9616-0b4db129ccdb.jpg?aki_policy=large"", ""https://a0.muscache.com/im/pictures/d7a52f53-b620-4251-a225-3f3a2b8bbac1.jpg?aki_policy=large"", ""https://a0.muscache.com/im/pictures/a2daf5d7-2ddb-4ef7-9117-16c12865e842.jpg?aki_policy=large"", ""https://a0.muscache.com/im/pictures/99027a35-863f-4d8b-980e-4523556deede.jpg?aki_policy=large"", ""https://a0.muscache.com/im/pictures/17cad0d0-045d-4bc0-b4e6-876f0f72390d.jpg?aki_policy=large"", ""https://a0.muscache.com/im/pictures/45dd3478-3565-4800-9676-1c82ed1f79fa.jpg?aki_policy=large"", ""https://a0.muscache.com/im/pictures/5bda8d01-3356-4843-b96e-927c4d26e005.jpg?aki_policy=large"", ""https://a0.muscache.com/im/pictures/323a0aec-f211-4908-86d0-b297a6062b34.jpg?aki_policy=large"", ""https://a0.muscache.com/im/pictures/e2112c9b-59c1-4fa6-9d01-9eeedc82a8da.jpg?aki_policy=large"", ""https://a0.muscache.com/im/pictures/6a6e1a7c-0c66-4e30-a750-1f3493a8786b.jpg?aki_policy=large"", ""https://a0.muscache.com/im/pictures/3bc61d59-803f-4e01-b7c9-136921e39831.jpg?aki_policy=large"", ""https://a0.muscache.com/im/pictures/624f8733-3050-4ae8-b6f1-8d6f4523f44f.jpg?aki_policy=large"", ""https://a0.muscache.com/im/pictures/bd16c9d2-1544-4b6c-bcc9-b65cf54a173f.jpg?aki_policy=large"", ""https://a0.muscache.com/im/pictures/070745c3-07ce-4705-ae7c-2754a09a7218.jpg?aki_policy=large"", ""https://a0.muscache.com/im/pictures/8bf685ba-4a75-4ea6-b383-8546186ed7bf.jpg?aki_policy=large"", ""https://a0.muscache.com/im/pictures/00ae171f-191e-4601-be4f-10ae77e57ef0.jpg?aki_policy=large"", ""https://a0.muscache.com/im/pictures/de1605e0-5a3e-4329-8d2f-e2003eb61fd2.jpg?aki_policy=large"", ""https://a0.muscache.com/im/pictures/fa9a7504-5703-4875-ba35-3af419d46f4a.jpg?aki_policy=large"", ""https://a0.muscache.com/im/pictures/459e786a-dcb7-4789-b3d8-31bfb203e5e5.jpg?aki_policy=large"", ""https://a0.muscache.com/im/pictures/7f466430-72ca-4a4e-8445-a52e138b99ec.jpg?aki_policy=large"", ""https://a0.muscache.com/im/pictures/3c40abd3-c5b7-43fe-a502-f13173a0166a.jpg?aki_policy=large"", ""https://a0.muscache.com/im/pictures/de045ef2-6135-4554-b1a1-e84d476e91ea.jpg?aki_policy=large"", ""https://a0.muscache.com/im/pictures/4073d96c-eb2a-4305-a547-f7fbbbff89c6.jpg?aki_policy=large"", ""https://a0.muscache.com/im/pictures/4ab67890-8c4b-4e81-a448-a1cf31a0fc1b.jpg?aki_policy=large"", ""https://a0.muscache.com/im/pictures/66010145/3381f33a_original.jpg?aki_policy=large"", ""https://a0.muscache.com/im/pictures/cdfe840f-592d-4585-a716-e5f5fde4c7b1.jpg?aki_policy=large"", ""https://a0.muscache.com/im/pictures/afd32469-2934-4470-a3b3-6cdfa25ccab2.jpg?aki_policy=large""]";"{""beds"": 4, ""bedrooms"": 3, ""bathrooms"": 1.0, ""amenity_ids"": [1, 33, 2, 3, 35, 4, 39, 8, 40, 44, 45, 46, 21, 27, 28, 30, 31], ""is_rebookable"": false, ""is_new_listing"": false, ""is_fully_refundable"": true, ""is_host_highly_rated"": true, ""is_business_travel_ready"": false}";"{""weekly_factor"": 0.95, ""monthly_factor"": 1.0}";7435;"";"{""is_superhost"": false}"
5452049;SUPERBE ET GRAND 2P ST-GERMAIN-DES-PRES;entire_home;Paris;Saint Germain des Prés - Odéon;48.8524325452;2.3413483343;2;"[""https://a0.muscache.com/im/pictures/d8168355-9b12-4886-b281-ed8d83805434.jpg?aki_policy=large"", ""https://a0.muscache.com/im/pictures/593245db-b974-4f97-9070-4ffde794fca2.jpg?aki_policy=large"", ""https://a0.muscache.com/im/pictures/2c06d4da-d404-4b99-98ab-222ca57aca36.jpg?aki_policy=large"", ""https://a0.muscache.com/im/pictures/b9f55c78-b72a-47f6-bedf-b6b309e6211c.jpg?aki_policy=large"", ""https://a0.muscache.com/im/pictures/4adb6100-4cd7-47a9-8826-bb8403977c3d.jpg?aki_policy=large"", ""https://a0.muscache.com/im/pictures/9773ec52-04ee-4c2f-88ed-595df2f60e42.jpg?aki_policy=large"", ""https://a0.muscache.com/im/pictures/67ce38f1-67e8-4ada-add5-8594e9e63745.jpg?aki_policy=large"", ""https://a0.muscache.com/im/pictures/6915970d-a4a1-44c2-8e8f-24e75df3639f.jpg?aki_policy=large"", ""https://a0.muscache.com/im/pictures/c151c9d2-e201-4a4d-89d0-00f77a8b690b.jpg?aki_policy=large"", ""https://a0.muscache.com/im/pictures/4b533ce1-aae2-406b-a7f4-1ef3c742da00.jpg?aki_policy=large"", ""https://a0.muscache.com/im/pictures/974520ed-617d-4f88-8b63-835476afc23d.jpg?aki_policy=large"", ""https://a0.muscache.com/im/pictures/55599924-eee0-4da5-aa2b-4a5833f12e1b.jpg?aki_policy=large"", ""https://a0.muscache.com/im/pictures/c898123d-2490-4a7c-b88e-86fc4464bdfc.jpg?aki_policy=large"", ""https://a0.muscache.com/im/pictures/e3189fad-bc12-426f-8a42-162ebb9ece9c.jpg?aki_policy=large"", ""https://a0.muscache.com/im/pictures/184e9534-f9e3-4510-bfcb-fe2234c166f0.jpg?aki_policy=large""]";"{""beds"": 1, ""bedrooms"": 1, ""bathrooms"": 1.0, ""amenity_ids"": [1, 129, 2, 3, 4, 5, 71, 8, 10, 77, 21, 86, 30, 31, 33, 34, 35, 38, 103, 40, 104, 41, 43, 44, 45, 46, 47], ""is_rebookable"": false, ""is_new_listing"": false, ""is_fully_refundable"": true, ""is_host_highly_rated"": true, ""is_business_travel_ready"": false}";"{""weekly_factor"": 0.97, ""monthly_factor"": 0.9}";1262;"";"{""is_superhost"": true}"
5467108;Your Parisian Home 1 Bedroom - Sleeps 5 With A/C!;entire_home;Paris;Tour Eiffel - Champ de Mars;48.85375965;2.29970037015;5;"[""https://a0.muscache.com/im/pictures/69734945/c8752c3e_original.jpg?aki_policy=large"", ""https://a0.muscache.com/im/pictures/68190241/639e9c17_original.jpg?aki_policy=large"", ""https://a0.muscache.com/im/pictures/68190349/ebf4a91f_original.jpg?aki_policy=large"", ""https://a0.muscache.com/im/pictures/68190331/9f890763_original.jpg?aki_policy=large"", ""https://a0.muscache.com/im/pictures/68189995/803d39c3_original.jpg?aki_policy=large"", ""https://a0.muscache.com/im/pictures/68190055/2e7ce761_original.jpg?aki_policy=large"", ""https://a0.muscache.com/im/pictures/68190182/4e7e2abd_original.jpg?aki_policy=large"", ""https://a0.muscache.com/im/pictures/68190206/5fdb7ec5_original.jpg?aki_policy=large"", ""https://a0.muscache.com/im/pictures/68190416/f2ddbcb1_original.jpg?aki_policy=large"", ""https://a0.muscache.com/im/pictures/68190455/3fb4aac5_original.jpg?aki_policy=large"", ""https://a0.muscache.com/im/pictures/68190254/0b66a137_original.jpg?aki_policy=large"", ""https://a0.muscache.com/im/pictures/68190370/8b94e103_original.jpg?aki_policy=large"", ""https://a0.muscache.com/im/pictures/68190396/7e9441ee_original.jpg?aki_policy=large"", ""https://a0.muscache.com/im/pictures/99747450/a52810c3_original.jpg?aki_policy=large""]";"{""beds"": 2, ""bedrooms"": 1, ""bathrooms"": 1.0, ""amenity_ids"": [1, 129, 2, 3, 4, 5, 6, 70, 8, 72, 10, 77, 21, 85, 89, 90, 91, 28, 92, 93, 30, 94, 31, 95, 96, 33, 34, 98, 35, 103, 40, 296, 44, 45, 109, 46, 110, 47, 112, 115, 117, 118, 57, 127], ""is_rebookable"": false, ""is_new_listing"": false, ""is_fully_refundable"": true, ""is_host_highly_rated"": true, ""is_business_travel_ready"": false}";"{""weekly_factor"": 1.0, ""monthly_factor"": 1.0}";3438;"";"{""is_superhost"": false}"
5497931;Residence Champs Elysée 2;entire_home;Paris;Champs-Elysées;48.8708524372;2.29341823477;6;"[""https://a0.muscache.com/im/pictures/69974076/470657e2_original.jpg?aki_policy=large"", ""https://a0.muscache.com/im/pictures/69973428/140d4f41_original.jpg?aki_policy=large"", ""https://a0.muscache.com/im/pictures/69973649/6dcf1366_original.jpg?aki_policy=large"", ""https://a0.muscache.com/im/pictures/69973478/805bafbf_original.jpg?aki_policy=large"", ""https://a0.muscache.com/im/pictures/69973726/a609058f_original.jpg?aki_policy=large"", ""https://a0.muscache.com/im/pictures/69973757/3713355a_original.jpg?aki_policy=large"", ""https://a0.muscache.com/im/pictures/69973552/9782d7a9_original.jpg?aki_policy=large"", ""https://a0.muscache.com/im/pictures/69973607/d0a4cf1e_original.jpg?aki_policy=large"", ""https://a0.muscache.com/im/pictures/69973684/9050c92d_original.jpg?aki_policy=large"", ""https://a0.muscache.com/im/pictures/69974035/eeeb9054_original.jpg?aki_policy=large"", ""https://a0.muscache.com/im/pictures/69973991/e5b08148_original.jpg?aki_policy=large"", ""https://a0.muscache.com/im/pictures/69973847/4473ba32_original.jpg?aki_policy=large"", ""https://a0.muscache.com/im/pictures/69973892/e22b9e36_original.jpg?aki_policy=large"", ""https://a0.muscache.com/im/pictures/69973919/68b35862_original.jpg?aki_policy=large"", ""https://a0.muscache.com/im/pictures/70849534/c57a1a43_original.jpg?aki_policy=large"", ""https://a0.muscache.com/im/pictures/68544138/2685a699_original.jpg?aki_policy=large"", ""https://a0.muscache.com/im/pictures/68544271/19159b61_original.jpg?aki_policy=large""]";"{""beds"": 4, ""bedrooms"": 2, ""bathrooms"": 2.0, ""amenity_ids"": [1, 33, 2, 34, 3, 35, 4, 36, 5, 37, 6, 38, 39, 8, 40, 41, 14, 21, 28, 30, 31], ""is_rebookable"": false, ""is_new_listing"": false, ""is_fully_refundable"": true, ""is_host_highly_rated"": true, ""is_business_travel_ready"": false}";"{""weekly_factor"": 1.0, ""monthly_factor"": 1.0}";4550;"";"{""is_superhost"": false}"
5541201;Tour Eiffel. 60m2 avec une vue imprenable;entire_home;Paris;"";48.8582393258;2.28558195187;2;"[""https://a0.muscache.com/im/pictures/e2a14476-07e8-4057-a0a6-4e002963724a.jpg?aki_policy=large"", ""https://a0.muscache.com/im/pictures/2d83a9ed-86d8-40ad-ab7f-1c197d81aa42.jpg?aki_policy=large"", ""https://a0.muscache.com/im/pictures/d6da06b0-6bf2-4ea8-8246-8ad24006d6a5.jpg?aki_policy=large"", ""https://a0.muscache.com/im/pictures/64381d91-906e-422b-a3fc-37f8bb1cfa16.jpg?aki_policy=large"", ""https://a0.muscache.com/im/pictures/331b25a8-4858-492f-8b59-621f52ccd3f1.jpg?aki_policy=large"", ""https://a0.muscache.com/im/pictures/c8feb5aa-76c6-49bc-85a7-61286c363441.jpg?aki_policy=large"", ""https://a0.muscache.com/im/pictures/1e30e86f-3393-444e-8066-b96058bec41e.jpg?aki_policy=large"", ""https://a0.muscache.com/im/pictures/5e6eb64e-a1db-4580-953e-51b2d7b52b95.jpg?aki_policy=large"", ""https://a0.muscache.com/im/pictures/75110f31-0b0e-4282-8668-f2dc61b1d411.jpg?aki_policy=large"", ""https://a0.muscache.com/im/pictures/d6a8eb40-ead7-43f5-bc47-a66e982d0a68.jpg?aki_policy=large"", ""https://a0.muscache.com/im/pictures/5d5be8f8-be0f-42c4-997b-59e1348f9780.jpg?aki_policy=large"", ""https://a0.muscache.com/im/pictures/3b049788-71cc-4ea0-9f3c-8a3d1bf0bb3a.jpg?aki_policy=large"", ""https://a0.muscache.com/im/pictures/7f550890-60e3-4556-9648-cd663d32ad17.jpg?aki_policy=large"", ""https://a0.muscache.com/im/pictures/697e1c07-9e39-40d9-a185-681c5cc1bb74.jpg?aki_policy=large"", ""https://a0.muscache.com/im/pictures/88ad7c8d-8247-430f-9c24-24678f2c8f0c.jpg?aki_policy=large"", ""https://a0.muscache.com/im/pictures/4082b163-29e3-4321-955e-57482eb26d53.jpg?aki_policy=large"", ""https://a0.muscache.com/im/pictures/2b76b8ae-1d3e-43d1-832c-b2beb1455075.jpg?aki_policy=large"", ""https://a0.muscache.com/im/pictures/980aaf46-6763-4f69-8769-6e9c884b859a.jpg?aki_policy=large""]";"{""beds"": 1, ""bedrooms"": 1, ""bathrooms"": 1.0, ""amenity_ids"": [1, 2, 50, 3, 4, 21, 8, 40, 43, 28, 44, 30], ""is_rebookable"": false, ""is_new_listing"": false, ""is_fully_refundable"": true, ""is_host_highly_rated"": true, ""is_business_travel_ready"": false}";"{""weekly_factor"": 0.9, ""monthly_factor"": 1.0}";7348;"";"{""is_superhost"": true}"
5583693;Studio 1-4 personnes, cœur de Paris;entire_home;Paris;2e arrondissement;48.8684213721;2.35198307817;4;"[""https://a0.muscache.com/im/pictures/69530830/71fa2670_original.jpg?aki_policy=large"", ""https://a0.muscache.com/im/pictures/69530723/4fd111dc_original.jpg?aki_policy=large"", ""https://a0.muscache.com/im/pictures/11fe68ce-3ba2-41a3-826c-004583d2517b.jpg?aki_policy=large"", ""https://a0.muscache.com/im/pictures/69532423/d7d382db_original.jpg?aki_policy=large"", ""https://a0.muscache.com/im/pictures/69532497/5e029101_original.jpg?aki_policy=large"", ""https://a0.muscache.com/im/pictures/69533406/6cee1e30_original.jpg?aki_policy=large"", ""https://a0.muscache.com/im/pictures/69530924/b79a5a52_original.jpg?aki_policy=large"", ""https://a0.muscache.com/im/pictures/69534342/1aefe72c_original.jpg?aki_policy=large"", ""https://a0.muscache.com/im/pictures/89214961/8450477c_original.jpg?aki_policy=large"", ""https://a0.muscache.com/im/pictures/69534608/1899d944_original.jpg?aki_policy=large""]";"{""beds"": 2, ""bedrooms"": 0, ""bathrooms"": 1.0, ""amenity_ids"": [1, 4, 8, 72, 10, 77, 21, 89, 90, 91, 93, 30, 94, 31, 96, 33, 34, 35, 36, 103, 40, 104, 41, 43, 44, 45, 46, 47, 51, 54], ""is_rebookable"": false, ""is_new_listing"": false, ""is_fully_refundable"": true, ""is_host_highly_rated"": false, ""is_business_travel_ready"": false}";"{""weekly_factor"": 0.9, ""monthly_factor"": 0.8}";1820;"";"{""is_superhost"": true}"
5705203;A cosy and private bedroom;private_room;Paris;Père Lachaise - Ménilmontant;48.8674995855;2.39989977274;2;"[""https://a0.muscache.com/im/pictures/72585428/2d029d31_original.jpg?aki_policy=large"", ""https://a0.muscache.com/im/pictures/72585774/1acdaec5_original.jpg?aki_policy=large"", ""https://a0.muscache.com/im/pictures/72585646/c3656c65_original.jpg?aki_policy=large"", ""https://a0.muscache.com/im/pictures/72586117/a566fbca_original.jpg?aki_policy=large"", ""https://a0.muscache.com/im/pictures/72586190/6d0cd3d1_original.jpg?aki_policy=large"", ""https://a0.muscache.com/im/pictures/72586283/7793bae0_original.jpg?aki_policy=large"", ""https://a0.muscache.com/im/pictures/72586392/2dadfc31_original.jpg?aki_policy=large"", ""https://a0.muscache.com/im/pictures/72586539/3f29e4e0_original.jpg?aki_policy=large"", ""https://a0.muscache.com/im/pictures/72586661/e1c55bb1_original.jpg?aki_policy=large""]";"{""beds"": 1, ""bedrooms"": 1, ""bathrooms"": 1.0, ""amenity_ids"": [33, 3, 35, 4, 36, 8, 40, 44, 45, 47, 16, 30, 31], ""is_rebookable"": false, ""is_new_listing"": false, ""is_fully_refundable"": true, ""is_host_highly_rated"": true, ""is_business_travel_ready"": false}";"{""weekly_factor"": 0.95, ""monthly_factor"": 0.67}";5959;"";"{""is_superhost"": true}"
5711804;2 BR in old Paris;entire_home;Paris;Opéra - Grands Boulevards;48.8723045605;2.35219833817;5;"[""https://a0.muscache.com/im/pictures/71607704/362c2349_original.jpg?aki_policy=large"", ""https://a0.muscache.com/im/pictures/71607726/74d07334_original.jpg?aki_policy=large"", ""https://a0.muscache.com/im/pictures/71613318/b2bea446_original.jpg?aki_policy=large"", ""https://a0.muscache.com/im/pictures/71607761/c9e6d8c6_original.jpg?aki_policy=large"", ""https://a0.muscache.com/im/pictures/71613643/226597ea_original.jpg?aki_policy=large"", ""https://a0.muscache.com/im/pictures/71607867/3ba33b12_original.jpg?aki_policy=large"", ""https://a0.muscache.com/im/pictures/71608056/b020edc4_original.jpg?aki_policy=large"", ""https://a0.muscache.com/im/pictures/71608076/98c24e47_original.jpg?aki_policy=large"", ""https://a0.muscache.com/im/pictures/71608104/d70e23f8_original.jpg?aki_policy=large"", ""https://a0.muscache.com/im/pictures/71608139/88d596ae_original.jpg?aki_policy=large"", ""https://a0.muscache.com/im/pictures/71608199/c3006791_original.jpg?aki_policy=large"", ""https://a0.muscache.com/im/pictures/71608267/9348e9ad_original.jpg?aki_policy=large"", ""https://a0.muscache.com/im/pictures/71613224/9fbd0247_original.jpg?aki_policy=large"", ""https://a0.muscache.com/im/pictures/71613257/02ccaf4d_original.jpg?aki_policy=large"", ""https://a0.muscache.com/im/pictures/71613293/ce855504_original.jpg?aki_policy=large"", ""https://a0.muscache.com/im/pictures/71613397/d00b7227_original.jpg?aki_policy=large"", ""https://a0.muscache.com/im/pictures/71613344/f2b9525a_original.jpg?aki_policy=large"", ""https://a0.muscache.com/im/pictures/71613368/06936257_original.jpg?aki_policy=large"", ""https://a0.muscache.com/im/pictures/71613443/16f52f91_original.jpg?aki_policy=large"", ""https://a0.muscache.com/im/pictures/71613545/9c2a9c13_original.jpg?aki_policy=large"", ""https://a0.muscache.com/im/pictures/71613519/11759eb2_original.jpg?aki_policy=large"", ""https://a0.muscache.com/im/pictures/71613570/d4261539_original.jpg?aki_policy=large"", ""https://a0.muscache.com/im/pictures/71613601/65bc6c64_original.jpg?aki_policy=large"", ""https://a0.muscache.com/im/pictures/71613619/0fb2c0e8_original.jpg?aki_policy=large"", ""https://a0.muscache.com/im/pictures/71613689/2ee57a0d_original.jpg?aki_policy=large"", ""https://a0.muscache.com/im/pictures/71613738/e8b44a9c_original.jpg?aki_policy=large"", ""https://a0.muscache.com/im/pictures/71613763/b16730fc_original.jpg?aki_policy=large"", ""https://a0.muscache.com/im/pictures/71613793/d553d34c_original.jpg?aki_policy=large""]";"{""beds"": 2, ""bedrooms"": 2, ""bathrooms"": 1.0, ""amenity_ids"": [64, 1, 129, 2, 3, 4, 71, 8, 12, 77, 85, 89, 90, 91, 28, 93, 30, 94, 31, 95, 96, 33, 34, 35, 36, 40, 41, 43, 44, 45, 46, 47, 62], ""is_rebookable"": false, ""is_new_listing"": false, ""is_fully_refundable"": true, ""is_host_highly_rated"": true, ""is_business_travel_ready"": false}";"{""weekly_factor"": 0.92, ""monthly_factor"": 0.85}";4754;"";"{""is_superhost"": false}"
5741322;Appartement Bastille Marais;entire_home;Paris;Bastille;48.8558194322;2.3705091901;4;"[""https://a0.muscache.com/im/pictures/76192692/120abde8_original.jpg?aki_policy=large"", ""https://a0.muscache.com/im/pictures/75596501/f2708632_original.jpg?aki_policy=large"", ""https://a0.muscache.com/im/pictures/76195531/dce3c41b_original.jpg?aki_policy=large"", ""https://a0.muscache.com/im/pictures/74401640/9b3b6dab_original.jpg?aki_policy=large"", ""https://a0.muscache.com/im/pictures/75596131/8bb062f1_original.jpg?aki_policy=large"", ""https://a0.muscache.com/im/pictures/76192670/a582ada1_original.jpg?aki_policy=large"", ""https://a0.muscache.com/im/pictures/76192740/44585317_original.jpg?aki_policy=large"", ""https://a0.muscache.com/im/pictures/74387762/7413d159_original.jpg?aki_policy=large"", ""https://a0.muscache.com/im/pictures/76192701/c0165212_original.jpg?aki_policy=large"", ""https://a0.muscache.com/im/pictures/76192729/3554bb5b_original.jpg?aki_policy=large"", ""https://a0.muscache.com/im/pictures/74401724/3e2c9a3e_original.jpg?aki_policy=large"", ""https://a0.muscache.com/im/pictures/74392924/6960030a_original.jpg?aki_policy=large"", ""https://a0.muscache.com/im/pictures/74392931/f5eb8beb_original.jpg?aki_policy=large""]";"{""beds"": 2, ""bedrooms"": 2, ""bathrooms"": 1.0, ""amenity_ids"": [64, 1, 33, 129, 66, 3, 35, 4, 36, 71, 8, 40, 41, 10, 43, 44, 45, 77, 46, 47, 21, 27, 30, 31], ""is_rebookable"": false, ""is_new_listing"": false, ""is_fully_refundable"": true, ""is_host_highly_rated"": true, ""is_business_travel_ready"": false}";"{""weekly_factor"": 1.0, ""monthly_factor"": 1.0}";1728;"";"{""is_superhost"": false}"
5857485;Trendy Marais with terrace;entire_home;Paris;République;48.8681686747;2.36927775534;6;"[""https://a0.muscache.com/im/pictures/72975752/607e7a41_original.jpg?aki_policy=large"", ""https://a0.muscache.com/im/pictures/72980217/6e4e6a50_original.jpg?aki_policy=large"", ""https://a0.muscache.com/im/pictures/72985477/eeb979cc_original.jpg?aki_policy=large"", ""https://a0.muscache.com/im/pictures/72989412/886417f2_original.jpg?aki_policy=large"", ""https://a0.muscache.com/im/pictures/72989462/2567224d_original.jpg?aki_policy=large"", ""https://a0.muscache.com/im/pictures/72989841/5770d362_original.jpg?aki_policy=large"", ""https://a0.muscache.com/im/pictures/72990081/ecf37204_original.jpg?aki_policy=large"", ""https://a0.muscache.com/im/pictures/72989499/9d49e437_original.jpg?aki_policy=large"", ""https://a0.muscache.com/im/pictures/72989586/d8a98371_original.jpg?aki_policy=large"", ""https://a0.muscache.com/im/pictures/72981726/cd4afb18_original.jpg?aki_policy=large"", ""https://a0.muscache.com/im/pictures/72989615/5f75d8a9_original.jpg?aki_policy=large"", ""https://a0.muscache.com/im/pictures/72989661/c822e468_original.jpg?aki_policy=large"", ""https://a0.muscache.com/im/pictures/72989689/b57d248c_original.jpg?aki_policy=large"", ""https://a0.muscache.com/im/pictures/72989724/02a4f797_original.jpg?aki_policy=large"", ""https://a0.muscache.com/im/pictures/72989894/f2cefbe3_original.jpg?aki_policy=large"", ""https://a0.muscache.com/im/pictures/72989922/c7fd3a6e_original.jpg?aki_policy=large"", ""https://a0.muscache.com/im/pictures/72989861/416697be_original.jpg?aki_policy=large"", ""https://a0.muscache.com/im/pictures/72989956/23bb6369_original.jpg?aki_policy=large"", ""https://a0.muscache.com/im/pictures/72989989/070edc21_original.jpg?aki_policy=large"", ""https://a0.muscache.com/im/pictures/72990034/afe9d249_original.jpg?aki_policy=large""]";"{""beds"": 4, ""bedrooms"": 3, ""bathrooms"": 3.5, ""amenity_ids"": [1, 33, 129, 2, 34, 3, 35, 4, 103, 8, 40, 104, 41, 43, 12, 44, 45, 77, 46, 47, 23, 28, 30, 31], ""is_rebookable"": false, ""is_new_listing"": false, ""is_fully_refundable"": true, ""is_host_highly_rated"": false, ""is_business_travel_ready"": false}";"{""weekly_factor"": 0.88, ""monthly_factor"": 0.63}";6272;"";"{""is_superhost"": false}"
5985960;18th century luxury in the trendy Haut Marais;entire_home;Paris;3e arrondissement;48.8634599764;2.36449176043;4;"[""https://a0.muscache.com/im/pictures/902af87e-a442-4e31-8a97-a3964633c0d7.jpg?aki_policy=large"", ""https://a0.muscache.com/im/pictures/a6bf6b1b-39d2-4806-a476-9877f6518bbc.jpg?aki_policy=large"", ""https://a0.muscache.com/im/pictures/ace49417-e80c-4f6e-aac7-d30ca3a1d36a.jpg?aki_policy=large"", ""https://a0.muscache.com/im/pictures/c8553f8b-50ad-4008-adc7-b7933d67b5d9.jpg?aki_policy=large"", ""https://a0.muscache.com/im/pictures/96ef9a05-632c-46cd-b7e6-e226be486cb0.jpg?aki_policy=large"", ""https://a0.muscache.com/im/pictures/df2015af-2c99-429a-9c3a-52642f6d86ee.jpg?aki_policy=large"", ""https://a0.muscache.com/im/pictures/bfd0d52b-f00e-4837-88a2-171375fa8f13.jpg?aki_policy=large"", ""https://a0.muscache.com/im/pictures/3c622076-26c7-488f-8b43-f58a7eef52d8.jpg?aki_policy=large"", ""https://a0.muscache.com/im/pictures/571dd093-c755-4bfb-a272-7ef796e79782.jpg?aki_policy=large"", ""https://a0.muscache.com/im/pictures/872c19fc-52f8-49c5-9a6f-0cb1c9490c4a.jpg?aki_policy=large"", ""https://a0.muscache.com/im/pictures/e06a32e5-8e4c-448a-9ef0-5bcdcb559c10.jpg?aki_policy=large"", ""https://a0.muscache.com/im/pictures/60d5de66-c3a8-41db-8fbc-279d38880672.jpg?aki_policy=large"", ""https://a0.muscache.com/im/pictures/abe0551a-4585-44a0-b8dd-34840fefe6b4.jpg?aki_policy=large"", ""https://a0.muscache.com/im/pictures/024ab321-8357-4157-b4aa-c755072b699f.jpg?aki_policy=large"", ""https://a0.muscache.com/im/pictures/afd95e68-7b51-47ac-ac4b-dd2eecda5c09.jpg?aki_policy=large"", ""https://a0.muscache.com/im/pictures/4df0a6c0-9dc6-4ab7-bb15-c72d307a5ff1.jpg?aki_policy=large"", ""https://a0.muscache.com/im/pictures/76395471/bb0bccfd_original.jpg?aki_policy=large"", ""https://a0.muscache.com/im/pictures/93855522/6b745503_original.jpg?aki_policy=large"", ""https://a0.muscache.com/im/pictures/76395342/405789e9_original.jpg?aki_policy=large"", ""https://a0.muscache.com/im/pictures/76355066/e69104ad_original.jpg?aki_policy=large"", ""https://a0.muscache.com/im/pictures/76969225/d55a4545_original.jpg?aki_policy=large"", ""https://a0.muscache.com/im/pictures/76968733/b26ce282_original.jpg?aki_policy=large"", ""https://a0.muscache.com/im/pictures/76969175/b5fec327_original.jpg?aki_policy=large"", ""https://a0.muscache.com/im/pictures/76337259/54938960_original.jpg?aki_policy=large"", ""https://a0.muscache.com/im/pictures/87985285/bf2ccb42_original.jpg?aki_policy=large"", ""https://a0.muscache.com/im/pictures/76355139/73a86ced_original.jpg?aki_policy=large""]";"{""beds"": 3, ""bedrooms"": 2, ""bathrooms"": 1.5, ""amenity_ids"": [1, 33, 2, 34, 3, 35, 4, 36, 37, 39, 8, 40, 41, 43, 44, 45, 46, 47, 49, 50, 21, 28, 30], ""is_rebookable"": false, ""is_new_listing"": false, ""is_fully_refundable"": true, ""is_host_highly_rated"": true, ""is_business_travel_ready"": false}";"{""weekly_factor"": 0.9, ""monthly_factor"": 0.75}";137;"";"{""is_superhost"": true}"
5998911;Chic, calme & volupté près du Bon Marché;entire_home;Paris;Saint Germain des Prés - Odéon;48.8473210144;2.32434460286;6;"[""https://a0.muscache.com/im/pictures/bb593bf2-33c9-4bab-9160-87ff1bc4a812.jpg?aki_policy=large"", ""https://a0.muscache.com/im/pictures/7a5cb3f0-19ef-4c71-bc37-7a0433915544.jpg?aki_policy=large"", ""https://a0.muscache.com/im/pictures/45204050-aa5c-467e-87be-306eed5b9ed0.jpg?aki_policy=large"", ""https://a0.muscache.com/im/pictures/9705a5de-d80d-4cdd-a612-fec692c44a3f.jpg?aki_policy=large"", ""https://a0.muscache.com/im/pictures/4623f625-c874-4ad5-b407-29b3a13a5cfa.jpg?aki_policy=large"", ""https://a0.muscache.com/im/pictures/32be510d-e17d-44a3-8c09-89fca5b4f647.jpg?aki_policy=large"", ""https://a0.muscache.com/im/pictures/c671ab3d-9c46-492d-b39c-8c44638fe444.jpg?aki_policy=large"", ""https://a0.muscache.com/im/pictures/b9da5f34-7dee-49f3-9dc9-0ccca7e39c9d.jpg?aki_policy=large"", ""https://a0.muscache.com/im/pictures/5da29e53-b48c-4a34-a220-8215852fdd62.jpg?aki_policy=large"", ""https://a0.muscache.com/im/pictures/ddb87685-067a-4020-941b-431b07872b92.jpg?aki_policy=large"", ""https://a0.muscache.com/im/pictures/c4fb9e29-4bce-4b9e-bb11-37c4c2b4d5c8.jpg?aki_policy=large"", ""https://a0.muscache.com/im/pictures/930e8c57-5b43-44d7-b1f9-af848a7b54f4.jpg?aki_policy=large"", ""https://a0.muscache.com/im/pictures/0496c4f9-f94a-4d73-aa92-4ef421498804.jpg?aki_policy=large"", ""https://a0.muscache.com/im/pictures/4f1751c2-f104-4525-ac6a-22dd5408c84e.jpg?aki_policy=large"", ""https://a0.muscache.com/im/pictures/7dd187e5-40b2-40ee-9613-e780c35dc96e.jpg?aki_policy=large"", ""https://a0.muscache.com/im/pictures/cb9ccf27-5872-4f2f-ba11-341d155e6b0d.jpg?aki_policy=large"", ""https://a0.muscache.com/im/pictures/42413b78-7c16-4c87-a309-544f00c6dd31.jpg?aki_policy=large"", ""https://a0.muscache.com/im/pictures/660ea305-700b-4e28-a0d2-3212fe56e20d.jpg?aki_policy=large"", ""https://a0.muscache.com/im/pictures/1b6acb80-ae1b-418a-b1e8-c3bc869e5366.jpg?aki_policy=large"", ""https://a0.muscache.com/im/pictures/dd566985-fe7d-4ae1-92d6-4c0dae700576.jpg?aki_policy=large"", ""https://a0.muscache.com/im/pictures/4a98e023-4eeb-400f-8532-8548dd51ff9d.jpg?aki_policy=large"", ""https://a0.muscache.com/im/pictures/7f0d975f-0514-4333-b5be-9611540ec7d0.jpg?aki_policy=large"", ""https://a0.muscache.com/im/pictures/ccb8b068-ff95-4c6c-b232-7235b8eb6ded.jpg?aki_policy=large"", ""https://a0.muscache.com/im/pictures/b60ccbbe-c912-4287-b85f-664f51dc1d94.jpg?aki_policy=large"", ""https://a0.muscache.com/im/pictures/0259a9d7-b010-4b81-b370-b6e7a9f68c58.jpg?aki_policy=large"", ""https://a0.muscache.com/im/pictures/e73b72f0-e346-49c2-99ee-e183b9ffd395.jpg?aki_policy=large""]";"{""beds"": 5, ""bedrooms"": 3, ""bathrooms"": 1.5, ""amenity_ids"": [1, 33, 129, 2, 34, 66, 3, 35, 4, 38, 8, 40, 72, 104, 10, 44, 45, 77, 46, 47, 49, 50, 30], ""is_rebookable"": false, ""is_new_listing"": false, ""is_fully_refundable"": true, ""is_host_highly_rated"": true, ""is_business_travel_ready"": false}";"{""weekly_factor"": 0.85, ""monthly_factor"": 0.45}";1943;"";"{""is_superhost"": false}"
6010678;Vue sur toits - St Germain des Près;entire_home;Paris;Saint Germain des Prés - Odéon;48.8524276964;2.33933498116;4;"[""https://a0.muscache.com/im/pictures/78116463/4c076720_original.jpg?aki_policy=large"", ""https://a0.muscache.com/im/pictures/77520413/1f7bb792_original.jpg?aki_policy=large"", ""https://a0.muscache.com/im/pictures/77520463/7110e025_original.jpg?aki_policy=large"", ""https://a0.muscache.com/im/pictures/77520627/75cbf50b_original.jpg?aki_policy=large"", ""https://a0.muscache.com/im/pictures/77520517/b53a7428_original.jpg?aki_policy=large"", ""https://a0.muscache.com/im/pictures/77591660/4f695d7b_original.jpg?aki_policy=large"", ""https://a0.muscache.com/im/pictures/77522559/5caee83c_original.jpg?aki_policy=large"", ""https://a0.muscache.com/im/pictures/77521452/1483c9c3_original.jpg?aki_policy=large"", ""https://a0.muscache.com/im/pictures/77520667/ababd9fe_original.jpg?aki_policy=large"", ""https://a0.muscache.com/im/pictures/77520698/303bb055_original.jpg?aki_policy=large""]";"{""beds"": 1, ""bedrooms"": 1, ""bathrooms"": 1.0, ""amenity_ids"": [1, 35, 4, 21, 8, 40, 28, 30], ""is_rebookable"": false, ""is_new_listing"": false, ""is_fully_refundable"": true, ""is_host_highly_rated"": false, ""is_business_travel_ready"": false}";"{""weekly_factor"": 0.75, ""monthly_factor"": 1.0}";1126;"";"{""is_superhost"": false}"
6069917;Grand logement lumineux avec balcon fleuri;entire_home;Paris;Père Lachaise - Ménilmontant;48.8600389045;2.3998607511;2;"[""https://a0.muscache.com/im/pictures/a76f5318-7d6c-4b16-b310-4551f7be2378.jpg?aki_policy=large"", ""https://a0.muscache.com/im/pictures/4a39cfe8-4ba0-45d5-bd3b-fc598ba10024.jpg?aki_policy=large"", ""https://a0.muscache.com/im/pictures/59dca8bc-e687-4910-8cf6-3e0ac07d4607.jpg?aki_policy=large"", ""https://a0.muscache.com/im/pictures/92a9b63b-4aea-4562-b08f-73c797b6af91.jpg?aki_policy=large"", ""https://a0.muscache.com/im/pictures/eab1f2c2-7759-4783-9ed6-8f41019382e4.jpg?aki_policy=large"", ""https://a0.muscache.com/im/pictures/101eaa92-239a-4ef8-ad91-b7e25d80869f.jpg?aki_policy=large"", ""https://a0.muscache.com/im/pictures/1d046685-594d-4b2c-9770-84aebb5bc7c9.jpg?aki_policy=large""]";"{""beds"": 1, ""bedrooms"": 1, ""bathrooms"": 1.0, ""amenity_ids"": [33, 34, 35, 131, 4, 8, 40, 41, 73, 44, 45, 77, 47, 21, 85, 89, 91, 92, 61, 93, 30, 94, 31, 95], ""is_rebookable"": false, ""is_new_listing"": false, ""is_fully_refundable"": true, ""is_host_highly_rated"": true, ""is_business_travel_ready"": false}";"{""weekly_factor"": 0.9, ""monthly_factor"": 1.0}";2317;"";"{""is_superhost"": false}"
6097562;Superbe 3 pièces - Arc Triomphe (2);entire_home;Paris;Champs-Elysées;48.8747481303;2.29481272023;6;"[""https://a0.muscache.com/im/pictures/80012126/f75635af_original.jpg?aki_policy=large"", ""https://a0.muscache.com/im/pictures/80011873/729d4d59_original.jpg?aki_policy=large"", ""https://a0.muscache.com/im/pictures/76189926/e6f1be9c_original.jpg?aki_policy=large"", ""https://a0.muscache.com/im/pictures/80011918/4d644927_original.jpg?aki_policy=large"", ""https://a0.muscache.com/im/pictures/80011984/ee03833f_original.jpg?aki_policy=large"", ""https://a0.muscache.com/im/pictures/80012659/a7873643_original.jpg?aki_policy=large"", ""https://a0.muscache.com/im/pictures/76475486/dfbd2537_original.jpg?aki_policy=large"", ""https://a0.muscache.com/im/pictures/80012070/f1567a7e_original.jpg?aki_policy=large"", ""https://a0.muscache.com/im/pictures/80012265/43c5120b_original.jpg?aki_policy=large"", ""https://a0.muscache.com/im/pictures/80012329/67ef22ad_original.jpg?aki_policy=large"", ""https://a0.muscache.com/im/pictures/80012395/ddcd22b6_original.jpg?aki_policy=large"", ""https://a0.muscache.com/im/pictures/80012436/702043ae_original.jpg?aki_policy=large"", ""https://a0.muscache.com/im/pictures/80012520/e7320775_original.jpg?aki_policy=large"", ""https://a0.muscache.com/im/pictures/80012574/69ccb9a2_original.jpg?aki_policy=large"", ""https://a0.muscache.com/im/pictures/80012615/7f34f4a3_original.jpg?aki_policy=large"", ""https://a0.muscache.com/im/pictures/80012821/f23e5934_original.jpg?aki_policy=large"", ""https://a0.muscache.com/im/pictures/80012902/61aa5343_original.jpg?aki_policy=large"", ""https://a0.muscache.com/im/pictures/80012966/f31f1391_original.jpg?aki_policy=large"", ""https://a0.muscache.com/im/pictures/80013032/f4bebb29_original.jpg?aki_policy=large"", ""https://a0.muscache.com/im/pictures/80013108/fc7a508e_original.jpg?aki_policy=large"", ""https://a0.muscache.com/im/pictures/101571335/67f173d2_original.jpg?aki_policy=large""]";"{""beds"": 3, ""bedrooms"": 2, ""bathrooms"": 1.5, ""amenity_ids"": [1, 33, 3, 35, 4, 21, 8, 40, 41, 30, 31], ""is_rebookable"": false, ""is_new_listing"": false, ""is_fully_refundable"": true, ""is_host_highly_rated"": false, ""is_business_travel_ready"": false}";"{""weekly_factor"": 1.0, ""monthly_factor"": 1.0}";3422;"";"{""is_superhost"": false}"
6150694;Charming Parisian Flat Montmartre;entire_home;Paris;Pigalle - Saint-Georges;48.8817817382;2.34529114434;4;"[""https://a0.muscache.com/im/pictures/af75ac18-580f-4e74-a713-383fd9c28ccd.jpg?aki_policy=large"", ""https://a0.muscache.com/im/pictures/82565081/fca1ebf2_original.jpg?aki_policy=large"", ""https://a0.muscache.com/im/pictures/82565259/9737b4c1_original.jpg?aki_policy=large"", ""https://a0.muscache.com/im/pictures/81989328/bd9ec785_original.jpg?aki_policy=large"", ""https://a0.muscache.com/im/pictures/82564966/f190b526_original.jpg?aki_policy=large"", ""https://a0.muscache.com/im/pictures/82565005/9e9326ba_original.jpg?aki_policy=large"", ""https://a0.muscache.com/im/pictures/82565042/3151e7e4_original.jpg?aki_policy=large"", ""https://a0.muscache.com/im/pictures/82565126/08164434_original.jpg?aki_policy=large"", ""https://a0.muscache.com/im/pictures/82565197/29e45bce_original.jpg?aki_policy=large"", ""https://a0.muscache.com/im/pictures/82565235/65ef8931_original.jpg?aki_policy=large"", ""https://a0.muscache.com/im/pictures/81989372/c1d2a937_original.jpg?aki_policy=large"", ""https://a0.muscache.com/im/pictures/82565283/bb5d3d0d_original.jpg?aki_policy=large"", ""https://a0.muscache.com/im/pictures/82565308/3e799bff_original.jpg?aki_policy=large"", ""https://a0.muscache.com/im/pictures/82565347/e304f5d1_original.jpg?aki_policy=large"", ""https://a0.muscache.com/im/pictures/82565397/7a78ea78_original.jpg?aki_policy=large"", ""https://a0.muscache.com/im/pictures/82565447/12918c52_original.jpg?aki_policy=large"", ""https://a0.muscache.com/im/pictures/82565502/0e4d4f21_original.jpg?aki_policy=large"", ""https://a0.muscache.com/im/pictures/82565540/1614e525_original.jpg?aki_policy=large"", ""https://a0.muscache.com/im/pictures/89021915/5b41e8ee_original.jpg?aki_policy=large""]";"{""beds"": 2, ""bedrooms"": 1, ""bathrooms"": 1.0, ""amenity_ids"": [1, 33, 2, 34, 3, 35, 131, 4, 36, 39, 103, 8, 40, 104, 41, 44, 45, 46, 25, 27, 28, 30, 31], ""is_rebookable"": false, ""is_new_listing"": false, ""is_fully_refundable"": true, ""is_host_highly_rated"": true, ""is_business_travel_ready"": false}";"{""weekly_factor"": 0.85, ""monthly_factor"": 0.75}";3100;"";"{""is_superhost"": false}"
6210284;LE MARAIS BEAUTIFUL PLACE TO STAY;entire_home;Paris;Le Marais;48.8586069243;2.36494189936;2;"[""https://a0.muscache.com/im/pictures/82933543/46d4aa3e_original.jpg?aki_policy=large"", ""https://a0.muscache.com/im/pictures/82934022/af14a592_original.jpg?aki_policy=large"", ""https://a0.muscache.com/im/pictures/82977765/da702202_original.jpg?aki_policy=large"", ""https://a0.muscache.com/im/pictures/78024224/390a901f_original.jpg?aki_policy=large"", ""https://a0.muscache.com/im/pictures/78024256/403d8dd2_original.jpg?aki_policy=large"", ""https://a0.muscache.com/im/pictures/78024270/1934783f_original.jpg?aki_policy=large"", ""https://a0.muscache.com/im/pictures/82977449/ce16923b_original.jpg?aki_policy=large"", ""https://a0.muscache.com/im/pictures/78024278/8b10c30e_original.jpg?aki_policy=large"", ""https://a0.muscache.com/im/pictures/88680391/fc200fdf_original.jpg?aki_policy=large"", ""https://a0.muscache.com/im/pictures/78024323/415e51cd_original.jpg?aki_policy=large""]";"{""beds"": 1, ""bedrooms"": 0, ""bathrooms"": 1.0, ""amenity_ids"": [33, 129, 3, 35, 4, 8, 40, 41, 44, 45, 46, 47, 30], ""is_rebookable"": false, ""is_new_listing"": false, ""is_fully_refundable"": true, ""is_host_highly_rated"": true, ""is_business_travel_ready"": false}";"{""weekly_factor"": 1.0, ""monthly_factor"": 1.0}";6807;"";"{""is_superhost"": true}"
6238043;Idéal pour visiter Paris -5 pers;entire_home;Paris;Bastille;48.8541606206;2.37008995222;5;"[""https://a0.muscache.com/im/pictures/77804505/32c19b00_original.jpg?aki_policy=large"", ""https://a0.muscache.com/im/pictures/77804575/7a4f4453_original.jpg?aki_policy=large"", ""https://a0.muscache.com/im/pictures/77804636/9e48ba61_original.jpg?aki_policy=large"", ""https://a0.muscache.com/im/pictures/82097441/73321a80_original.jpg?aki_policy=large"", ""https://a0.muscache.com/im/pictures/82097686/fbf8ea35_original.jpg?aki_policy=large"", ""https://a0.muscache.com/im/pictures/82097718/6bee6e0f_original.jpg?aki_policy=large"", ""https://a0.muscache.com/im/pictures/82098607/3bada449_original.jpg?aki_policy=large"", ""https://a0.muscache.com/im/pictures/82098733/af2fd4f7_original.jpg?aki_policy=large""]";"{""beds"": 3, ""bedrooms"": 1, ""bathrooms"": 1.0, ""amenity_ids"": [1, 3, 4, 8, 72, 10, 77, 21, 28, 30, 31, 33, 35, 36, 103, 40, 104, 41, 43, 44, 45, 46, 47, 51, 54], ""is_rebookable"": false, ""is_new_listing"": false, ""is_fully_refundable"": true, ""is_host_highly_rated"": false, ""is_business_travel_ready"": false}";"{""weekly_factor"": 0.86, ""monthly_factor"": 0.33}";2455;"";"{""is_superhost"": false}"
6278981;Paris 8/Department stores/180 sqm2 /5 bedrooms;entire_home;Paris;Saint-Lazare;48.8785431061;2.32597160407;9;"[""https://a0.muscache.com/im/pictures/f0b1ef16-150e-45d4-87c5-f2bc3bdfc2c8.jpg?aki_policy=large"", ""https://a0.muscache.com/im/pictures/588e85b0-f2a9-4e2c-bbf8-2fe77215c56b.jpg?aki_policy=large"", ""https://a0.muscache.com/im/pictures/ccc35765-f64e-4d40-b0dd-0f81fcf31988.jpg?aki_policy=large"", ""https://a0.muscache.com/im/pictures/16c40ccb-3722-4075-a1fe-f668f8c99ddf.jpg?aki_policy=large"", ""https://a0.muscache.com/im/pictures/0d79f768-06c6-4f63-9cf0-742b3d77d196.jpg?aki_policy=large"", ""https://a0.muscache.com/im/pictures/eb231f63-2f11-40dc-9b08-fcf651c22b0a.jpg?aki_policy=large"", ""https://a0.muscache.com/im/pictures/75472990-01b0-4675-8843-602599330b39.jpg?aki_policy=large"", ""https://a0.muscache.com/im/pictures/3fae9957-951f-4d47-9123-57648ff71f5e.jpg?aki_policy=large"", ""https://a0.muscache.com/im/pictures/d92e0055-394b-43b6-8920-7029c6e0c2dc.jpg?aki_policy=large"", ""https://a0.muscache.com/im/pictures/609cfddc-9a40-4ed9-8be7-c45d835d3d5d.jpg?aki_policy=large"", ""https://a0.muscache.com/im/pictures/0363a819-29c2-4b94-9d98-f821ba8c0b16.jpg?aki_policy=large"", ""https://a0.muscache.com/im/pictures/d308a766-7a6d-4ee9-941d-03ae552b5f6b.jpg?aki_policy=large"", ""https://a0.muscache.com/im/pictures/b0731032-9cb1-4834-90e3-32af914b4324.jpg?aki_policy=large"", ""https://a0.muscache.com/im/pictures/ca406a93-4d0f-49fd-a02f-2225130dca51.jpg?aki_policy=large"", ""https://a0.muscache.com/im/pictures/af1edbe1-6de4-402f-bf57-eb0972a2d1d9.jpg?aki_policy=large"", ""https://a0.muscache.com/im/pictures/0523bcf3-e5a3-41fc-8f2a-5dc1635571b6.jpg?aki_policy=large"", ""https://a0.muscache.com/im/pictures/b87fea86-96b3-4219-a470-0d42343ef0b4.jpg?aki_policy=large"", ""https://a0.muscache.com/im/pictures/4b035a3a-9938-4bb7-b41d-e569c91aa884.jpg?aki_policy=large"", ""https://a0.muscache.com/im/pictures/e3afe58e-52c3-4e08-87b6-3cec7d9d6cd3.jpg?aki_policy=large"", ""https://a0.muscache.com/im/pictures/a17033db-39af-413e-acc1-51062122c33c.jpg?aki_policy=large"", ""https://a0.muscache.com/im/pictures/5f708972-acca-4401-816f-bd1df705b7d3.jpg?aki_policy=large"", ""https://a0.muscache.com/im/pictures/7e72079a-2bc3-4ef0-b3c7-b00324892e9a.jpg?aki_policy=large"", ""https://a0.muscache.com/im/pictures/b29b6827-9503-4b01-bfab-5eb2082311d5.jpg?aki_policy=large"", ""https://a0.muscache.com/im/pictures/bb046efe-800b-46bb-959f-f76ae8a06f2c.jpg?aki_policy=large"", ""https://a0.muscache.com/im/pictures/c54eca42-d76b-496c-a44b-173b30441c40.jpg?aki_policy=large"", ""https://a0.muscache.com/im/pictures/c15c8661-0433-4d3b-a295-2ca2e2ffb6df.jpg?aki_policy=large""]";"{""beds"": 5, ""bedrooms"": 5, ""bathrooms"": 3.0, ""amenity_ids"": [1, 33, 2, 34, 3, 35, 4, 103, 8, 40, 104, 41, 11, 44, 45, 77, 46, 47, 51, 55, 30, 31], ""is_rebookable"": false, ""is_new_listing"": false, ""is_fully_refundable"": true, ""is_host_highly_rated"": true, ""is_business_travel_ready"": false}";"{""weekly_factor"": 1.0, ""monthly_factor"": 1.0}";7692;"";"{""is_superhost"": false}"
6292406;luxe apart trocadero/champs elysées;entire_home;Paris;Champs-Elysées;48.8708697351;2.29324683759;5;"[""https://a0.muscache.com/im/pictures/89917065/ac1900c8_original.jpg?aki_policy=large"", ""https://a0.muscache.com/im/pictures/fd456a22-f4f8-4302-bb92-ef68d3f5c83a.jpg?aki_policy=large"", ""https://a0.muscache.com/im/pictures/89917090/b058bb32_original.jpg?aki_policy=large"", ""https://a0.muscache.com/im/pictures/e5738d2f-af49-4c79-94e2-44f909f3063a.jpg?aki_policy=large"", ""https://a0.muscache.com/im/pictures/246e47e1-5bfb-40fe-815c-809b3a748deb.jpg?aki_policy=large"", ""https://a0.muscache.com/im/pictures/210894e3-aeaf-405f-9c74-409140722c5c.jpg?aki_policy=large"", ""https://a0.muscache.com/im/pictures/dbc9a3b0-7282-4ba5-aec4-805fda3244b7.jpg?aki_policy=large"", ""https://a0.muscache.com/im/pictures/6a93e892-4753-4787-b9dc-56d9ac56e3ca.jpg?aki_policy=large"", ""https://a0.muscache.com/im/pictures/39c79c3c-754a-48f6-96d0-740f78d453f9.jpg?aki_policy=large"", ""https://a0.muscache.com/im/pictures/89917119/62fee5ad_original.jpg?aki_policy=large"", ""https://a0.muscache.com/im/pictures/c5a3953a-9cd5-4d1d-9773-d50d81cb462b.jpg?aki_policy=large"", ""https://a0.muscache.com/im/pictures/adf00520-82c5-48b8-ac92-6683acc830ab.jpg?aki_policy=large"", ""https://a0.muscache.com/im/pictures/91aeb64e-ddfc-4f36-adf2-4af7cc34190a.jpg?aki_policy=large"", ""https://a0.muscache.com/im/pictures/3a452041-02fd-4c3c-9b11-c965f3b4e2b5.jpg?aki_policy=large"", ""https://a0.muscache.com/im/pictures/c0412cf6-0468-42bb-b145-7663f4473fb5.jpg?aki_policy=large"", ""https://a0.muscache.com/im/pictures/88625175/c641ad08_original.jpg?aki_policy=large"", ""https://a0.muscache.com/im/pictures/20f98ffa-e40f-4052-8b91-5d0db33da23d.jpg?aki_policy=large"", ""https://a0.muscache.com/im/pictures/89917080/f1d7dc65_original.jpg?aki_policy=large"", ""https://a0.muscache.com/im/pictures/88874974/2413fb42_original.jpg?aki_policy=large"", ""https://a0.muscache.com/im/pictures/79094759/a19232b9_original.jpg?aki_policy=large"", ""https://a0.muscache.com/im/pictures/79623493/05e8d8c8_original.jpg?aki_policy=large"", ""https://a0.muscache.com/im/pictures/89917072/6936bc54_original.jpg?aki_policy=large"", ""https://a0.muscache.com/im/pictures/89917147/d9e8150d_original.jpg?aki_policy=large"", ""https://a0.muscache.com/im/pictures/89917168/20de6377_original.jpg?aki_policy=large"", ""https://a0.muscache.com/im/pictures/89917161/f831e614_original.jpg?aki_policy=large"", ""https://a0.muscache.com/im/pictures/89917051/5096a00d_original.jpg?aki_policy=large"", ""https://a0.muscache.com/im/pictures/89917060/bd84f748_original.jpg?aki_policy=large"", ""https://a0.muscache.com/im/pictures/89917105/8da8252e_original.jpg?aki_policy=large"", ""https://a0.muscache.com/im/pictures/89917110/8f9541df_original.jpg?aki_policy=large""]";"{""beds"": 6, ""bedrooms"": 1, ""bathrooms"": 1.0, ""amenity_ids"": [1, 2, 3, 4, 6, 71, 8, 72, 10, 12, 77, 21, 23, 27, 28, 30, 31, 287, 32, 33, 34, 35, 37, 40, 104, 41, 43, 44, 45, 46, 47, 51, 55], ""is_rebookable"": false, ""is_new_listing"": false, ""is_fully_refundable"": true, ""is_host_highly_rated"": true, ""is_business_travel_ready"": false}";"{""weekly_factor"": 0.9, ""monthly_factor"": 0.8}";987;"";"{""is_superhost"": false}"
6332449;Studio dans un ancien atelier de costumes à SoPi;entire_home;Paris;Opéra - Grands Boulevards;48.872093;2.342469;2;"[""https://a0.muscache.com/4ea/air/v2/pictures/8014c298-b937-47cc-92bb-d347bf6a6c8b.jpg?t=r:w1200-h720-sfit,e:fjpg-c90"", ""https://a0.muscache.com/4ea/air/v2/pictures/21a54203-9ed3-4dbe-b840-3f17a7ced6ab.jpg?t=r:w1200-h720-sfit,e:fjpg-c90"", ""https://a0.muscache.com/4ea/air/v2/pictures/cfe730df-1d10-4a56-b06a-ab1dab8374c1.jpg?t=r:w1200-h720-sfit,e:fjpg-c90"", ""https://a0.muscache.com/4ea/air/v2/pictures/e7a0ecac-470a-405f-853a-68c9a9d2dd5b.jpg?t=r:w1200-h720-sfit,e:fjpg-c90"", ""https://a0.muscache.com/4ea/air/v2/pictures/02cb6f4e-1809-4758-acb0-b2d054779b56.jpg?t=r:w1200-h720-sfit,e:fjpg-c90"", ""https://a0.muscache.com/4ea/air/v2/pictures/2060287e-12d1-43c8-bc70-8978bd420cc0.jpg?t=r:w1200-h720-sfit,e:fjpg-c90"", ""https://a0.muscache.com/4ea/air/v2/pictures/e1c1524f-1e3c-4de3-a356-c1fdc65acbf4.jpg?t=r:w1200-h720-sfit,e:fjpg-c90"", ""https://a0.muscache.com/4ea/air/v2/pictures/4ea8fc3b-9e72-4a55-8dec-4392feea59fa.jpg?t=r:w1200-h720-sfit,e:fjpg-c90"", ""https://a0.muscache.com/4ea/air/v2/pictures/1175fe35-5d30-45b8-adf4-8696cc0acc26.jpg?t=r:w1200-h720-sfit,e:fjpg-c90"", ""https://a0.muscache.com/4ea/air/v2/pictures/c7caf80d-d319-48ed-83ab-1e05bde3fd3d.jpg?t=r:w1200-h720-sfit,e:fjpg-c90"", ""https://a0.muscache.com/4ea/air/v2/pictures/85d602bc-9d2a-4484-930f-afa4ed9a7ebb.jpg?t=r:w1200-h720-sfit,e:fjpg-c90"", ""https://a0.muscache.com/4ea/air/v2/pictures/c4fe66d4-4b5e-4586-ab27-2b0c0b78941e.jpg?t=r:w1200-h720-sfit,e:fjpg-c90"", ""https://a0.muscache.com/4ea/air/v2/pictures/9d1f0159-ee55-4603-afca-8c7f2165e096.jpg?t=r:w1200-h720-sfit,e:fjpg-c90"", ""https://a0.muscache.com/4ea/air/v2/pictures/01f975da-3315-42ac-947b-5068575d0ec6.jpg?t=r:w1200-h720-sfit,e:fjpg-c90"", ""https://a0.muscache.com/4ea/air/v2/pictures/2a9593cb-f8e5-4994-8ba0-5d01015753b7.jpg?t=r:w1200-h720-sfit,e:fjpg-c90"", ""https://a0.muscache.com/4ea/air/v2/pictures/ff1c8ea5-837c-4999-ae5e-db06036b82b1.jpg?t=r:w1200-h720-sfit,e:fjpg-c90""]";"{""beds"": 1, ""bedrooms"": 0, ""bathrooms"": 1.0, ""amenity_ids"": [1, 129, 2, 3, 4, 5, 8, 72, 10, 77, 269, 79, 81, 145, 146, 83, 85, 86, 89, 90, 91, 93, 285, 30, 94, 33, 98, 35, 36, 292, 293, 40, 104, 168, 41, 234, 43, 235, 44, 45, 46, 47], ""is_rebookable"": false, ""is_new_listing"": false, ""is_fully_refundable"": false, ""is_host_highly_rated"": true, ""is_business_travel_ready"": false}";"{""weekly_factor"": 1.0, ""monthly_factor"": 1.0}";5825;"";"{""is_superhost"": true}"
6351188;Family apt in center Marais Quin;entire_home;Paris;Châtelet - Les Halles - Beaubourg;48.8636767817;2.35135869107;5;"[""https://a0.muscache.com/im/pictures/79464544/6f058c74_original.jpg?aki_policy=large"", ""https://a0.muscache.com/im/pictures/79464460/94022170_original.jpg?aki_policy=large"", ""https://a0.muscache.com/im/pictures/79464698/d88c137f_original.jpg?aki_policy=large"", ""https://a0.muscache.com/im/pictures/79464801/c4232957_original.jpg?aki_policy=large"", ""https://a0.muscache.com/im/pictures/79464886/6bb82eda_original.jpg?aki_policy=large"", ""https://a0.muscache.com/im/pictures/79465057/2a98643e_original.jpg?aki_policy=large"", ""https://a0.muscache.com/im/pictures/79465124/a62cbe55_original.jpg?aki_policy=large"", ""https://a0.muscache.com/im/pictures/79465205/ac654057_original.jpg?aki_policy=large"", ""https://a0.muscache.com/im/pictures/79465256/2922d36e_original.jpg?aki_policy=large"", ""https://a0.muscache.com/im/pictures/79465300/665a795d_original.jpg?aki_policy=large"", ""https://a0.muscache.com/im/pictures/79465363/3bc6dc0d_original.jpg?aki_policy=large"", ""https://a0.muscache.com/im/pictures/79465416/e6c8e002_original.jpg?aki_policy=large""]";"{""beds"": 5, ""bedrooms"": 3, ""bathrooms"": 2.0, ""amenity_ids"": [1, 33, 129, 2, 34, 3, 35, 4, 8, 40, 104, 10, 44, 45, 77, 46, 47, 85, 28, 30, 31], ""is_rebookable"": false, ""is_new_listing"": false, ""is_fully_refundable"": true, ""is_host_highly_rated"": true, ""is_business_travel_ready"": false}";"{""weekly_factor"": 0.84, ""monthly_factor"": 1.0}";8022;"";"{""is_superhost"": false}"
6456386;Chambre Paris Centre - République;private_room;Paris;République;48.870780974;2.36856918362;2;"[""https://a0.muscache.com/im/pictures/81042876/bf321d4f_original.jpg?aki_policy=large"", ""https://a0.muscache.com/im/pictures/81042938/06389d4a_original.jpg?aki_policy=large"", ""https://a0.muscache.com/im/pictures/81043038/33f0ab1b_original.jpg?aki_policy=large"", ""https://a0.muscache.com/im/pictures/81043116/7c74c29a_original.jpg?aki_policy=large"", ""https://a0.muscache.com/im/pictures/81043189/539401a9_original.jpg?aki_policy=large"", ""https://a0.muscache.com/im/pictures/81043246/5c73cc75_original.jpg?aki_policy=large"", ""https://a0.muscache.com/im/pictures/81043306/a64e019c_original.jpg?aki_policy=large"", ""https://a0.muscache.com/im/pictures/81043503/bac4db7d_original.jpg?aki_policy=large"", ""https://a0.muscache.com/im/pictures/81043575/2e1e7f01_original.jpg?aki_policy=large"", ""https://a0.muscache.com/im/pictures/81043649/932ac4ef_original.jpg?aki_policy=large""]";"{""beds"": 1, ""bedrooms"": 1, ""bathrooms"": 1.0, ""amenity_ids"": [1, 33, 2, 3, 4, 8, 40, 30], ""is_rebookable"": false, ""is_new_listing"": false, ""is_fully_refundable"": true, ""is_host_highly_rated"": true, ""is_business_travel_ready"": false}";"{""weekly_factor"": 1.0, ""monthly_factor"": 1.0}";1123;"";"{""is_superhost"": false}"
6472251;Pauline, 1Ch/1Sdb, 3 personnes;entire_home;Paris;4e arrondissement;48.8546823144;2.3681891308;3;"[""https://a0.muscache.com/im/pictures/81287440/26f787c3_original.jpg?aki_policy=large"", ""https://a0.muscache.com/im/pictures/81287480/60d352f0_original.jpg?aki_policy=large"", ""https://a0.muscache.com/im/pictures/81287504/f2522ce8_original.jpg?aki_policy=large"", ""https://a0.muscache.com/im/pictures/81287511/80b8d726_original.jpg?aki_policy=large"", ""https://a0.muscache.com/im/pictures/81287516/c2968711_original.jpg?aki_policy=large"", ""https://a0.muscache.com/im/pictures/81287519/b377df54_original.jpg?aki_policy=large"", ""https://a0.muscache.com/im/pictures/81287532/f6d6f353_original.jpg?aki_policy=large""]";"{""beds"": 1, ""bedrooms"": 1, ""bathrooms"": 1.0, ""amenity_ids"": [1, 33, 2, 35, 4, 8, 44, 45, 46, 47, 21, 30, 31], ""is_rebookable"": false, ""is_new_listing"": false, ""is_fully_refundable"": true, ""is_host_highly_rated"": true, ""is_business_travel_ready"": false}";"{""weekly_factor"": 0.858108, ""monthly_factor"": 1.0}";6334;"";"{""is_superhost"": false}"
6495864;ID 24 Marais 1 bedroom 4 pax;entire_home;Paris;Le Marais;48.8569264146;2.36021232213;4;"[""https://a0.muscache.com/im/pictures/5a7e1286-94ba-4d84-be44-17b799816642.jpg?aki_policy=large"", ""https://a0.muscache.com/im/pictures/09b9c758-65aa-47e4-8171-8c691e4b8d43.jpg?aki_policy=large"", ""https://a0.muscache.com/im/pictures/c028b939-664a-49fe-baf5-6149555cc632.jpg?aki_policy=large"", ""https://a0.muscache.com/im/pictures/c3d24392-6de2-436d-ba4e-96e6ba31804a.jpg?aki_policy=large"", ""https://a0.muscache.com/im/pictures/d8127c49-bacb-4598-8785-7563ccd8b994.jpg?aki_policy=large"", ""https://a0.muscache.com/im/pictures/4de563f9-54af-4c5f-a0a1-c1f3e4888070.jpg?aki_policy=large"", ""https://a0.muscache.com/im/pictures/431cec68-db72-4449-b085-4bd8804334ae.jpg?aki_policy=large"", ""https://a0.muscache.com/im/pictures/c964c3be-c6ba-43df-b93c-ed62a29fd35b.jpg?aki_policy=large"", ""https://a0.muscache.com/im/pictures/81652926/43ae4c80_original.jpg?aki_policy=large"", ""https://a0.muscache.com/im/pictures/bb37eaff-a73f-4a7e-b07b-5ccfcc2c6e2e.jpg?aki_policy=large"", ""https://a0.muscache.com/im/pictures/c2a98868-6271-4433-9af4-61439a8468c9.jpg?aki_policy=large"", ""https://a0.muscache.com/im/pictures/c4550e2c-34ae-40f3-aacd-3b95d5ad0c3f.jpg?aki_policy=large"", ""https://a0.muscache.com/im/pictures/e85d6186-2959-4576-b85a-cd3c3ea9429e.jpg?aki_policy=large"", ""https://a0.muscache.com/im/pictures/1403a485-90c2-4d0e-b223-00a6963bcd0b.jpg?aki_policy=large"", ""https://a0.muscache.com/im/pictures/5ccd1ce8-c68d-4e6f-8ff6-f821967f85a3.jpg?aki_policy=large""]";"{""beds"": 1, ""bedrooms"": 1, ""bathrooms"": 1.0, ""amenity_ids"": [1, 33, 2, 3, 35, 4, 8, 40, 30], ""is_rebookable"": false, ""is_new_listing"": false, ""is_fully_refundable"": true, ""is_host_highly_rated"": true, ""is_business_travel_ready"": false}";"{""weekly_factor"": 0.8, ""monthly_factor"": 0.39}";6005;"";"{""is_superhost"": false}"
6519685;Galerie Lafayette romantic flat;entire_home;Paris;Pigalle - Saint-Georges;48.8762049324;2.33989782682;3;"[""https://a0.muscache.com/im/pictures/82014260/cdbfebae_original.jpg?aki_policy=large"", ""https://a0.muscache.com/im/pictures/82014769/e6a2ad3e_original.jpg?aki_policy=large"", ""https://a0.muscache.com/im/pictures/82015541/b13f85ea_original.jpg?aki_policy=large"", ""https://a0.muscache.com/im/pictures/82015127/22902387_original.jpg?aki_policy=large"", ""https://a0.muscache.com/im/pictures/82015200/710b2d49_original.jpg?aki_policy=large"", ""https://a0.muscache.com/im/pictures/82015257/b1a6eb8f_original.jpg?aki_policy=large"", ""https://a0.muscache.com/im/pictures/82015313/84581a3c_original.jpg?aki_policy=large"", ""https://a0.muscache.com/im/pictures/82015382/2896dc33_original.jpg?aki_policy=large"", ""https://a0.muscache.com/im/pictures/82015469/024f322f_original.jpg?aki_policy=large"", ""https://a0.muscache.com/im/pictures/82015079/7ffc8631_original.jpg?aki_policy=large"", ""https://a0.muscache.com/im/pictures/82015608/7784ddbf_original.jpg?aki_policy=large"", ""https://a0.muscache.com/im/pictures/82015640/9f8e8286_original.jpg?aki_policy=large"", ""https://a0.muscache.com/im/pictures/82015670/504ee789_original.jpg?aki_policy=large"", ""https://a0.muscache.com/im/pictures/82015710/a6d93fec_original.jpg?aki_policy=large"", ""https://a0.muscache.com/im/pictures/82015747/2cb75ed9_original.jpg?aki_policy=large"", ""https://a0.muscache.com/im/pictures/82015779/f067ed6a_original.jpg?aki_policy=large"", ""https://a0.muscache.com/im/pictures/82015849/7ef680b2_original.jpg?aki_policy=large"", ""https://a0.muscache.com/im/pictures/866d42b4-9197-46e6-bd29-99c44f31b416.jpg?aki_policy=large"", ""https://a0.muscache.com/im/pictures/09d7ea05-17a5-4bad-9074-71054bb54906.jpg?aki_policy=large"", ""https://a0.muscache.com/im/pictures/bb6311c6-4f68-4e70-b533-d76ba5f16167.jpg?aki_policy=large"", ""https://a0.muscache.com/im/pictures/da6835c4-9209-42f5-8960-1de696131d1b.jpg?aki_policy=large"", ""https://a0.muscache.com/im/pictures/e001eb64-06ac-4812-b771-5a30aa93ea01.jpg?aki_policy=large"", ""https://a0.muscache.com/im/pictures/835949b8-35ea-4989-b060-4b1ba3aeb8f5.jpg?aki_policy=large"", ""https://a0.muscache.com/im/pictures/0f20cbfd-5de8-4358-8ae4-7035403065d2.jpg?aki_policy=large"", ""https://a0.muscache.com/im/pictures/4b662539-cec1-447a-afcf-78f60d147932.jpg?aki_policy=large""]";"{""beds"": 2, ""bedrooms"": 1, ""bathrooms"": 1.0, ""amenity_ids"": [1, 3, 35, 4, 8, 40, 41, 43, 44, 45, 46, 30, 31], ""is_rebookable"": false, ""is_new_listing"": false, ""is_fully_refundable"": true, ""is_host_highly_rated"": false, ""is_business_travel_ready"": false}";"{""weekly_factor"": 1.0, ""monthly_factor"": 1.0}";7819;"";"{""is_superhost"": false}"
6521400;Grand Rex Lovely Flat;private_room;Paris;2e arrondissement;48.8686579543;2.35279775966;3;"[""https://a0.muscache.com/im/pictures/cda811d4-eac5-4b4f-bf8b-ceee4987a778.jpg?aki_policy=large"", ""https://a0.muscache.com/im/pictures/009eaeab-8071-4cf5-85fa-e494a953dfaa.jpg?aki_policy=large"", ""https://a0.muscache.com/im/pictures/7cbeb597-f756-447f-9115-d38999aeb412.jpg?aki_policy=large"", ""https://a0.muscache.com/im/pictures/1d1e3477-39ab-469c-92f4-ce3f446f6a6d.jpg?aki_policy=large"", ""https://a0.muscache.com/im/pictures/31c1090d-b398-4155-a88b-6ab58c4cb416.jpg?aki_policy=large"", ""https://a0.muscache.com/im/pictures/d58ccbca-e2fc-4d3c-a9b8-f49fabb325ba.jpg?aki_policy=large"", ""https://a0.muscache.com/im/pictures/54a34a2f-65cf-4282-8125-0440f09ec466.jpg?aki_policy=large"", ""https://a0.muscache.com/im/pictures/ad5bdfd8-0d5c-4b63-bba8-1b74fb9f9b4a.jpg?aki_policy=large"", ""https://a0.muscache.com/im/pictures/ace3709f-d150-4b46-b63a-0cd96b3aaeaf.jpg?aki_policy=large"", ""https://a0.muscache.com/im/pictures/62da970a-a184-4882-b320-9bfd45669d3b.jpg?aki_policy=large"", ""https://a0.muscache.com/im/pictures/4c735056-dd91-4e4d-9fd6-24a18cf5ef28.jpg?aki_policy=large"", ""https://a0.muscache.com/im/pictures/82053866/029f96fd_original.jpg?aki_policy=large"", ""https://a0.muscache.com/im/pictures/b6c21b94-b42d-4da3-9cdb-fe5a97f28bd7.jpg?aki_policy=large"", ""https://a0.muscache.com/im/pictures/338149ee-adcb-46e2-9bc5-5ebe888dd8b4.jpg?aki_policy=large"", ""https://a0.muscache.com/im/pictures/ae8d805e-a6ff-4dba-8062-cf63389e84b3.jpg?aki_policy=large"", ""https://a0.muscache.com/im/pictures/963df93e-3cd7-4d97-b6af-9659300dd4c0.jpg?aki_policy=large"", ""https://a0.muscache.com/im/pictures/82055065/810c1961_original.jpg?aki_policy=large"", ""https://a0.muscache.com/im/pictures/82055223/57ae1558_original.jpg?aki_policy=large""]";"{""beds"": 2, ""bedrooms"": 0, ""bathrooms"": 1.0, ""amenity_ids"": [1, 33, 3, 35, 4, 8, 40, 41, 44, 45, 46, 47, 30, 31], ""is_rebookable"": false, ""is_new_listing"": false, ""is_fully_refundable"": true, ""is_host_highly_rated"": false, ""is_business_travel_ready"": false}";"{""weekly_factor"": 0.99, ""monthly_factor"": 0.98}";7259;"";"{""is_superhost"": false}"
6533946;Grand duplex 65m2 pour 4;entire_home;Paris;République;48.8678075009;2.37253826989;4;"[""https://a0.muscache.com/im/pictures/82212588/6fabe24a_original.jpg?aki_policy=large"", ""https://a0.muscache.com/im/pictures/82212613/f6a37401_original.jpg?aki_policy=large"", ""https://a0.muscache.com/im/pictures/82212633/5ffa9acc_original.jpg?aki_policy=large"", ""https://a0.muscache.com/im/pictures/82212742/4da48b54_original.jpg?aki_policy=large"", ""https://a0.muscache.com/im/pictures/84451643/991b42e6_original.jpg?aki_policy=large""]";"{""beds"": 2, ""bedrooms"": 2, ""bathrooms"": 1.0, ""amenity_ids"": [33, 2, 3, 35, 4, 8, 40, 28, 30, 31], ""is_rebookable"": false, ""is_new_listing"": false, ""is_fully_refundable"": true, ""is_host_highly_rated"": true, ""is_business_travel_ready"": false}";"{""weekly_factor"": 1.0, ""monthly_factor"": 1.0}";962;"";"{""is_superhost"": false}"
6541176;Elegant appartment view on Eiffel Tower;entire_home;Paris;Tour Eiffel - Champ de Mars;48.8563277791;2.29472777649;4;"[""https://a0.muscache.com/im/pictures/c6f4b2e2-689b-480f-9183-f5284ca6dccc.jpg?aki_policy=large"", ""https://a0.muscache.com/im/pictures/ffd05746-032e-43ab-a147-3de21a332b0d.jpg?aki_policy=large"", ""https://a0.muscache.com/im/pictures/1dc45d25-9e02-4dfd-beb5-84a0cec0d4fb.jpg?aki_policy=large"", ""https://a0.muscache.com/im/pictures/306f8fa2-94a4-482a-ba4d-d2177973ed1d.jpg?aki_policy=large"", ""https://a0.muscache.com/im/pictures/e57b7866-7d62-4ec4-896a-006a49624fa8.jpg?aki_policy=large"", ""https://a0.muscache.com/im/pictures/f0b6866f-9dc6-4caf-890a-6b5cf79994e8.jpg?aki_policy=large"", ""https://a0.muscache.com/im/pictures/9906c858-9842-49d0-b226-8a47cda340a8.jpg?aki_policy=large"", ""https://a0.muscache.com/im/pictures/44699475-aa1a-4812-9c01-300abed873f2.jpg?aki_policy=large"", ""https://a0.muscache.com/im/pictures/7c187e54-5eed-4320-8a4f-477709b05010.jpg?aki_policy=large"", ""https://a0.muscache.com/im/pictures/0d008b2b-b1bc-4d4f-bedc-87e950e928b4.jpg?aki_policy=large"", ""https://a0.muscache.com/im/pictures/c722ba0e-0cc7-4f1a-b541-8fd06b7a249a.jpg?aki_policy=large"", ""https://a0.muscache.com/im/pictures/10751a2d-211c-46c6-bf78-f7acbed9b83f.jpg?aki_policy=large"", ""https://a0.muscache.com/im/pictures/7ab5c968-2080-479e-a396-73a454891fa4.jpg?aki_policy=large"", ""https://a0.muscache.com/im/pictures/d0c76209-98fb-4399-b2cb-117bf835f4e0.jpg?aki_policy=large""]";"{""beds"": 1, ""bedrooms"": 1, ""bathrooms"": 1.0, ""amenity_ids"": [1, 129, 2, 66, 3, 67, 4, 6, 70, 71, 8, 72, 73, 10, 74, 77, 14, 16, 21, 28, 30, 31, 287, 33, 34, 39, 103, 40, 41, 43, 44, 45, 46, 47, 62], ""is_rebookable"": false, ""is_new_listing"": false, ""is_fully_refundable"": true, ""is_host_highly_rated"": true, ""is_business_travel_ready"": false}";"{""weekly_factor"": 0.86, ""monthly_factor"": 0.8}";948;"";"{""is_superhost"": true}"
6622554;130m² Hausman flat, 5mn eiffe tower;entire_home;Paris;Invalides - Ecole Militaire;48.8462954085;2.31104117715;6;"[""https://a0.muscache.com/im/pictures/85184821/8e1c7d8c_original.jpg?aki_policy=large"", ""https://a0.muscache.com/im/pictures/85178785/86133185_original.jpg?aki_policy=large"", ""https://a0.muscache.com/im/pictures/85179066/cec77f9a_original.jpg?aki_policy=large"", ""https://a0.muscache.com/im/pictures/85179173/94cd5cf4_original.jpg?aki_policy=large"", ""https://a0.muscache.com/im/pictures/85179257/905ffa4e_original.jpg?aki_policy=large"", ""https://a0.muscache.com/im/pictures/85183079/d6e04d67_original.jpg?aki_policy=large"", ""https://a0.muscache.com/im/pictures/85183163/db7ed479_original.jpg?aki_policy=large"", ""https://a0.muscache.com/im/pictures/85183299/8973cd5a_original.jpg?aki_policy=large"", ""https://a0.muscache.com/im/pictures/85183456/b1829328_original.jpg?aki_policy=large"", ""https://a0.muscache.com/im/pictures/85183541/70eb226b_original.jpg?aki_policy=large"", ""https://a0.muscache.com/im/pictures/85183640/d5ee9daa_original.jpg?aki_policy=large"", ""https://a0.muscache.com/im/pictures/85183735/834aca20_original.jpg?aki_policy=large"", ""https://a0.muscache.com/im/pictures/85183841/81c8c0c1_original.jpg?aki_policy=large"", ""https://a0.muscache.com/im/pictures/85183943/e139a3bd_original.jpg?aki_policy=large"", ""https://a0.muscache.com/im/pictures/85184042/863be0bd_original.jpg?aki_policy=large"", ""https://a0.muscache.com/im/pictures/85184142/a7004235_original.jpg?aki_policy=large"", ""https://a0.muscache.com/im/pictures/85184246/9b4a3458_original.jpg?aki_policy=large"", ""https://a0.muscache.com/im/pictures/85184331/1aee2cf9_original.jpg?aki_policy=large"", ""https://a0.muscache.com/im/pictures/85184447/ff8f55fa_original.jpg?aki_policy=large"", ""https://a0.muscache.com/im/pictures/85184546/8ef5049f_original.jpg?aki_policy=large"", ""https://a0.muscache.com/im/pictures/85184626/38bf4a91_original.jpg?aki_policy=large"", ""https://a0.muscache.com/im/pictures/85184730/668fc3ae_original.jpg?aki_policy=large"", ""https://a0.muscache.com/im/pictures/85184938/b12a25cf_original.jpg?aki_policy=large"", ""https://a0.muscache.com/im/pictures/85185085/f0eda055_original.jpg?aki_policy=large"", ""https://a0.muscache.com/im/pictures/85185224/98d2b322_original.jpg?aki_policy=large"", ""https://a0.muscache.com/im/pictures/85185341/47049c1a_original.jpg?aki_policy=large"", ""https://a0.muscache.com/im/pictures/85185430/d16d0e45_original.jpg?aki_policy=large"", ""https://a0.muscache.com/im/pictures/85185515/670bb4d5_original.jpg?aki_policy=large"", ""https://a0.muscache.com/im/pictures/85185602/c8954b2b_original.jpg?aki_policy=large""]";"{""beds"": 3, ""bedrooms"": 3, ""bathrooms"": 2.5, ""amenity_ids"": [1, 33, 34, 3, 35, 4, 36, 37, 38, 8, 40, 9, 41, 43, 44, 45, 46, 47, 21, 30, 31], ""is_rebookable"": false, ""is_new_listing"": false, ""is_fully_refundable"": true, ""is_host_highly_rated"": true, ""is_business_travel_ready"": false}";"{""weekly_factor"": 1.0, ""monthly_factor"": 0.88}";4861;"";"{""is_superhost"": false}"
6642130;Studio proche Bastille/Gare de Lyon;entire_home;Paris;Bastille;48.8518412395;2.38063268173;2;"[""https://a0.muscache.com/im/pictures/83720622/ae9509f7_original.jpg?aki_policy=large"", ""https://a0.muscache.com/im/pictures/331cc5e7-3e3f-438e-9d75-635ee688f498.jpg?aki_policy=large"", ""https://a0.muscache.com/im/pictures/83720715/aee9c211_original.jpg?aki_policy=large"", ""https://a0.muscache.com/im/pictures/83720752/3aebdb68_original.jpg?aki_policy=large"", ""https://a0.muscache.com/im/pictures/83720372/a093875b_original.jpg?aki_policy=large"", ""https://a0.muscache.com/im/pictures/bb6451c0-a120-4cb5-8f0a-2b4d8fd4fc41.jpg?aki_policy=large"", ""https://a0.muscache.com/im/pictures/dcdc3fd7-d09d-4c8e-a2d5-77c3ee3328b5.jpg?aki_policy=large"", ""https://a0.muscache.com/im/pictures/e0906e60-28ed-459f-add5-c50593d41924.jpg?aki_policy=large"", ""https://a0.muscache.com/im/pictures/83720651/367883ac_original.jpg?aki_policy=large"", ""https://a0.muscache.com/im/pictures/83720684/fc823ce7_original.jpg?aki_policy=large"", ""https://a0.muscache.com/im/pictures/83720540/8bbe2e88_original.jpg?aki_policy=large"", ""https://a0.muscache.com/im/pictures/19260a52-111d-4530-be10-e24d378904e1.jpg?aki_policy=large"", ""https://a0.muscache.com/im/pictures/83720581/18f2d16e_original.jpg?aki_policy=large""]";"{""beds"": 1, ""bedrooms"": 0, ""bathrooms"": 1.0, ""amenity_ids"": [1, 33, 129, 34, 3, 35, 4, 8, 40, 104, 10, 44, 45, 77, 46, 47, 50, 28, 30, 31], ""is_rebookable"": false, ""is_new_listing"": false, ""is_fully_refundable"": true, ""is_host_highly_rated"": true, ""is_business_travel_ready"": false}";"{""weekly_factor"": 0.95, ""monthly_factor"": 0.8}";1224;"";"{""is_superhost"": false}"
6666647;Great view 75sqm  2bdr Eiffel Tower;entire_home;Paris;Tour Eiffel - Champ de Mars;48.8508996456;2.29638891683;5;"[""https://a0.muscache.com/im/pictures/9e0a2219-ac9f-4a68-a4e5-aaceed7a8dc1.jpg?aki_policy=large"", ""https://a0.muscache.com/im/pictures/20f19928-ee7b-440d-bb4b-261cc0f12dc1.jpg?aki_policy=large"", ""https://a0.muscache.com/im/pictures/e8a48baa-493e-4f02-985c-6640be76f266.jpg?aki_policy=large"", ""https://a0.muscache.com/im/pictures/45647044-2177-4297-bd7c-2af0d58df0c4.jpg?aki_policy=large"", ""https://a0.muscache.com/im/pictures/ca94d401-11ad-46e1-940b-700816e4d589.jpg?aki_policy=large"", ""https://a0.muscache.com/im/pictures/86676895/2a224a80_original.jpg?aki_policy=large"", ""https://a0.muscache.com/im/pictures/7e262822-c034-4f18-a7e5-e4e0041cdf5f.jpg?aki_policy=large"", ""https://a0.muscache.com/im/pictures/86676903/ac2bb3ef_original.jpg?aki_policy=large"", ""https://a0.muscache.com/im/pictures/85658204/74e2004f_original.jpg?aki_policy=large"", ""https://a0.muscache.com/im/pictures/85657303/e4d3ee98_original.jpg?aki_policy=large"", ""https://a0.muscache.com/im/pictures/5f7f6ff1-ef97-40de-a021-0eef465f171c.jpg?aki_policy=large"", ""https://a0.muscache.com/im/pictures/32607f56-2691-4d80-9f33-085101e4a747.jpg?aki_policy=large"", ""https://a0.muscache.com/im/pictures/86676854/e5b42d31_original.jpg?aki_policy=large"", ""https://a0.muscache.com/im/pictures/c584a90a-ef64-411f-823b-de4b1e2f98cd.jpg?aki_policy=large"", ""https://a0.muscache.com/im/pictures/59a4a091-75f4-4755-9349-6514c61c34d6.jpg?aki_policy=large"", ""https://a0.muscache.com/im/pictures/eda5addf-31ee-4f70-897c-743004959dd3.jpg?aki_policy=large"", ""https://a0.muscache.com/im/pictures/ffc8dfaf-3182-4c1e-af26-fbc11ac2cf34.jpg?aki_policy=large"", ""https://a0.muscache.com/im/pictures/74bc2422-a2d0-4477-9493-a14f464319df.jpg?aki_policy=large"", ""https://a0.muscache.com/im/pictures/a6fa8d9b-21f6-4ca9-a27a-290b4dddda8b.jpg?aki_policy=large"", ""https://a0.muscache.com/im/pictures/57baa8b1-9394-444a-9d60-78be9e505406.jpg?aki_policy=large""]";"{""beds"": 4, ""bedrooms"": 2, ""bathrooms"": 1.0, ""amenity_ids"": [33, 34, 35, 5, 21, 8, 40, 72, 9, 41, 30, 31], ""is_rebookable"": false, ""is_new_listing"": false, ""is_fully_refundable"": true, ""is_host_highly_rated"": false, ""is_business_travel_ready"": false}";"{""weekly_factor"": 0.8, ""monthly_factor"": 0.8}";4253;"";"{""is_superhost"": false}"
6667589;Appartement comme une maison;entire_home;Paris;"";48.8667745732;2.37257012149;6;"[""https://a0.muscache.com/im/pictures/84069333/a3eedd57_original.jpg?aki_policy=large"", ""https://a0.muscache.com/im/pictures/84069375/690dd3f1_original.jpg?aki_policy=large"", ""https://a0.muscache.com/im/pictures/84069409/18c112a6_original.jpg?aki_policy=large"", ""https://a0.muscache.com/im/pictures/84069427/55ef4eeb_original.jpg?aki_policy=large"", ""https://a0.muscache.com/im/pictures/84069454/9a1b5b33_original.jpg?aki_policy=large"", ""https://a0.muscache.com/im/pictures/84069472/4742722a_original.jpg?aki_policy=large"", ""https://a0.muscache.com/im/pictures/84069588/03e034f2_original.jpg?aki_policy=large"", ""https://a0.muscache.com/im/pictures/84069633/64b53d14_original.jpg?aki_policy=large""]";"{""beds"": 4, ""bedrooms"": 4, ""bathrooms"": 1.0, ""amenity_ids"": [1, 33, 3, 4, 39, 8, 40, 12, 28, 30, 31], ""is_rebookable"": false, ""is_new_listing"": false, ""is_fully_refundable"": true, ""is_host_highly_rated"": false, ""is_business_travel_ready"": false}";"{""weekly_factor"": 0.8, ""monthly_factor"": 0.65}";64;"";"{""is_superhost"": false}"
6739175;TWO BDR LOFT  IN THE MARAIS;entire_home;Paris;Le Marais;48.8609107197;2.36579252375;4;"[""https://a0.muscache.com/im/pictures/a2876368-946c-40e1-9292-ba9f8a70a7e6.jpg?aki_policy=large"", ""https://a0.muscache.com/im/pictures/3d607c00-02ca-42b1-a695-275d1e7faf01.jpg?aki_policy=large"", ""https://a0.muscache.com/im/pictures/f8290acc-1e9a-40df-8431-4eca478ba8f1.jpg?aki_policy=large"", ""https://a0.muscache.com/im/pictures/d380af1f-f049-4947-9011-7bccc2bb91a3.jpg?aki_policy=large"", ""https://a0.muscache.com/im/pictures/632700c7-04ed-4d62-a145-2c24a47d0ce4.jpg?aki_policy=large"", ""https://a0.muscache.com/im/pictures/9fa90259-c50d-418a-823b-22c0ad258277.jpg?aki_policy=large"", ""https://a0.muscache.com/im/pictures/2dfdc89f-875e-4913-af92-069b03df9838.jpg?aki_policy=large"", ""https://a0.muscache.com/im/pictures/8765e9ac-f44d-4ca4-904c-9c5696eb0823.jpg?aki_policy=large"", ""https://a0.muscache.com/im/pictures/77fba8d3-b2b8-44f3-80ac-7b6c0c3a06e9.jpg?aki_policy=large"", ""https://a0.muscache.com/im/pictures/6eeb5f90-01e6-4859-8250-09fde97ae34f.jpg?aki_policy=large"", ""https://a0.muscache.com/im/pictures/8493e9cc-a0c5-4665-be98-322200e2e2c0.jpg?aki_policy=large"", ""https://a0.muscache.com/im/pictures/57bfeed9-969b-4cce-b759-f3b8e29b5570.jpg?aki_policy=large"", ""https://a0.muscache.com/im/pictures/89e38221-95b6-48e4-bc68-12897b265ee2.jpg?aki_policy=large"", ""https://a0.muscache.com/im/pictures/87173ee8-0841-4134-a1c7-09906107ec71.jpg?aki_policy=large"", ""https://a0.muscache.com/im/pictures/9d62aef4-679e-42aa-8f2a-302e983418f1.jpg?aki_policy=large"", ""https://a0.muscache.com/im/pictures/a8079ff1-1c78-48c1-994c-6980ca99fd53.jpg?aki_policy=large"", ""https://a0.muscache.com/im/pictures/9fa7a871-2d9c-44ac-a947-0ed109212680.jpg?aki_policy=large"", ""https://a0.muscache.com/im/pictures/0338f6c7-75bf-4e68-a3fd-a2b57aa470e3.jpg?aki_policy=large"", ""https://a0.muscache.com/im/pictures/533e3f60-a9e4-433c-89b9-748618bb7d1b.jpg?aki_policy=large"", ""https://a0.muscache.com/im/pictures/2497dd35-9aa4-42c3-b7a7-e1316d0f84f6.jpg?aki_policy=large"", ""https://a0.muscache.com/im/pictures/ee6311aa-daf7-4e8c-9548-95112ffabe10.jpg?aki_policy=large"", ""https://a0.muscache.com/im/pictures/cd1c8113-6fda-4ffe-8bee-535c518678ec.jpg?aki_policy=large"", ""https://a0.muscache.com/im/pictures/fe28fbbf-2603-44fc-bc7b-28db6f4d7b30.jpg?aki_policy=large"", ""https://a0.muscache.com/im/pictures/b042070b-c365-4df0-9cb0-a32e35acd3c4.jpg?aki_policy=large"", ""https://a0.muscache.com/im/pictures/e2a7cb67-302c-4b03-8606-f3d0bebfbb29.jpg?aki_policy=large"", ""https://a0.muscache.com/im/pictures/db66c416-aae2-4cea-bf9d-32fb4e09d307.jpg?aki_policy=large"", ""https://a0.muscache.com/im/pictures/f2a94f8f-80e2-4e9a-aaa9-ea5ba11bfd67.jpg?aki_policy=large"", ""https://a0.muscache.com/im/pictures/8589b9e0-1b8a-4eee-8b73-647a2e1ac8ee.jpg?aki_policy=large""]";"{""beds"": 3, ""bedrooms"": 2, ""bathrooms"": 2.0, ""amenity_ids"": [1, 33, 129, 2, 34, 3, 35, 4, 36, 8, 40, 41, 43, 12, 44, 45, 77, 46, 47, 21, 28, 30, 31], ""is_rebookable"": false, ""is_new_listing"": false, ""is_fully_refundable"": true, ""is_host_highly_rated"": true, ""is_business_travel_ready"": false}";"{""weekly_factor"": 1.0, ""monthly_factor"": 1.0}";985;"";"{""is_superhost"": false}"
6803808;Bienvenue Welcome ようこそ;entire_home;Paris;"";48.8742013969;2.35926482017;2;"[""https://a0.muscache.com/im/pictures/88902859/b1a99e64_original.jpg?aki_policy=large"", ""https://a0.muscache.com/im/pictures/88902776/f8be09bb_original.jpg?aki_policy=large"", ""https://a0.muscache.com/im/pictures/88903157/8cddb5d2_original.jpg?aki_policy=large"", ""https://a0.muscache.com/im/pictures/89120452/6701f9e9_original.jpg?aki_policy=large"", ""https://a0.muscache.com/im/pictures/89120706/7e30806a_original.jpg?aki_policy=large"", ""https://a0.muscache.com/im/pictures/88903474/ce81e305_original.jpg?aki_policy=large"", ""https://a0.muscache.com/im/pictures/88903666/69206b64_original.jpg?aki_policy=large"", ""https://a0.muscache.com/im/pictures/88903924/25028b82_original.jpg?aki_policy=large"", ""https://a0.muscache.com/im/pictures/88904073/120046a3_original.jpg?aki_policy=large"", ""https://a0.muscache.com/im/pictures/85955526/81ee46de_original.jpg?aki_policy=large"", ""https://a0.muscache.com/im/pictures/88909037/61caa1e3_original.jpg?aki_policy=large"", ""https://a0.muscache.com/im/pictures/88909139/e52dd900_original.jpg?aki_policy=large"", ""https://a0.muscache.com/im/pictures/88909206/9d7886e3_original.jpg?aki_policy=large"", ""https://a0.muscache.com/im/pictures/88909471/558357d6_original.jpg?aki_policy=large"", ""https://a0.muscache.com/im/pictures/88909520/59a42eb4_original.jpg?aki_policy=large"", ""https://a0.muscache.com/im/pictures/88909629/1a2e8302_original.jpg?aki_policy=large"", ""https://a0.muscache.com/im/pictures/88909642/b1012596_original.jpg?aki_policy=large"", ""https://a0.muscache.com/im/pictures/88915652/170ae068_original.jpg?aki_policy=large"", ""https://a0.muscache.com/im/pictures/88914531/6d503da2_original.jpg?aki_policy=large"", ""https://a0.muscache.com/im/pictures/88914897/cb2d2eac_original.jpg?aki_policy=large"", ""https://a0.muscache.com/im/pictures/88915153/a62b8d9e_original.jpg?aki_policy=large"", ""https://a0.muscache.com/im/pictures/88918884/15983d29_original.jpg?aki_policy=large"", ""https://a0.muscache.com/im/pictures/88918899/06f54c86_original.jpg?aki_policy=large"", ""https://a0.muscache.com/im/pictures/88918915/c5c4a33b_original.jpg?aki_policy=large"", ""https://a0.muscache.com/im/pictures/89120657/cead44bb_original.jpg?aki_policy=large"", ""https://a0.muscache.com/im/pictures/89120811/beb50b33_original.jpg?aki_policy=large""]";"{""beds"": 1, ""bedrooms"": 0, ""bathrooms"": 1.0, ""amenity_ids"": [33, 129, 3, 35, 4, 8, 40, 10, 107, 44, 77, 46, 47, 115, 21, 85, 120, 89, 91, 93, 30, 94, 31], ""is_rebookable"": false, ""is_new_listing"": false, ""is_fully_refundable"": true, ""is_host_highly_rated"": false, ""is_business_travel_ready"": false}";"{""weekly_factor"": 1.0, ""monthly_factor"": 1.0}";6526;"";"{""is_superhost"": false}"
6817168;Studio 17m2 métro alexandre DUMAS;entire_home;Paris;Nation;48.8560482224;2.39760962763;2;"[""https://a0.muscache.com/im/pictures/92456275/d1899576_original.jpg?aki_policy=large"", ""https://a0.muscache.com/im/pictures/86167348/d2055b6e_original.jpg?aki_policy=large"", ""https://a0.muscache.com/im/pictures/86166776/7b432c09_original.jpg?aki_policy=large"", ""https://a0.muscache.com/im/pictures/92455934/c4895226_original.jpg?aki_policy=large"", ""https://a0.muscache.com/im/pictures/92455771/6fbdd237_original.jpg?aki_policy=large"", ""https://a0.muscache.com/im/pictures/86166979/646035fa_original.jpg?aki_policy=large"", ""https://a0.muscache.com/im/pictures/92456074/4fa886f0_original.jpg?aki_policy=large"", ""https://a0.muscache.com/im/pictures/86167154/60bf9556_original.jpg?aki_policy=large"", ""https://a0.muscache.com/im/pictures/86167508/7d9c1a8e_original.jpg?aki_policy=large"", ""https://a0.muscache.com/im/pictures/86167967/37efc816_original.jpg?aki_policy=large"", ""https://a0.muscache.com/im/pictures/86168242/cae986f4_original.jpg?aki_policy=large"", ""https://a0.muscache.com/im/pictures/86171765/b67eeac9_original.jpg?aki_policy=large"", ""https://a0.muscache.com/im/pictures/86170545/e2ff4bcd_original.jpg?aki_policy=large"", ""https://a0.muscache.com/im/pictures/86170690/cc234ecc_original.jpg?aki_policy=large"", ""https://a0.muscache.com/im/pictures/86167759/fcc675ea_original.jpg?aki_policy=large"", ""https://a0.muscache.com/im/pictures/86170343/fbe1b476_original.jpg?aki_policy=large"", ""https://a0.muscache.com/im/pictures/86169953/05798a69_original.jpg?aki_policy=large"", ""https://a0.muscache.com/im/pictures/86171458/29de3a7b_original.jpg?aki_policy=large"", ""https://a0.muscache.com/im/pictures/86170974/cc32536e_original.jpg?aki_policy=large"", ""https://a0.muscache.com/im/pictures/87408559/dbcf7f68_original.jpg?aki_policy=large"", ""https://a0.muscache.com/im/pictures/92455464/cb0dfb4a_original.jpg?aki_policy=large""]";"{""beds"": 1, ""bedrooms"": 0, ""bathrooms"": 1.0, ""amenity_ids"": [1, 33, 35, 4, 8, 40, 41, 44, 46, 47, 49, 50, 28, 30], ""is_rebookable"": false, ""is_new_listing"": false, ""is_fully_refundable"": true, ""is_host_highly_rated"": false, ""is_business_travel_ready"": false}";"{""weekly_factor"": 1.0, ""monthly_factor"": 0.67}";7331;"";"{""is_superhost"": false}"
6827808;Appartement grand et lumineux à Montmartre;entire_home;Paris;Montmartre;48.8822724051;2.34182026846;7;"[""https://a0.muscache.com/im/pictures/86330223/333a6fc4_original.jpg?aki_policy=large"", ""https://a0.muscache.com/im/pictures/86330536/10157e23_original.jpg?aki_policy=large"", ""https://a0.muscache.com/im/pictures/86330876/e08df1ae_original.jpg?aki_policy=large"", ""https://a0.muscache.com/im/pictures/86331282/b7903c54_original.jpg?aki_policy=large"", ""https://a0.muscache.com/im/pictures/86331805/c15866b0_original.jpg?aki_policy=large"", ""https://a0.muscache.com/im/pictures/86331942/6e98044d_original.jpg?aki_policy=large"", ""https://a0.muscache.com/im/pictures/86332341/86bd2217_original.jpg?aki_policy=large"", ""https://a0.muscache.com/im/pictures/86332574/b0a1ff19_original.jpg?aki_policy=large""]";"{""beds"": 4, ""bedrooms"": 3, ""bathrooms"": 1.0, ""amenity_ids"": [1, 2, 3, 4, 8, 72, 77, 21, 85, 86, 89, 90, 91, 92, 93, 30, 94, 31, 95, 96, 33, 35, 36, 37, 39, 40, 41, 44, 45, 46, 47], ""is_rebookable"": false, ""is_new_listing"": false, ""is_fully_refundable"": true, ""is_host_highly_rated"": true, ""is_business_travel_ready"": false}";"{""weekly_factor"": 0.92, ""monthly_factor"": 1.0}";1038;"";"{""is_superhost"": true}"
6839715;Au pied de la Tour Eiffel...The Bedroom !;private_room;Paris;Tour Eiffel - Champ de Mars;48.8553745128;2.29342775145;2;"[""https://a0.muscache.com/im/pictures/91811692/8fbaa481_original.jpg?aki_policy=large"", ""https://a0.muscache.com/im/pictures/91811934/a116b78f_original.jpg?aki_policy=large"", ""https://a0.muscache.com/im/pictures/91811809/023a48fd_original.jpg?aki_policy=large"", ""https://a0.muscache.com/im/pictures/91812770/74d65c82_original.jpg?aki_policy=large"", ""https://a0.muscache.com/im/pictures/91813143/25bd5c1b_original.jpg?aki_policy=large"", ""https://a0.muscache.com/im/pictures/91813294/39e1b796_original.jpg?aki_policy=large"", ""https://a0.muscache.com/im/pictures/91813817/e7e43bfd_original.jpg?aki_policy=large""]";"{""beds"": 1, ""bedrooms"": 1, ""bathrooms"": 1.0, ""amenity_ids"": [17, 33, 34, 19, 35, 4, 8, 30], ""is_rebookable"": false, ""is_new_listing"": false, ""is_fully_refundable"": true, ""is_host_highly_rated"": false, ""is_business_travel_ready"": false}";"{""weekly_factor"": 0.8, ""monthly_factor"": 1.0}";1614;"";"{""is_superhost"": false}"
6874412;Appartement lumineux Champs Elysées;entire_home;Paris;Champs-Elysées;48.8724629159;2.30189024;4;"[""https://a0.muscache.com/im/pictures/87000574/0d2164e2_original.jpg?aki_policy=large"", ""https://a0.muscache.com/im/pictures/87000499/6ca35beb_original.jpg?aki_policy=large"", ""https://a0.muscache.com/im/pictures/87000887/66651192_original.jpg?aki_policy=large"", ""https://a0.muscache.com/im/pictures/87000605/26f2b1c4_original.jpg?aki_policy=large"", ""https://a0.muscache.com/im/pictures/87000641/d58b1b5f_original.jpg?aki_policy=large"", ""https://a0.muscache.com/im/pictures/87001008/56f22172_original.jpg?aki_policy=large"", ""https://a0.muscache.com/im/pictures/87000545/b62d9382_original.jpg?aki_policy=large"", ""https://a0.muscache.com/im/pictures/87000626/0d40bcce_original.jpg?aki_policy=large"", ""https://a0.muscache.com/im/pictures/87000676/191a5d65_original.jpg?aki_policy=large"", ""https://a0.muscache.com/im/pictures/87000683/70a2d6c3_original.jpg?aki_policy=large"", ""https://a0.muscache.com/im/pictures/87000688/41c74492_original.jpg?aki_policy=large"", ""https://a0.muscache.com/im/pictures/87000707/c265472d_original.jpg?aki_policy=large"", ""https://a0.muscache.com/im/pictures/87000727/4f17ece3_original.jpg?aki_policy=large"", ""https://a0.muscache.com/im/pictures/87000445/e51d7fb7_original.jpg?aki_policy=large"", ""https://a0.muscache.com/im/pictures/87000467/bbd05848_original.jpg?aki_policy=large"", ""https://a0.muscache.com/im/pictures/87000521/c80b1799_original.jpg?aki_policy=large"", ""https://a0.muscache.com/im/pictures/87000531/f6a81226_original.jpg?aki_policy=large"", ""https://a0.muscache.com/im/pictures/87000588/d41330a5_original.jpg?aki_policy=large"", ""https://a0.muscache.com/im/pictures/87000765/9e92112a_original.jpg?aki_policy=large"", ""https://a0.muscache.com/im/pictures/87000779/5d3c0aa8_original.jpg?aki_policy=large"", ""https://a0.muscache.com/im/pictures/87000797/a9914b13_original.jpg?aki_policy=large"", ""https://a0.muscache.com/im/pictures/87000810/c7bb7bfd_original.jpg?aki_policy=large"", ""https://a0.muscache.com/im/pictures/87000825/dacd1fdf_original.jpg?aki_policy=large"", ""https://a0.muscache.com/im/pictures/87000838/62aab105_original.jpg?aki_policy=large"", ""https://a0.muscache.com/im/pictures/87000861/63e2fc6f_original.jpg?aki_policy=large"", ""https://a0.muscache.com/im/pictures/87000908/30b384af_original.jpg?aki_policy=large"", ""https://a0.muscache.com/im/pictures/87000919/af766881_original.jpg?aki_policy=large"", ""https://a0.muscache.com/im/pictures/87000934/906b9f8e_original.jpg?aki_policy=large"", ""https://a0.muscache.com/im/pictures/87000948/78684351_original.jpg?aki_policy=large"", ""https://a0.muscache.com/im/pictures/87000961/eba1e727_original.jpg?aki_policy=large""]";"{""beds"": 2, ""bedrooms"": 1, ""bathrooms"": 1.0, ""amenity_ids"": [1, 33, 129, 2, 34, 3, 35, 4, 8, 40, 41, 10, 44, 45, 77, 46, 23, 30, 31], ""is_rebookable"": false, ""is_new_listing"": false, ""is_fully_refundable"": true, ""is_host_highly_rated"": true, ""is_business_travel_ready"": false}";"{""weekly_factor"": 0.9, ""monthly_factor"": 0.8}";5624;"";"{""is_superhost"": false}"
6929719;Amazing studio in Saint Germain;entire_home;Paris;Saint Germain des Prés - Odéon;48.8527784713;2.34222515117;2;"[""https://a0.muscache.com/im/pictures/f816eb78-5b6a-480f-968f-7146cdd34e2c.jpg?aki_policy=large"", ""https://a0.muscache.com/im/pictures/87785743/a4b490b8_original.jpg?aki_policy=large"", ""https://a0.muscache.com/im/pictures/e0f1c1f4-5819-4f9f-a521-d9c97f92b86a.jpg?aki_policy=large"", ""https://a0.muscache.com/im/pictures/bdae601d-678a-4f42-9d25-de93a19b6a40.jpg?aki_policy=large"", ""https://a0.muscache.com/im/pictures/0c421311-9aa9-4b59-839d-0465e369b16f.jpg?aki_policy=large"", ""https://a0.muscache.com/im/pictures/87785933/4f5da2ec_original.jpg?aki_policy=large"", ""https://a0.muscache.com/im/pictures/87786054/ee266cf4_original.jpg?aki_policy=large"", ""https://a0.muscache.com/im/pictures/87786121/90afcdde_original.jpg?aki_policy=large"", ""https://a0.muscache.com/im/pictures/aacc8810-4cbb-498c-9861-65f40cd53de3.jpg?aki_policy=large"", ""https://a0.muscache.com/im/pictures/8017987a-e20a-444f-b923-b91444c59ec2.jpg?aki_policy=large"", ""https://a0.muscache.com/im/pictures/d4509a63-2d9d-4e43-8391-176808dbd36e.jpg?aki_policy=large"", ""https://a0.muscache.com/im/pictures/a2a5fbf7-7feb-4cc0-80ab-f4a08b7cc617.jpg?aki_policy=large"", ""https://a0.muscache.com/im/pictures/b02ec272-70c7-4b45-946d-7d8109591ab4.jpg?aki_policy=large"", ""https://a0.muscache.com/im/pictures/fee8666f-0b36-4c29-8bab-35be933b9c87.jpg?aki_policy=large"", ""https://a0.muscache.com/im/pictures/b752cc6a-6e87-42a0-8c6f-27032d95cc6a.jpg?aki_policy=large"", ""https://a0.muscache.com/im/pictures/92888cd8-4c97-42f8-b8c5-ca7fe5d23f5a.jpg?aki_policy=large"", ""https://a0.muscache.com/im/pictures/60cc58aa-8004-4b65-9013-70d1296b2bfd.jpg?aki_policy=large"", ""https://a0.muscache.com/im/pictures/ed1fda6a-4458-4fff-900c-d9f033626c87.jpg?aki_policy=large"", ""https://a0.muscache.com/im/pictures/abc79665-1346-45f2-9a3d-c82e8cb85993.jpg?aki_policy=large""]";"{""beds"": 1, ""bedrooms"": 0, ""bathrooms"": 1.0, ""amenity_ids"": [1, 33, 2, 3, 35, 4, 8, 40, 41, 11, 12, 44, 45, 46, 30, 31], ""is_rebookable"": false, ""is_new_listing"": false, ""is_fully_refundable"": true, ""is_host_highly_rated"": false, ""is_business_travel_ready"": false}";"{""weekly_factor"": 0.92, ""monthly_factor"": 0.87}";2290;"";"{""is_superhost"": false}"
6978963;Studette indépendante Charles de Gaulle Etoile;private_room;Paris;Monceau;48.8798013176;2.30806975562;1;"[""https://a0.muscache.com/im/pictures/71a78ab2-507f-4525-b3c8-1994d5e87502.jpg?aki_policy=large"", ""https://a0.muscache.com/im/pictures/9d55ebc2-95df-4bba-ab95-2a725cb8d236.jpg?aki_policy=large"", ""https://a0.muscache.com/im/pictures/88468879/890bcbd0_original.jpg?aki_policy=large"", ""https://a0.muscache.com/im/pictures/5aa2b531-817b-4191-9fd6-c187e6232ba6.jpg?aki_policy=large"", ""https://a0.muscache.com/im/pictures/88469365/9e111249_original.jpg?aki_policy=large"", ""https://a0.muscache.com/im/pictures/ce3c7ff6-db3c-48df-bfc9-3a532eb08852.jpg?aki_policy=large"", ""https://a0.muscache.com/im/pictures/5a2506e9-8daf-471f-9fda-3848700fa610.jpg?aki_policy=large"", ""https://a0.muscache.com/im/pictures/b0e90078-8612-4955-a389-f37477a52478.jpg?aki_policy=large"", ""https://a0.muscache.com/im/pictures/45c95c44-a24e-44aa-b15c-addebf85b694.jpg?aki_policy=large"", ""https://a0.muscache.com/im/pictures/b934c889-8646-446e-ada0-36ff9c2e3f77.jpg?aki_policy=large"", ""https://a0.muscache.com/im/pictures/a9cc7ad3-2349-4572-b2f5-ed77277e7e63.jpg?aki_policy=large"", ""https://a0.muscache.com/im/pictures/d586df35-180f-46d8-8bbf-5f8f52f8b235.jpg?aki_policy=large"", ""https://a0.muscache.com/im/pictures/1ac62c31-9fd7-4091-9e1d-7ff9ece111c3.jpg?aki_policy=large"", ""https://a0.muscache.com/im/pictures/0e6d3646-66e0-4a43-9019-dd49c9cbaece.jpg?aki_policy=large"", ""https://a0.muscache.com/im/pictures/7ec61539-74ed-40b1-922a-f6aadc843908.jpg?aki_policy=large"", ""https://a0.muscache.com/im/pictures/aa5172c1-4bc7-42ac-88e7-601188367742.jpg?aki_policy=large"", ""https://a0.muscache.com/im/pictures/84b4cd3a-29ff-496e-a165-da507efca8e2.jpg?aki_policy=large"", ""https://a0.muscache.com/im/pictures/9de47930-a292-472b-b460-5f5e362ff3cc.jpg?aki_policy=large"", ""https://a0.muscache.com/im/pictures/742f92cd-0a1e-4640-a228-4232683281c1.jpg?aki_policy=large"", ""https://a0.muscache.com/im/pictures/59a64f19-e8b6-4789-b2a5-58c2e1fc67e2.jpg?aki_policy=large"", ""https://a0.muscache.com/im/pictures/150c2329-6da2-4176-ace6-7e42a6a205f1.jpg?aki_policy=large"", ""https://a0.muscache.com/im/pictures/cb249d30-9071-4309-8204-621c5418699a.jpg?aki_policy=large""]";"{""beds"": 1, ""bedrooms"": 1, ""bathrooms"": 1.0, ""amenity_ids"": [3, 35, 131, 4, 36, 8, 40, 104, 41, 42, 44, 47, 49, 50, 57, 30], ""is_rebookable"": false, ""is_new_listing"": false, ""is_fully_refundable"": true, ""is_host_highly_rated"": false, ""is_business_travel_ready"": false}";"{""weekly_factor"": 1.0, ""monthly_factor"": 0.9}";7545;"";"{""is_superhost"": false}"
7039564;Magnifique 3 pieces Boetie;entire_home;Paris;Saint-Lazare;48.8730401958;2.31753375731;6;"[""https://a0.muscache.com/im/pictures/90915927/f792063c_original.jpg?aki_policy=large"", ""https://a0.muscache.com/im/pictures/92565139/39f1fe1e_original.jpg?aki_policy=large"", ""https://a0.muscache.com/im/pictures/92565122/a18d91b2_original.jpg?aki_policy=large"", ""https://a0.muscache.com/im/pictures/92565180/20a30f3c_original.jpg?aki_policy=large"", ""https://a0.muscache.com/im/pictures/92565191/6d8fff16_original.jpg?aki_policy=large"", ""https://a0.muscache.com/im/pictures/92565206/738581d8_original.jpg?aki_policy=large"", ""https://a0.muscache.com/im/pictures/92565225/7650acac_original.jpg?aki_policy=large"", ""https://a0.muscache.com/im/pictures/92565237/0df0e01d_original.jpg?aki_policy=large"", ""https://a0.muscache.com/im/pictures/92565260/015f0524_original.jpg?aki_policy=large"", ""https://a0.muscache.com/im/pictures/92565276/2051fe21_original.jpg?aki_policy=large"", ""https://a0.muscache.com/im/pictures/92565299/3eb1cab4_original.jpg?aki_policy=large"", ""https://a0.muscache.com/im/pictures/92565314/a853440f_original.jpg?aki_policy=large"", ""https://a0.muscache.com/im/pictures/92565334/ba3ddd51_original.jpg?aki_policy=large"", ""https://a0.muscache.com/im/pictures/92565355/483b4707_original.jpg?aki_policy=large"", ""https://a0.muscache.com/im/pictures/92565374/feddaca5_original.jpg?aki_policy=large"", ""https://a0.muscache.com/im/pictures/92565400/b7a842aa_original.jpg?aki_policy=large"", ""https://a0.muscache.com/im/pictures/92565420/8cbf4c0e_original.jpg?aki_policy=large"", ""https://a0.muscache.com/im/pictures/92565441/3dd56b63_original.jpg?aki_policy=large"", ""https://a0.muscache.com/im/pictures/92565455/db2ab354_original.jpg?aki_policy=large"", ""https://a0.muscache.com/im/pictures/92565462/b8fd0f15_original.jpg?aki_policy=large"", ""https://a0.muscache.com/im/pictures/92565471/99b6910e_original.jpg?aki_policy=large"", ""https://a0.muscache.com/im/pictures/92565483/3bfb74d1_original.jpg?aki_policy=large"", ""https://a0.muscache.com/im/pictures/92565500/05c785c7_original.jpg?aki_policy=large"", ""https://a0.muscache.com/im/pictures/92565515/d111f5d0_original.jpg?aki_policy=large"", ""https://a0.muscache.com/im/pictures/92565531/889c868b_original.jpg?aki_policy=large"", ""https://a0.muscache.com/im/pictures/92565547/26e005f5_original.jpg?aki_policy=large"", ""https://a0.muscache.com/im/pictures/92565589/90fcad1c_original.jpg?aki_policy=large"", ""https://a0.muscache.com/im/pictures/92565617/3a902dc9_original.jpg?aki_policy=large"", ""https://a0.muscache.com/im/pictures/92565647/01f9e95c_original.jpg?aki_policy=large""]";"{""beds"": 3, ""bedrooms"": 2, ""bathrooms"": 1.0, ""amenity_ids"": [1, 129, 2, 4, 5, 8, 77, 21, 85, 86, 87, 88, 89, 90, 91, 92, 93, 30, 94, 31, 95, 96, 33, 35, 36, 40, 41, 43, 44, 45, 46, 47, 57], ""is_rebookable"": false, ""is_new_listing"": false, ""is_fully_refundable"": true, ""is_host_highly_rated"": true, ""is_business_travel_ready"": false}";"{""weekly_factor"": 0.92, ""monthly_factor"": 0.85}";4754;"";"{""is_superhost"": false}"
7208784;Chambre Paris Gare du Nord;private_room;Paris;"";48.8823483845;2.36002244655;1;"[""https://a0.muscache.com/im/pictures/93202833/ae93952a_original.jpg?aki_policy=large"", ""https://a0.muscache.com/im/pictures/93204531/3819761e_original.jpg?aki_policy=large"", ""https://a0.muscache.com/im/pictures/93204672/94f5c84f_original.jpg?aki_policy=large"", ""https://a0.muscache.com/im/pictures/93204833/ad7de442_original.jpg?aki_policy=large""]";"{""beds"": 1, ""bedrooms"": 1, ""bathrooms"": 1.0, ""amenity_ids"": [1, 33, 129, 34, 35, 4, 21, 41, 45, 77, 30], ""is_rebookable"": false, ""is_new_listing"": false, ""is_fully_refundable"": true, ""is_host_highly_rated"": true, ""is_business_travel_ready"": false}";"{""weekly_factor"": 1.0, ""monthly_factor"": 1.0}";1064;"";"{""is_superhost"": false}"
7187730;Appartement cosy avec jardinet près Tour Eiffel;entire_home;Paris;Tour Eiffel - Champ de Mars;48.8514521609;2.29649588161;2;"[""https://a0.muscache.com/im/pictures/fdb49cc3-cb35-493e-8000-228e5ffe260f.jpg?aki_policy=large"", ""https://a0.muscache.com/im/pictures/104956746/290bb418_original.jpg?aki_policy=large"", ""https://a0.muscache.com/im/pictures/105878494/0c3d7579_original.jpg?aki_policy=large"", ""https://a0.muscache.com/im/pictures/91181239/30496706_original.jpg?aki_policy=large"", ""https://a0.muscache.com/im/pictures/91181153/470ae36f_original.jpg?aki_policy=large"", ""https://a0.muscache.com/im/pictures/91181194/15a84092_original.jpg?aki_policy=large"", ""https://a0.muscache.com/im/pictures/104956726/b67a7816_original.jpg?aki_policy=large"", ""https://a0.muscache.com/im/pictures/105878730/3d462003_original.jpg?aki_policy=large"", ""https://a0.muscache.com/im/pictures/f8386901-7f70-4641-a451-fe4b1c786420.jpg?aki_policy=large"", ""https://a0.muscache.com/im/pictures/44093965-34db-40c6-9857-b627d00e3fbf.jpg?aki_policy=large""]";"{""beds"": 1, ""bedrooms"": 1, ""bathrooms"": 1.0, ""amenity_ids"": [33, 2, 3, 35, 4, 8, 40, 41, 43, 44, 45, 46, 47, 49, 50, 56, 30], ""is_rebookable"": false, ""is_new_listing"": false, ""is_fully_refundable"": true, ""is_host_highly_rated"": true, ""is_business_travel_ready"": false}";"{""weekly_factor"": 0.9, ""monthly_factor"": 0.65}";1342;"";"{""is_superhost"": false}"
7313826;Beautiful studio in CENTER;entire_home;Paris;Châtelet - Les Halles - Beaubourg;48.8602473343;2.34429052873;2;"[""https://a0.muscache.com/im/pictures/92840011/e66c87a0_original.jpg?aki_policy=large"", ""https://a0.muscache.com/im/pictures/94328894/ddda4b38_original.jpg?aki_policy=large"", ""https://a0.muscache.com/im/pictures/92841030/9b7ecd73_original.jpg?aki_policy=large"", ""https://a0.muscache.com/im/pictures/94328982/435fee46_original.jpg?aki_policy=large"", ""https://a0.muscache.com/im/pictures/94328932/b25c42ab_original.jpg?aki_policy=large"", ""https://a0.muscache.com/im/pictures/94328942/e77a5b86_original.jpg?aki_policy=large"", ""https://a0.muscache.com/im/pictures/94328961/6b37612e_original.jpg?aki_policy=large"", ""https://a0.muscache.com/im/pictures/94328910/33c259f8_original.jpg?aki_policy=large"", ""https://a0.muscache.com/im/pictures/92840941/4f4c52b3_original.jpg?aki_policy=large"", ""https://a0.muscache.com/im/pictures/92840898/cd7ba04b_original.jpg?aki_policy=large"", ""https://a0.muscache.com/im/pictures/93543989/c182798b_original.jpg?aki_policy=large"", ""https://a0.muscache.com/im/pictures/93544954/618842ea_original.jpg?aki_policy=large"", ""https://a0.muscache.com/im/pictures/93545189/7f8a22a5_original.jpg?aki_policy=large"", ""https://a0.muscache.com/im/pictures/93545651/1303dc78_original.jpg?aki_policy=large""]";"{""beds"": 1, ""bedrooms"": 0, ""bathrooms"": 1.0, ""amenity_ids"": [1, 33, 2, 34, 3, 35, 4, 37, 38, 8, 40, 41, 43, 44, 45, 47, 30, 31], ""is_rebookable"": false, ""is_new_listing"": false, ""is_fully_refundable"": true, ""is_host_highly_rated"": true, ""is_business_travel_ready"": false}";"{""weekly_factor"": 0.9, ""monthly_factor"": 1.0}";8060;"";"{""is_superhost"": false}"
7341208;Appartement franco-japonais à Paris;entire_home;Paris;10e arrondissement;48.8752553645;2.3725386004;3;"[""https://a0.muscache.com/im/pictures/93150351/324a6537_original.jpg?aki_policy=large"", ""https://a0.muscache.com/im/pictures/93156784/4fa09000_original.jpg?aki_policy=large"", ""https://a0.muscache.com/im/pictures/93156777/d8ab10e0_original.jpg?aki_policy=large"", ""https://a0.muscache.com/im/pictures/93156790/bcf809fc_original.jpg?aki_policy=large"", ""https://a0.muscache.com/im/pictures/93162271/2b234828_original.jpg?aki_policy=large"", ""https://a0.muscache.com/im/pictures/93160834/cfd57628_original.jpg?aki_policy=large"", ""https://a0.muscache.com/im/pictures/93160845/2e971201_original.jpg?aki_policy=large"", ""https://a0.muscache.com/im/pictures/93160851/fdb2a886_original.jpg?aki_policy=large"", ""https://a0.muscache.com/im/pictures/93162215/e8bb478c_original.jpg?aki_policy=large"", ""https://a0.muscache.com/im/pictures/93162232/a17cfad5_original.jpg?aki_policy=large"", ""https://a0.muscache.com/im/pictures/93162253/b25895d3_original.jpg?aki_policy=large"", ""https://a0.muscache.com/im/pictures/93162262/2b1fba11_original.jpg?aki_policy=large"", ""https://a0.muscache.com/im/pictures/93160759/5322bfd5_original.jpg?aki_policy=large"", ""https://a0.muscache.com/im/pictures/93162286/a56eb94e_original.jpg?aki_policy=large"", ""https://a0.muscache.com/im/pictures/93162296/4dc7c1c2_original.jpg?aki_policy=large"", ""https://a0.muscache.com/im/pictures/93162315/580d807b_original.jpg?aki_policy=large"", ""https://a0.muscache.com/im/pictures/93162340/e1cbe9d2_original.jpg?aki_policy=large"", ""https://a0.muscache.com/im/pictures/93162355/67681ad1_original.jpg?aki_policy=large"", ""https://a0.muscache.com/im/pictures/93162372/7fbc8ffd_original.jpg?aki_policy=large"", ""https://a0.muscache.com/im/pictures/93162391/9889ebde_original.jpg?aki_policy=large"", ""https://a0.muscache.com/im/pictures/93162406/2e30581d_original.jpg?aki_policy=large"", ""https://a0.muscache.com/im/pictures/93162431/51dfee92_original.jpg?aki_policy=large"", ""https://a0.muscache.com/im/pictures/93162445/ace68355_original.jpg?aki_policy=large"", ""https://a0.muscache.com/im/pictures/93162465/00b3b584_original.jpg?aki_policy=large"", ""https://a0.muscache.com/im/pictures/93162487/f0b602fb_original.jpg?aki_policy=large"", ""https://a0.muscache.com/im/pictures/93163450/16fdcd4e_original.jpg?aki_policy=large"", ""https://a0.muscache.com/im/pictures/93163436/33b0ffe9_original.jpg?aki_policy=large"", ""https://a0.muscache.com/im/pictures/93163421/03cf5274_original.jpg?aki_policy=large"", ""https://a0.muscache.com/im/pictures/93163459/1b27d3a0_original.jpg?aki_policy=large"", ""https://a0.muscache.com/im/pictures/93163476/de6c2937_original.jpg?aki_policy=large""]";"{""beds"": 2, ""bedrooms"": 1, ""bathrooms"": 1.0, ""amenity_ids"": [33, 129, 35, 4, 8, 40, 104, 10, 44, 30, 46, 31], ""is_rebookable"": false, ""is_new_listing"": false, ""is_fully_refundable"": true, ""is_host_highly_rated"": false, ""is_business_travel_ready"": false}";"{""weekly_factor"": 0.83, ""monthly_factor"": 0.66}";6277;"";"{""is_superhost"": false}"
7354358;Loft - 285m2 - Art / Design;entire_home;Paris;Gare du Nord - Gare de I'Est;48.8748210176;2.35380130957;5;"[""https://a0.muscache.com/im/pictures/94041165/2329d66f_original.jpg?aki_policy=large"", ""https://a0.muscache.com/im/pictures/94041198/a4034c61_original.jpg?aki_policy=large"", ""https://a0.muscache.com/im/pictures/94041176/ea5169b6_original.jpg?aki_policy=large"", ""https://a0.muscache.com/im/pictures/94041182/1f826080_original.jpg?aki_policy=large"", ""https://a0.muscache.com/im/pictures/94041185/9302b235_original.jpg?aki_policy=large"", ""https://a0.muscache.com/im/pictures/94041190/b9b1e901_original.jpg?aki_policy=large"", ""https://a0.muscache.com/im/pictures/94041193/4115409c_original.jpg?aki_policy=large"", ""https://a0.muscache.com/im/pictures/94041169/2ad5c3cf_original.jpg?aki_policy=large"", ""https://a0.muscache.com/im/pictures/94041205/fb5809e1_original.jpg?aki_policy=large"", ""https://a0.muscache.com/im/pictures/94041210/d1fd26a5_original.jpg?aki_policy=large"", ""https://a0.muscache.com/im/pictures/94041215/c69e0453_original.jpg?aki_policy=large"", ""https://a0.muscache.com/im/pictures/94041217/9f0a254c_original.jpg?aki_policy=large"", ""https://a0.muscache.com/im/pictures/94041220/79ebce49_original.jpg?aki_policy=large"", ""https://a0.muscache.com/im/pictures/94041224/40adc23c_original.jpg?aki_policy=large""]";"{""beds"": 2, ""bedrooms"": 2, ""bathrooms"": 2.0, ""amenity_ids"": [1, 33, 2, 34, 3, 4, 8, 40, 41, 43, 44, 45, 46, 47, 16, 49, 57, 30, 31], ""is_rebookable"": false, ""is_new_listing"": false, ""is_fully_refundable"": true, ""is_host_highly_rated"": false, ""is_business_travel_ready"": false}";"{""weekly_factor"": 0.95, ""monthly_factor"": 0.85}";581;"";"{""is_superhost"": false}"
7424001;Privet room in paris;private_room;Paris;Saint Germain des Prés - Odéon;48.8579834795;2.33270482812;2;"[""https://a0.muscache.com/im/pictures/94167927/14ebb266_original.jpg?aki_policy=large"", ""https://a0.muscache.com/im/pictures/90ea200f-b535-4a7c-af49-67903c12385e.jpg?aki_policy=large"", ""https://a0.muscache.com/im/pictures/0f11162f-eba2-46f5-a170-6b6d86081796.jpg?aki_policy=large"", ""https://a0.muscache.com/im/pictures/94167969/88b3f67c_original.jpg?aki_policy=large"", ""https://a0.muscache.com/im/pictures/94167950/ac5250ec_original.jpg?aki_policy=large"", ""https://a0.muscache.com/im/pictures/94167945/6ca3cf5d_original.jpg?aki_policy=large"", ""https://a0.muscache.com/im/pictures/94167965/b6fb9399_original.jpg?aki_policy=large"", ""https://a0.muscache.com/im/pictures/2f453efb-7f03-48d3-84bc-f448b57d77a0.jpg?aki_policy=large""]";"{""beds"": 1, ""bedrooms"": 1, ""bathrooms"": 1.0, ""amenity_ids"": [33, 34, 3, 35, 131, 4, 5, 8, 40, 41, 10, 44, 45, 77, 46, 16, 30, 31], ""is_rebookable"": false, ""is_new_listing"": false, ""is_fully_refundable"": true, ""is_host_highly_rated"": false, ""is_business_travel_ready"": false}";"{""weekly_factor"": 0.88, ""monthly_factor"": 0.8}";4852;"";"{""is_superhost"": false}"
7432368;*AMAZING 1000sqf NEAR EIFFEL TOWER*;entire_home;Paris;Commerce - Dupleix;48.845768438;2.29536497128;6;"[""https://a0.muscache.com/im/pictures/95576442/22ac9579_original.jpg?aki_policy=large"", ""https://a0.muscache.com/im/pictures/95576546/bd07ecb0_original.jpg?aki_policy=large"", ""https://a0.muscache.com/im/pictures/95576713/7ebace3e_original.jpg?aki_policy=large"", ""https://a0.muscache.com/im/pictures/95576860/290c1356_original.jpg?aki_policy=large"", ""https://a0.muscache.com/im/pictures/95576978/395780c6_original.jpg?aki_policy=large"", ""https://a0.muscache.com/im/pictures/95577086/2eb66d9a_original.jpg?aki_policy=large"", ""https://a0.muscache.com/im/pictures/95577176/769f6d8a_original.jpg?aki_policy=large"", ""https://a0.muscache.com/im/pictures/95577261/68594b20_original.jpg?aki_policy=large"", ""https://a0.muscache.com/im/pictures/95577365/52a66a54_original.jpg?aki_policy=large"", ""https://a0.muscache.com/im/pictures/95577457/7009e2e6_original.jpg?aki_policy=large"", ""https://a0.muscache.com/im/pictures/95577559/87977904_original.jpg?aki_policy=large"", ""https://a0.muscache.com/im/pictures/95577628/48fe9176_original.jpg?aki_policy=large"", ""https://a0.muscache.com/im/pictures/95577709/6e940d5e_original.jpg?aki_policy=large"", ""https://a0.muscache.com/im/pictures/95577789/2d12ed8b_original.jpg?aki_policy=large"", ""https://a0.muscache.com/im/pictures/95577870/af8aa80b_original.jpg?aki_policy=large"", ""https://a0.muscache.com/im/pictures/95578347/ae9c7ef7_original.jpg?aki_policy=large""]";"{""beds"": 3, ""bedrooms"": 2, ""bathrooms"": 2.0, ""amenity_ids"": [1, 33, 2, 34, 3, 4, 5, 6, 8, 40, 28, 30, 31], ""is_rebookable"": false, ""is_new_listing"": false, ""is_fully_refundable"": true, ""is_host_highly_rated"": true, ""is_business_travel_ready"": false}";"{""weekly_factor"": 1.0, ""monthly_factor"": 1.0}";6458;"";"{""is_superhost"": true}"
7489835;Lovely & panoramic flat - Invalides;entire_home;Paris;Invalides - Ecole Militaire;48.8606948271;2.31576287639;3;"[""https://a0.muscache.com/im/pictures/95138942/10f99d5c_original.jpg?aki_policy=large"", ""https://a0.muscache.com/im/pictures/95140132/ec8276f5_original.jpg?aki_policy=large"", ""https://a0.muscache.com/im/pictures/95139354/8fee9d6d_original.jpg?aki_policy=large"", ""https://a0.muscache.com/im/pictures/95139538/0475c81b_original.jpg?aki_policy=large"", ""https://a0.muscache.com/im/pictures/95139675/502ef54c_original.jpg?aki_policy=large"", ""https://a0.muscache.com/im/pictures/95139825/a8ea259e_original.jpg?aki_policy=large"", ""https://a0.muscache.com/im/pictures/95139951/6deabdca_original.jpg?aki_policy=large"", ""https://a0.muscache.com/im/pictures/95139140/31bf81fd_original.jpg?aki_policy=large"", ""https://a0.muscache.com/im/pictures/95140329/4cc43e6c_original.jpg?aki_policy=large"", ""https://a0.muscache.com/im/pictures/95140537/1fd64d2e_original.jpg?aki_policy=large"", ""https://a0.muscache.com/im/pictures/95140735/21b45a1e_original.jpg?aki_policy=large"", ""https://a0.muscache.com/im/pictures/95140892/ec2bcf28_original.jpg?aki_policy=large"", ""https://a0.muscache.com/im/pictures/95141027/3887e807_original.jpg?aki_policy=large"", ""https://a0.muscache.com/im/pictures/95141198/c0a179e9_original.jpg?aki_policy=large""]";"{""beds"": 2, ""bedrooms"": 1, ""bathrooms"": 1.5, ""amenity_ids"": [33, 3, 4, 39, 8, 40, 41, 11, 44, 47, 21, 25, 28, 30, 31], ""is_rebookable"": false, ""is_new_listing"": false, ""is_fully_refundable"": true, ""is_host_highly_rated"": true, ""is_business_travel_ready"": false}";"{""weekly_factor"": 0.83, ""monthly_factor"": 0.79}";510;"";"{""is_superhost"": false}"
7571648;St Germain Cosy Suite;entire_home;Paris;Saint Germain des Prés - Odéon;48.849125;2.328996;4;"[""https://a0.muscache.com/im/pictures/96075482/ba93c91e_original.jpg?aki_policy=large"", ""https://a0.muscache.com/im/pictures/96075493/fc502d56_original.jpg?aki_policy=large"", ""https://a0.muscache.com/im/pictures/96075556/8b31a12c_original.jpg?aki_policy=large"", ""https://a0.muscache.com/im/pictures/96075511/de6f4501_original.jpg?aki_policy=large"", ""https://a0.muscache.com/im/pictures/96075378/e096b033_original.jpg?aki_policy=large"", ""https://a0.muscache.com/im/pictures/96075470/01fc4f33_original.jpg?aki_policy=large"", ""https://a0.muscache.com/im/pictures/96075458/f2d48987_original.jpg?aki_policy=large"", ""https://a0.muscache.com/im/pictures/96075584/2141f142_original.jpg?aki_policy=large"", ""https://a0.muscache.com/im/pictures/96075524/0389e9c1_original.jpg?aki_policy=large"", ""https://a0.muscache.com/im/pictures/96075411/c79496a9_original.jpg?aki_policy=large"", ""https://a0.muscache.com/im/pictures/96075400/cfe63675_original.jpg?aki_policy=large"", ""https://a0.muscache.com/im/pictures/96075445/462ea246_original.jpg?aki_policy=large"", ""https://a0.muscache.com/im/pictures/96075356/1510ad01_original.jpg?aki_policy=large"", ""https://a0.muscache.com/im/pictures/96075567/5a809091_original.jpg?aki_policy=large"", ""https://a0.muscache.com/im/pictures/96075599/9eaa9196_original.jpg?aki_policy=large"", ""https://a0.muscache.com/im/pictures/96077580/12e641d7_original.jpg?aki_policy=large""]";"{""beds"": 2, ""bedrooms"": 1, ""bathrooms"": 1.0, ""amenity_ids"": [1, 2, 3, 35, 4, 8, 40, 41, 10, 43, 44, 45, 77, 46, 51, 54, 30, 31], ""is_rebookable"": false, ""is_new_listing"": false, ""is_fully_refundable"": true, ""is_host_highly_rated"": true, ""is_business_travel_ready"": false}";"{""weekly_factor"": 0.9, ""monthly_factor"": 1.0}";1981;"";"{""is_superhost"": false}"
7742395;House on 11th district Voltaire;entire_home;Paris;Bastille;48.8564841775;2.38200758453;4;"[""https://a0.muscache.com/im/pictures/98427204/89a91ede_original.jpg?aki_policy=large"", ""https://a0.muscache.com/im/pictures/98427320/d3c462f1_original.jpg?aki_policy=large"", ""https://a0.muscache.com/im/pictures/98427241/9dd3e6ca_original.jpg?aki_policy=large"", ""https://a0.muscache.com/im/pictures/98427269/b4b89f18_original.jpg?aki_policy=large"", ""https://a0.muscache.com/im/pictures/98427291/41199f4a_original.jpg?aki_policy=large"", ""https://a0.muscache.com/im/pictures/98427304/24bddc88_original.jpg?aki_policy=large"", ""https://a0.muscache.com/im/pictures/98427221/25a54cab_original.jpg?aki_policy=large"", ""https://a0.muscache.com/im/pictures/98427345/466695d8_original.jpg?aki_policy=large"", ""https://a0.muscache.com/im/pictures/98427360/410bf274_original.jpg?aki_policy=large"", ""https://a0.muscache.com/im/pictures/98427371/afae8f88_original.jpg?aki_policy=large"", ""https://a0.muscache.com/im/pictures/98427392/17da92a8_original.jpg?aki_policy=large"", ""https://a0.muscache.com/im/pictures/98427405/16c9ab47_original.jpg?aki_policy=large"", ""https://a0.muscache.com/im/pictures/98427430/9051df4f_original.jpg?aki_policy=large""]";"{""beds"": 2, ""bedrooms"": 2, ""bathrooms"": 2.0, ""amenity_ids"": [32, 1, 33, 2, 3, 35, 4, 8, 40, 21, 28, 30, 31], ""is_rebookable"": false, ""is_new_listing"": false, ""is_fully_refundable"": true, ""is_host_highly_rated"": true, ""is_business_travel_ready"": false}";"{""weekly_factor"": 0.87, ""monthly_factor"": 1.0}";7457;"";"{""is_superhost"": false}"
7785405;Charming apartment in Paris;entire_home;Paris;Saint Germain des Prés - Odéon;48.8520475693;2.33207505161;4;"[""https://a0.muscache.com/im/pictures/99646615/297cde6a_original.jpg?aki_policy=large"", ""https://a0.muscache.com/im/pictures/99050313/2bcb7e65_original.jpg?aki_policy=large"", ""https://a0.muscache.com/im/pictures/99050548/20c86c58_original.jpg?aki_policy=large"", ""https://a0.muscache.com/im/pictures/99050934/caef4919_original.jpg?aki_policy=large"", ""https://a0.muscache.com/im/pictures/99051444/c2131b0c_original.jpg?aki_policy=large"", ""https://a0.muscache.com/im/pictures/99646713/18b66f33_original.jpg?aki_policy=large"", ""https://a0.muscache.com/im/pictures/99646786/71c0eeeb_original.jpg?aki_policy=large"", ""https://a0.muscache.com/im/pictures/99646848/e754a988_original.jpg?aki_policy=large"", ""https://a0.muscache.com/im/pictures/99646943/405279a4_original.jpg?aki_policy=large"", ""https://a0.muscache.com/im/pictures/99647126/d12a42d5_original.jpg?aki_policy=large"", ""https://a0.muscache.com/im/pictures/99647178/c33a05c7_original.jpg?aki_policy=large"", ""https://a0.muscache.com/im/pictures/99647233/c9546cf3_original.jpg?aki_policy=large"", ""https://a0.muscache.com/im/pictures/d524874a-21c5-407a-ae37-df67e75f2749.jpg?aki_policy=large""]";"{""beds"": 2, ""bedrooms"": 2, ""bathrooms"": 2.0, ""amenity_ids"": [1, 33, 2, 34, 3, 4, 37, 8, 40, 41, 21, 28, 30], ""is_rebookable"": false, ""is_new_listing"": false, ""is_fully_refundable"": true, ""is_host_highly_rated"": true, ""is_business_travel_ready"": false}";"{""weekly_factor"": 1.0, ""monthly_factor"": 1.0}";7542;"";"{""is_superhost"": false}"
7877690;Appartement spacieux Paris Nation;entire_home;Paris;Nation;48.8554204171;2.39663825455;5;"[""https://a0.muscache.com/im/pictures/105955648/e0b0be02_original.jpg?aki_policy=large"", ""https://a0.muscache.com/im/pictures/105955750/1e11a6c0_original.jpg?aki_policy=large"", ""https://a0.muscache.com/im/pictures/105955949/63cd7740_original.jpg?aki_policy=large"", ""https://a0.muscache.com/im/pictures/105955403/270c4623_original.jpg?aki_policy=large"", ""https://a0.muscache.com/im/pictures/1ebe7e17-e8b7-4f46-ada9-41302d50d81b.jpg?aki_policy=large"", ""https://a0.muscache.com/im/pictures/1d2b4238-91f0-43fe-9853-e3150dde1378.jpg?aki_policy=large"", ""https://a0.muscache.com/im/pictures/105955462/a3ba3b63_original.jpg?aki_policy=large"", ""https://a0.muscache.com/im/pictures/105955510/73cdb435_original.jpg?aki_policy=large"", ""https://a0.muscache.com/im/pictures/105955583/a6ec44b5_original.jpg?aki_policy=large"", ""https://a0.muscache.com/im/pictures/105955688/bb34ef81_original.jpg?aki_policy=large"", ""https://a0.muscache.com/im/pictures/105955796/8208ad2d_original.jpg?aki_policy=large"", ""https://a0.muscache.com/im/pictures/105955892/797fe766_original.jpg?aki_policy=large"", ""https://a0.muscache.com/im/pictures/105955847/c80ce767_original.jpg?aki_policy=large"", ""https://a0.muscache.com/im/pictures/105956001/b0662086_original.jpg?aki_policy=large"", ""https://a0.muscache.com/im/pictures/39bd44ef-824a-4604-97d0-60eb08268834.jpg?aki_policy=large"", ""https://a0.muscache.com/im/pictures/25ac097f-a1d7-481f-8182-08f546714b7b.jpg?aki_policy=large""]";"{""beds"": 3, ""bedrooms"": 2, ""bathrooms"": 1.0, ""amenity_ids"": [64, 1, 2, 66, 4, 70, 71, 8, 72, 73, 10, 74, 77, 21, 85, 89, 90, 91, 92, 93, 30, 94, 31, 95, 287, 96, 33, 98, 40, 41, 44, 45, 109, 46, 110, 47, 111, 112, 115, 59, 60, 62, 63], ""is_rebookable"": false, ""is_new_listing"": false, ""is_fully_refundable"": true, ""is_host_highly_rated"": true, ""is_business_travel_ready"": false}";"{""weekly_factor"": 0.93, ""monthly_factor"": 0.85}";1259;"";"{""is_superhost"": true}"
7892333;Appartement sous les toits;entire_home;Paris;Opéra - Grands Boulevards;48.8729228607;2.34411754303;3;"[""https://a0.muscache.com/im/pictures/100545015/35dfb9f7_original.jpg?aki_policy=large"", ""https://a0.muscache.com/im/pictures/100545494/d9a888b9_original.jpg?aki_policy=large"", ""https://a0.muscache.com/im/pictures/100544913/ddae1651_original.jpg?aki_policy=large"", ""https://a0.muscache.com/im/pictures/100545160/5e68be8a_original.jpg?aki_policy=large"", ""https://a0.muscache.com/im/pictures/100545313/01844890_original.jpg?aki_policy=large"", ""https://a0.muscache.com/im/pictures/100545453/d60648d3_original.jpg?aki_policy=large"", ""https://a0.muscache.com/im/pictures/100545523/fc4ac0b3_original.jpg?aki_policy=large""]";"{""beds"": 2, ""bathrooms"": 1.0, ""amenity_ids"": [1, 129, 2, 4, 8, 77, 85, 86, 87, 88, 90, 91, 92, 93, 30, 94, 95, 96, 33, 35, 37, 39, 103, 40, 104, 41, 44, 45, 46], ""is_rebookable"": false, ""is_new_listing"": false, ""is_fully_refundable"": true, ""is_host_highly_rated"": true, ""is_business_travel_ready"": false}";"{""weekly_factor"": 0.77, ""monthly_factor"": 0.55}";3824;"";"{""is_superhost"": false}"
7935169;Vue imprenable sur Paris dans le Marais!;entire_home;Paris;Le Marais;48.8592975422;2.35435034383;6;"[""https://a0.muscache.com/im/pictures/104558684/752c49ca_original.jpg?aki_policy=large"", ""https://a0.muscache.com/im/pictures/a2861bfb-92db-4530-8a13-975a311b5ebf.jpg?aki_policy=large"", ""https://a0.muscache.com/im/pictures/b1f67e19-6876-4ae0-a479-471f0f6dfad9.jpg?aki_policy=large"", ""https://a0.muscache.com/im/pictures/102926265/240791d4_original.jpg?aki_policy=large"", ""https://a0.muscache.com/im/pictures/101112691/9d76b093_original.jpg?aki_policy=large"", ""https://a0.muscache.com/im/pictures/102926374/b3391ae1_original.jpg?aki_policy=large"", ""https://a0.muscache.com/im/pictures/104365959/92ab7cbf_original.jpg?aki_policy=large"", ""https://a0.muscache.com/im/pictures/104365929/26ad3da4_original.jpg?aki_policy=large"", ""https://a0.muscache.com/im/pictures/104366753/60fdc531_original.jpg?aki_policy=large"", ""https://a0.muscache.com/im/pictures/101222526/da70a846_original.jpg?aki_policy=large"", ""https://a0.muscache.com/im/pictures/101222570/7d75ba4d_original.jpg?aki_policy=large"", ""https://a0.muscache.com/im/pictures/102926455/e08a9f0e_original.jpg?aki_policy=large"", ""https://a0.muscache.com/im/pictures/101313273/c0fbca59_original.jpg?aki_policy=large"", ""https://a0.muscache.com/im/pictures/101313241/14715f8b_original.jpg?aki_policy=large"", ""https://a0.muscache.com/im/pictures/101313283/d23df2a2_original.jpg?aki_policy=large"", ""https://a0.muscache.com/im/pictures/101313189/9484344a_original.jpg?aki_policy=large"", ""https://a0.muscache.com/im/pictures/101228461/3e2a1f57_original.jpg?aki_policy=large"", ""https://a0.muscache.com/im/pictures/101228493/3f56fe66_original.jpg?aki_policy=large"", ""https://a0.muscache.com/im/pictures/101228509/f9dfe38a_original.jpg?aki_policy=large"", ""https://a0.muscache.com/im/pictures/101228521/44e97c83_original.jpg?aki_policy=large"", ""https://a0.muscache.com/im/pictures/101228574/37bc50f5_original.jpg?aki_policy=large"", ""https://a0.muscache.com/im/pictures/102926149/74c4c849_original.jpg?aki_policy=large"", ""https://a0.muscache.com/im/pictures/102926349/e7a3ca39_original.jpg?aki_policy=large"", ""https://a0.muscache.com/im/pictures/102926324/cf828fe3_original.jpg?aki_policy=large"", ""https://a0.muscache.com/im/pictures/102926412/6f4b230c_original.jpg?aki_policy=large"", ""https://a0.muscache.com/im/pictures/104264936/e849d169_original.jpg?aki_policy=large"", ""https://a0.muscache.com/im/pictures/104264944/81683150_original.jpg?aki_policy=large"", ""https://a0.muscache.com/im/pictures/104264951/3d6f51ca_original.jpg?aki_policy=large"", ""https://a0.muscache.com/im/pictures/104264959/3d760bd9_original.jpg?aki_policy=large""]";"{""beds"": 4, ""bedrooms"": 2, ""bathrooms"": 1.0, ""amenity_ids"": [1, 33, 2, 3, 4, 8, 40, 72, 41, 74, 43, 44, 45, 14, 46, 47, 49, 50, 21, 28, 30], ""is_rebookable"": false, ""is_new_listing"": false, ""is_fully_refundable"": true, ""is_host_highly_rated"": false, ""is_business_travel_ready"": false}";"{""weekly_factor"": 0.92, ""monthly_factor"": 0.65}";5050;"";"{""is_superhost"": false}"
7976700;Calm, Sunny 1 bedroom city center;entire_home;Paris;"";48.8657500501;2.34837168866;2;"[""https://a0.muscache.com/im/pictures/108302561/2f602636_original.jpg?aki_policy=large"", ""https://a0.muscache.com/im/pictures/0fb15a25-6b68-4add-8cf9-152f2578b96b.jpg?aki_policy=large"", ""https://a0.muscache.com/im/pictures/6183be7f-1d4f-40bb-a4da-9a8cf23ac968.jpg?aki_policy=large"", ""https://a0.muscache.com/im/pictures/72b155a8-2bbf-443d-8a78-7a5f3ad0052f.jpg?aki_policy=large"", ""https://a0.muscache.com/im/pictures/c4aa463f-d739-46c3-954d-49be69106280.jpg?aki_policy=large"", ""https://a0.muscache.com/im/pictures/03b4e486-5d7c-4b51-94d2-ce95d7d23c75.jpg?aki_policy=large"", ""https://a0.muscache.com/im/pictures/33cdf823-afb6-4a0b-84c3-0e92f443c81a.jpg?aki_policy=large"", ""https://a0.muscache.com/im/pictures/966d4656-d7ae-4e7f-96b4-de188bef1d08.jpg?aki_policy=large"", ""https://a0.muscache.com/im/pictures/c84a4724-2e70-449d-a511-8b1cf2e86280.jpg?aki_policy=large"", ""https://a0.muscache.com/im/pictures/3ea2a0ed-720b-47e9-bc26-ddc4965d217a.jpg?aki_policy=large"", ""https://a0.muscache.com/im/pictures/b394c34e-7654-430c-b623-3b074a47ffd2.jpg?aki_policy=large"", ""https://a0.muscache.com/im/pictures/86630d9e-2f5c-47bd-b780-a0b338ddb7be.jpg?aki_policy=large"", ""https://a0.muscache.com/im/pictures/646bfef8-be0a-4f4c-a8e4-6c82389b1553.jpg?aki_policy=large"", ""https://a0.muscache.com/im/pictures/5d042fe3-3246-4706-aa1b-c390c4f7ebce.jpg?aki_policy=large"", ""https://a0.muscache.com/im/pictures/f060d2ab-dc09-451f-9cee-13428a98debd.jpg?aki_policy=large"", ""https://a0.muscache.com/im/pictures/434479f1-5efe-485d-a322-b11f5efadd91.jpg?aki_policy=large"", ""https://a0.muscache.com/im/pictures/108302635/7d8a2a29_original.jpg?aki_policy=large"", ""https://a0.muscache.com/im/pictures/1c5e81ba-c61e-4c90-ad71-d2813df826c0.jpg?aki_policy=large"", ""https://a0.muscache.com/im/pictures/108302638/01d424a0_original.jpg?aki_policy=large"", ""https://a0.muscache.com/im/pictures/f7a28600-239a-4e93-8468-6314c1b6addb.jpg?aki_policy=large"", ""https://a0.muscache.com/im/pictures/59af5974-52bc-4341-bc52-1e65edf55d4a.jpg?aki_policy=large"", ""https://a0.muscache.com/im/pictures/1ee5767a-5941-42ed-bfeb-436ee22e4e7f.jpg?aki_policy=large"", ""https://a0.muscache.com/im/pictures/24075e98-da21-40d8-9222-56570d3792c9.jpg?aki_policy=large""]";"{""beds"": 1, ""bedrooms"": 1, ""bathrooms"": 1.0, ""amenity_ids"": [1, 33, 2, 3, 35, 4, 39, 8, 40, 41, 44, 45, 46, 30], ""is_rebookable"": false, ""is_new_listing"": false, ""is_fully_refundable"": true, ""is_host_highly_rated"": true, ""is_business_travel_ready"": false}";"{""weekly_factor"": 0.9, ""monthly_factor"": 0.8}";1765;"";"{""is_superhost"": false}"
8056810;Beautiful Appartement Center Paris;entire_home;Paris;2e arrondissement;48.8675032385;2.3531631048;3;"[""https://a0.muscache.com/im/pictures/106207717/ec497f40_original.jpg?aki_policy=large"", ""https://a0.muscache.com/im/pictures/106256423/a3c4cd4d_original.jpg?aki_policy=large"", ""https://a0.muscache.com/im/pictures/102805240/97f189ea_original.jpg?aki_policy=large"", ""https://a0.muscache.com/im/pictures/102803237/5ef6cbf7_original.jpg?aki_policy=large"", ""https://a0.muscache.com/im/pictures/107068365/55fb90ae_original.jpg?aki_policy=large"", ""https://a0.muscache.com/im/pictures/102825753/d3616807_original.jpg?aki_policy=large"", ""https://a0.muscache.com/im/pictures/102804702/23ed96ad_original.jpg?aki_policy=large"", ""https://a0.muscache.com/im/pictures/107069365/63e2ebaf_original.jpg?aki_policy=large"", ""https://a0.muscache.com/im/pictures/107069350/fe2029db_original.jpg?aki_policy=large"", ""https://a0.muscache.com/im/pictures/102804884/9295bb46_original.jpg?aki_policy=large"", ""https://a0.muscache.com/im/pictures/102805508/47d1a3ef_original.jpg?aki_policy=large"", ""https://a0.muscache.com/im/pictures/103114848/938d60d4_original.jpg?aki_policy=large"", ""https://a0.muscache.com/im/pictures/102805701/72b39a7e_original.jpg?aki_policy=large"", ""https://a0.muscache.com/im/pictures/102806335/643d30f8_original.jpg?aki_policy=large"", ""https://a0.muscache.com/im/pictures/104692756/2cc4b6f1_original.jpg?aki_policy=large"", ""https://a0.muscache.com/im/pictures/104692772/e114abad_original.jpg?aki_policy=large"", ""https://a0.muscache.com/im/pictures/102808230/3181b881_original.jpg?aki_policy=large"", ""https://a0.muscache.com/im/pictures/107068354/b7d0e1b0_original.jpg?aki_policy=large"", ""https://a0.muscache.com/im/pictures/107068382/1b095d9a_original.jpg?aki_policy=large"", ""https://a0.muscache.com/im/pictures/103112788/6909861b_original.jpg?aki_policy=large"", ""https://a0.muscache.com/im/pictures/103112843/1d7c7ce2_original.jpg?aki_policy=large"", ""https://a0.muscache.com/im/pictures/103112657/a6c0440b_original.jpg?aki_policy=large""]";"{""beds"": 1, ""bedrooms"": 1, ""bathrooms"": 1.0, ""amenity_ids"": [1, 33, 34, 3, 35, 4, 37, 8, 40, 41, 10, 11, 44, 45, 77, 46, 47, 49, 51, 21, 53, 30], ""is_rebookable"": false, ""is_new_listing"": false, ""is_fully_refundable"": true, ""is_host_highly_rated"": false, ""is_business_travel_ready"": false}";"{""weekly_factor"": 0.92, ""monthly_factor"": 1.0}";3881;"";"{""is_superhost"": false}"
8101025;Marais/Place des Vosges;entire_home;Paris;Le Marais;48.8569097209;2.36491278493;4;"[""https://a0.muscache.com/im/pictures/103214671/6accb11c_original.jpg?aki_policy=large"", ""https://a0.muscache.com/im/pictures/103217834/c0f539ec_original.jpg?aki_policy=large"", ""https://a0.muscache.com/im/pictures/103214644/ac62bab2_original.jpg?aki_policy=large"", ""https://a0.muscache.com/im/pictures/103214634/13295f5a_original.jpg?aki_policy=large"", ""https://a0.muscache.com/im/pictures/103214651/efc0fcc9_original.jpg?aki_policy=large"", ""https://a0.muscache.com/im/pictures/103214701/587c686f_original.jpg?aki_policy=large"", ""https://a0.muscache.com/im/pictures/103214723/f77df8a0_original.jpg?aki_policy=large"", ""https://a0.muscache.com/im/pictures/103215169/bb3d9a86_original.jpg?aki_policy=large"", ""https://a0.muscache.com/im/pictures/103214611/6b5daa19_original.jpg?aki_policy=large"", ""https://a0.muscache.com/im/pictures/103214621/c87484d5_original.jpg?aki_policy=large"", ""https://a0.muscache.com/im/pictures/103209510/4d61d299_original.jpg?aki_policy=large"", ""https://a0.muscache.com/im/pictures/103209520/8d2ff27c_original.jpg?aki_policy=large"", ""https://a0.muscache.com/im/pictures/103209904/214cbc5f_original.jpg?aki_policy=large"", ""https://a0.muscache.com/im/pictures/103209931/ca29a343_original.jpg?aki_policy=large"", ""https://a0.muscache.com/im/pictures/06531aec-e49c-4c71-9dc2-782f2d4461a8.jpg?aki_policy=large"", ""https://a0.muscache.com/im/pictures/8dbb90e4-d1e8-4dd4-9d0e-bd67d830001d.jpg?aki_policy=large""]";"{""beds"": 2, ""bedrooms"": 1, ""bathrooms"": 1.5, ""amenity_ids"": [1, 2, 3, 4, 8, 10, 77, 28, 30, 31, 32, 33, 34, 35, 37, 38, 39, 103, 40, 104, 41, 44, 45, 46, 47, 51, 53], ""is_rebookable"": false, ""is_new_listing"": false, ""is_fully_refundable"": true, ""is_host_highly_rated"": true, ""is_business_travel_ready"": false}";"{""weekly_factor"": 0.81, ""monthly_factor"": 0.66}";7960;"";"{""is_superhost"": true}"
8243908;studio à partager (Champs Elysées);shared_room;Paris;Champs-Elysées;48.8774123394;2.29367150198;1;"[""https://a0.muscache.com/im/pictures/104923641/df353450_original.jpg?aki_policy=large"", ""https://a0.muscache.com/im/pictures/106197794/f34cd26e_original.jpg?aki_policy=large"", ""https://a0.muscache.com/im/pictures/106197795/9c54f2ae_original.jpg?aki_policy=large""]";"{""beds"": 1, ""bedrooms"": 1, ""bathrooms"": 1.0, ""amenity_ids"": [1, 33, 2, 3, 35, 4, 5, 8, 40, 41, 44, 45, 46, 21, 28, 30], ""is_rebookable"": false, ""is_new_listing"": false, ""is_fully_refundable"": true, ""is_host_highly_rated"": false, ""is_business_travel_ready"": false}";"{""weekly_factor"": 1.0, ""monthly_factor"": 1.0}";8043;"";"{""is_superhost"": false}"
8266475;Chambre calme, SDB et WC  séparés;private_room;Paris;Gare de Lyon;48.8455620625;2.3853377811;3;"[""https://a0.muscache.com/im/pictures/105498132/9d89a3e8_original.jpg?aki_policy=large"", ""https://a0.muscache.com/im/pictures/105498825/b8b51e67_original.jpg?aki_policy=large"", ""https://a0.muscache.com/im/pictures/105499604/9ec127a1_original.jpg?aki_policy=large"", ""https://a0.muscache.com/im/pictures/105502027/0228cf91_original.jpg?aki_policy=large"", ""https://a0.muscache.com/im/pictures/105502376/e49c2779_original.jpg?aki_policy=large""]";"{""beds"": 2, ""bedrooms"": 1, ""bathrooms"": 1.0, ""amenity_ids"": [33, 3, 35, 67, 4, 37, 71, 8, 40, 41, 73, 44, 45, 46, 47, 16, 21, 30, 31], ""is_rebookable"": false, ""is_new_listing"": false, ""is_fully_refundable"": true, ""is_host_highly_rated"": true, ""is_business_travel_ready"": false}";"{""weekly_factor"": 1.0, ""monthly_factor"": 1.0}";1868;"";"{""is_superhost"": true}"
8278130;Near Marais - 2 bedrooms - 88 sqm;entire_home;Paris;11e arrondissement;48.8627104232;2.37774605489;4;"[""https://a0.muscache.com/im/pictures/107314900/9bc29202_original.jpg?aki_policy=large"", ""https://a0.muscache.com/im/pictures/107314924/86653dbb_original.jpg?aki_policy=large"", ""https://a0.muscache.com/im/pictures/107314937/646a801b_original.jpg?aki_policy=large"", ""https://a0.muscache.com/im/pictures/107314957/703c2ebf_original.jpg?aki_policy=large"", ""https://a0.muscache.com/im/pictures/107314967/56347b73_original.jpg?aki_policy=large"", ""https://a0.muscache.com/im/pictures/107314983/f00e4f47_original.jpg?aki_policy=large"", ""https://a0.muscache.com/im/pictures/107314992/d4634dc6_original.jpg?aki_policy=large"", ""https://a0.muscache.com/im/pictures/107315002/b4fbcb34_original.jpg?aki_policy=large"", ""https://a0.muscache.com/im/pictures/107315009/42a87a22_original.jpg?aki_policy=large"", ""https://a0.muscache.com/im/pictures/107315017/4f23c3dd_original.jpg?aki_policy=large"", ""https://a0.muscache.com/im/pictures/107315028/d3bc8510_original.jpg?aki_policy=large"", ""https://a0.muscache.com/im/pictures/107315040/793d005f_original.jpg?aki_policy=large"", ""https://a0.muscache.com/im/pictures/107315053/a26da132_original.jpg?aki_policy=large"", ""https://a0.muscache.com/im/pictures/107315069/9b871e6e_original.jpg?aki_policy=large"", ""https://a0.muscache.com/im/pictures/107315085/b126b6f1_original.jpg?aki_policy=large"", ""https://a0.muscache.com/im/pictures/107315093/968bae58_original.jpg?aki_policy=large"", ""https://a0.muscache.com/im/pictures/107315113/d0e79498_original.jpg?aki_policy=large"", ""https://a0.muscache.com/im/pictures/107315129/76b1be39_original.jpg?aki_policy=large"", ""https://a0.muscache.com/im/pictures/107315137/1a4bf15f_original.jpg?aki_policy=large"", ""https://a0.muscache.com/im/pictures/107315146/bb13f8f3_original.jpg?aki_policy=large"", ""https://a0.muscache.com/im/pictures/107315152/76e68de0_original.jpg?aki_policy=large"", ""https://a0.muscache.com/im/pictures/107315157/d9906f00_original.jpg?aki_policy=large"", ""https://a0.muscache.com/im/pictures/107315185/7cae2f36_original.jpg?aki_policy=large"", ""https://a0.muscache.com/im/pictures/107315196/de6a2ed2_original.jpg?aki_policy=large"", ""https://a0.muscache.com/im/pictures/107315205/fb8e1497_original.jpg?aki_policy=large"", ""https://a0.muscache.com/im/pictures/107315210/4a895860_original.jpg?aki_policy=large"", ""https://a0.muscache.com/im/pictures/107315219/5017ea55_original.jpg?aki_policy=large"", ""https://a0.muscache.com/im/pictures/107315236/925484a3_original.jpg?aki_policy=large"", ""https://a0.muscache.com/im/pictures/107315248/a74ac4fc_original.jpg?aki_policy=large"", ""https://a0.muscache.com/im/pictures/107315261/6a05ebf9_original.jpg?aki_policy=large""]";"{""beds"": 2, ""bedrooms"": 2, ""bathrooms"": 1.0, ""amenity_ids"": [64, 1, 66, 4, 68, 8, 72, 73, 74, 85, 88, 89, 90, 91, 92, 93, 30, 94, 95, 96, 35, 100, 39, 103, 40, 41, 44, 45, 47, 49, 50, 60, 61], ""is_rebookable"": false, ""is_new_listing"": false, ""is_fully_refundable"": true, ""is_host_highly_rated"": true, ""is_business_travel_ready"": false}";"{""weekly_factor"": 1.0, ""monthly_factor"": 1.0}";7447;"";"{""is_superhost"": false}"
8448023;Appartement CHAMPS ELYSEE 5 pers.;entire_home;Paris;Champs-Elysées;48.87051413;2.2903386336;5;"[""https://a0.muscache.com/im/pictures/107441777/5557775e_original.jpg?aki_policy=large"", ""https://a0.muscache.com/im/pictures/107441898/4d36db5b_original.jpg?aki_policy=large"", ""https://a0.muscache.com/im/pictures/107440259/d815b117_original.jpg?aki_policy=large"", ""https://a0.muscache.com/im/pictures/107441842/397ad9ee_original.jpg?aki_policy=large"", ""https://a0.muscache.com/im/pictures/107445934/e7f0489e_original.jpg?aki_policy=large"", ""https://a0.muscache.com/im/pictures/107440527/bb5055d4_original.jpg?aki_policy=large"", ""https://a0.muscache.com/im/pictures/107451337/382b4fbd_original.jpg?aki_policy=large"", ""https://a0.muscache.com/im/pictures/107440222/acb00185_original.jpg?aki_policy=large"", ""https://a0.muscache.com/im/pictures/107440246/5be5056c_original.jpg?aki_policy=large"", ""https://a0.muscache.com/im/pictures/107440276/24886b14_original.jpg?aki_policy=large"", ""https://a0.muscache.com/im/pictures/107440293/4c239bae_original.jpg?aki_policy=large"", ""https://a0.muscache.com/im/pictures/107440319/49dbe8eb_original.jpg?aki_policy=large"", ""https://a0.muscache.com/im/pictures/107446079/9930a054_original.jpg?aki_policy=large"", ""https://a0.muscache.com/im/pictures/107440338/2e813bea_original.jpg?aki_policy=large"", ""https://a0.muscache.com/im/pictures/107440345/e672d0cf_original.jpg?aki_policy=large"", ""https://a0.muscache.com/im/pictures/107440438/823c07ae_original.jpg?aki_policy=large"", ""https://a0.muscache.com/im/pictures/107466331/fd196fe3_original.jpg?aki_policy=large"", ""https://a0.muscache.com/im/pictures/107497943/e2036af7_original.jpg?aki_policy=large""]";"{""beds"": 3, ""bedrooms"": 1, ""bathrooms"": 2.0, ""amenity_ids"": [1, 129, 2, 3, 4, 5, 8, 10, 77, 21, 85, 86, 87, 89, 90, 91, 28, 92, 93, 30, 94, 31, 95, 96, 33, 34, 35, 36, 103, 40, 104, 44, 45, 46], ""is_rebookable"": false, ""is_new_listing"": false, ""is_fully_refundable"": true, ""is_host_highly_rated"": true, ""is_business_travel_ready"": false}";"{""weekly_factor"": 0.98, ""monthly_factor"": 0.8}";6901;"";"{""is_superhost"": false}"
8480521;Studio, canal St-Martin, Paris;entire_home;Paris;République;48.8708414624;2.36329562829;2;"[""https://a0.muscache.com/im/pictures/8df086c0-e16b-48fb-85d3-6f4422b99aac.jpg?aki_policy=large"", ""https://a0.muscache.com/im/pictures/816bc430-0871-475e-8a85-032bf32b8ef9.jpg?aki_policy=large"", ""https://a0.muscache.com/im/pictures/f2cdd179-f55c-4673-9970-ec3441c4b221.jpg?aki_policy=large"", ""https://a0.muscache.com/im/pictures/8d3de150-0af5-4170-8b98-b90490e05681.jpg?aki_policy=large"", ""https://a0.muscache.com/im/pictures/bde93c9d-5541-4dc0-af40-6bac7b6cc109.jpg?aki_policy=large"", ""https://a0.muscache.com/im/pictures/864e8d2f-9a98-4f33-ba96-f56e45e081f0.jpg?aki_policy=large"", ""https://a0.muscache.com/im/pictures/56339f5b-c56a-405a-b768-5c1f5c0c30e5.jpg?aki_policy=large"", ""https://a0.muscache.com/im/pictures/3dc70599-63ba-4632-b626-3040d0ace068.jpg?aki_policy=large"", ""https://a0.muscache.com/im/pictures/6b30eada-d162-4954-bca7-98ff33dab70d.jpg?aki_policy=large"", ""https://a0.muscache.com/im/pictures/50af8b56-e0dd-46ea-9e65-2c2f670c7caa.jpg?aki_policy=large"", ""https://a0.muscache.com/im/pictures/8f787459-4d3d-4f33-8032-f1a4af8e57a8.jpg?aki_policy=large"", ""https://a0.muscache.com/im/pictures/905d0372-9067-4ebc-b3ba-63519d7005cc.jpg?aki_policy=large"", ""https://a0.muscache.com/im/pictures/280a2023-2e13-4604-810e-16b36b2c89c1.jpg?aki_policy=large"", ""https://a0.muscache.com/im/pictures/8aa556a0-7780-43fc-a3a9-eaedd0843e92.jpg?aki_policy=large"", ""https://a0.muscache.com/im/pictures/2c29123b-4cee-471c-b224-804f997d5ee9.jpg?aki_policy=large""]";"{""beds"": 1, ""bedrooms"": 1, ""bathrooms"": 1.0, ""amenity_ids"": [50, 131, 39, 8, 40, 41, 77, 30, 31], ""is_rebookable"": false, ""is_new_listing"": false, ""is_fully_refundable"": true, ""is_host_highly_rated"": true, ""is_business_travel_ready"": false}";"{""weekly_factor"": 0.95, ""monthly_factor"": 0.7}";6388;"";"{""is_superhost"": false}"
8525469;MARAIS Luxury 3 Bed , 2 bath Huge Garden View!;entire_home;Paris;Le Marais;48.8589107055;2.3584315743;8;"[""https://a0.muscache.com/im/pictures/10f9da31-6cef-489d-a316-68c9747f10c2.jpg?aki_policy=large"", ""https://a0.muscache.com/im/pictures/1237ce33-fdd8-4539-8e1a-2fca6ff324ad.jpg?aki_policy=large"", ""https://a0.muscache.com/im/pictures/acd268e0-1c2d-4b35-b889-0eed53a19a99.jpg?aki_policy=large"", ""https://a0.muscache.com/im/pictures/87a7aadb-aa2f-416a-9594-8037f9e9406a.jpg?aki_policy=large"", ""https://a0.muscache.com/im/pictures/c7d9e131-135d-48e8-919b-3f34d852a1d8.jpg?aki_policy=large"", ""https://a0.muscache.com/im/pictures/74f000aa-d376-4039-ae60-d99841834e70.jpg?aki_policy=large"", ""https://a0.muscache.com/im/pictures/ad7b7008-52a3-4930-a292-77e931a32d1f.jpg?aki_policy=large"", ""https://a0.muscache.com/im/pictures/959ca1e2-d2f1-4508-9352-f81318f98750.jpg?aki_policy=large"", ""https://a0.muscache.com/im/pictures/ddec2d7a-0846-4e88-9d98-4b0fa20972bb.jpg?aki_policy=large"", ""https://a0.muscache.com/im/pictures/000a3c8e-a59a-4212-a7c4-700aea120871.jpg?aki_policy=large"", ""https://a0.muscache.com/im/pictures/5098e35b-fba7-4da6-8b15-1e21ada538a6.jpg?aki_policy=large"", ""https://a0.muscache.com/im/pictures/65247478-b1a1-4056-985a-335dce8b9957.jpg?aki_policy=large"", ""https://a0.muscache.com/im/pictures/13282828-ebe6-4e9d-ba98-192cab6031c4.jpg?aki_policy=large"", ""https://a0.muscache.com/im/pictures/5712b32d-7933-4d2e-9891-377676196a81.jpg?aki_policy=large"", ""https://a0.muscache.com/im/pictures/ab95f4f2-f407-4382-9c1a-bf33a01d8368.jpg?aki_policy=large"", ""https://a0.muscache.com/im/pictures/3ee95789-559b-4f86-af35-35f9c160ec07.jpg?aki_policy=large"", ""https://a0.muscache.com/im/pictures/3e7b4d02-8351-4e84-8132-6300426a8e86.jpg?aki_policy=large"", ""https://a0.muscache.com/im/pictures/ff39eb5b-5fe3-4570-983e-c283429b63cf.jpg?aki_policy=large"", ""https://a0.muscache.com/im/pictures/8a595dec-5e11-47f7-9f85-da972ce34617.jpg?aki_policy=large"", ""https://a0.muscache.com/im/pictures/71f01a4b-94c6-4541-a71b-bb77c76e9b3d.jpg?aki_policy=large"", ""https://a0.muscache.com/im/pictures/01b79ff3-e443-4075-8160-57d9649a2a95.jpg?aki_policy=large"", ""https://a0.muscache.com/im/pictures/995b249e-713b-4775-ad3e-cabc2f1f4615.jpg?aki_policy=large"", ""https://a0.muscache.com/im/pictures/132c7d7c-4f08-417f-868e-9c5c30f85edd.jpg?aki_policy=large"", ""https://a0.muscache.com/im/pictures/f9328da4-b3ed-4c08-82b1-5185fcf2834f.jpg?aki_policy=large"", ""https://a0.muscache.com/im/pictures/c159da22-8db2-4918-9040-ee5e4182ae7d.jpg?aki_policy=large"", ""https://a0.muscache.com/im/pictures/6a77d055-698a-4515-bca5-f69cd1b6d498.jpg?aki_policy=large"", ""https://a0.muscache.com/im/pictures/af43ea1b-281a-4d1f-a117-d6697ace3271.jpg?aki_policy=large"", ""https://a0.muscache.com/im/pictures/983b98cd-49ef-4afa-9373-3c222b92a72f.jpg?aki_policy=large""]";"{""beds"": 3, ""bedrooms"": 3, ""bathrooms"": 2.5, ""amenity_ids"": [64, 1, 33, 2, 34, 3, 35, 4, 37, 39, 71, 8, 40, 41, 11, 45, 77, 50, 51, 55, 30, 31], ""is_rebookable"": false, ""is_new_listing"": false, ""is_fully_refundable"": true, ""is_host_highly_rated"": true, ""is_business_travel_ready"": false}";"{""weekly_factor"": 0.9, ""monthly_factor"": 0.68}";919;"";"{""is_superhost"": false}"
8639623;Mon loft au coeur de Paris;entire_home;Paris;Louvre - Tuileries;48.8632640281;2.33410484211;5;"[""https://a0.muscache.com/im/pictures/fcd65ecf-cc11-40da-9657-012ac944752e.jpg?aki_policy=large"", ""https://a0.muscache.com/im/pictures/0830dd01-e98b-488c-9998-eadd7b162e7e.jpg?aki_policy=large"", ""https://a0.muscache.com/im/pictures/1375e077-301a-4afb-b1ee-b073efa6ec46.jpg?aki_policy=large"", ""https://a0.muscache.com/im/pictures/674f5e6a-87fc-4cbd-bea7-0c9b9b7153be.jpg?aki_policy=large"", ""https://a0.muscache.com/im/pictures/4ef402dd-0b97-4af5-8986-04a5379020d9.jpg?aki_policy=large"", ""https://a0.muscache.com/im/pictures/87b76158-77cc-4339-a319-0d2e48bb2a3b.jpg?aki_policy=large"", ""https://a0.muscache.com/im/pictures/fd4b09c0-7950-48e2-9392-1a30d04c7cde.jpg?aki_policy=large"", ""https://a0.muscache.com/im/pictures/33743bf6-72e2-4075-998a-da5d750cce09.jpg?aki_policy=large"", ""https://a0.muscache.com/im/pictures/89160b34-8bc2-4651-bc81-b32c71fb0402.jpg?aki_policy=large"", ""https://a0.muscache.com/im/pictures/733aa3eb-ac2b-492e-a2e6-d2ef2a83f0df.jpg?aki_policy=large"", ""https://a0.muscache.com/im/pictures/3d2fc6db-978a-4ed6-8f79-66b4ebedc7bc.jpg?aki_policy=large"", ""https://a0.muscache.com/im/pictures/736a2698-d0a5-4e71-b4a8-2c4a2d570796.jpg?aki_policy=large"", ""https://a0.muscache.com/im/pictures/b33a8a82-c04e-48eb-9dec-13d3fca38ba3.jpg?aki_policy=large"", ""https://a0.muscache.com/im/pictures/14869a15-b803-4085-9028-81c921f9fbc0.jpg?aki_policy=large"", ""https://a0.muscache.com/im/pictures/56f96ac5-8e15-4103-a659-28825d2a8d68.jpg?aki_policy=large"", ""https://a0.muscache.com/im/pictures/44c054d8-0869-4800-8fd4-e70a989e06f7.jpg?aki_policy=large"", ""https://a0.muscache.com/im/pictures/111364132/bcf7203c_original.jpg?aki_policy=large"", ""https://a0.muscache.com/im/pictures/111364594/e6e8456b_original.jpg?aki_policy=large"", ""https://a0.muscache.com/im/pictures/7c902945-20e0-435b-922c-3e67889cf8de.jpg?aki_policy=large"", ""https://a0.muscache.com/im/pictures/83d3eb14-03e1-4b86-a22e-b0658cfe730c.jpg?aki_policy=large"", ""https://a0.muscache.com/im/pictures/e4aef03f-75c8-4df9-b744-3e9f3358fa68.jpg?aki_policy=large"", ""https://a0.muscache.com/im/pictures/25024bd4-fa04-4655-a285-879131b9b7c7.jpg?aki_policy=large"", ""https://a0.muscache.com/im/pictures/134c8ba3-d24c-45ab-ba1a-219531792388.jpg?aki_policy=large"", ""https://a0.muscache.com/im/pictures/baae239b-986e-4b83-80d6-b97a31611bbf.jpg?aki_policy=large"", ""https://a0.muscache.com/im/pictures/ee5738c9-04ba-4c68-9821-cbd3174595bf.jpg?aki_policy=large"", ""https://a0.muscache.com/im/pictures/a959fba6-dcdd-4304-97e6-e65a75563b26.jpg?aki_policy=large"", ""https://a0.muscache.com/im/pictures/8d4d96e0-a509-4e45-8cb8-8eb7ba88df82.jpg?aki_policy=large"", ""https://a0.muscache.com/im/pictures/001299c0-70d5-4917-af89-4f876d0ffe38.jpg?aki_policy=large"", ""https://a0.muscache.com/im/pictures/2c2ddb14-088b-4266-9726-0c3613f01736.jpg?aki_policy=large"", ""https://a0.muscache.com/im/pictures/a036f12c-ced3-489e-a462-d01abcb51115.jpg?aki_policy=large""]";"{""beds"": 3, ""bedrooms"": 2, ""bathrooms"": 1.5, ""amenity_ids"": [1, 33, 35, 4, 21, 39, 8, 28, 30, 31], ""is_rebookable"": false, ""is_new_listing"": false, ""is_fully_refundable"": true, ""is_host_highly_rated"": true, ""is_business_travel_ready"": false}";"{""weekly_factor"": 0.95, ""monthly_factor"": 0.55}";6373;"";"{""is_superhost"": false}"
8647159;belle maison de ville 85m2 Bastille;entire_home;Paris;Bastille;48.8553583909;2.37456289644;6;"[""https://a0.muscache.com/im/pictures/109941131/ad2d18f3_original.jpg?aki_policy=large"", ""https://a0.muscache.com/im/pictures/109941069/a22e02cc_original.jpg?aki_policy=large"", ""https://a0.muscache.com/im/pictures/109914357/bdcb03cb_original.jpg?aki_policy=large"", ""https://a0.muscache.com/im/pictures/109914246/e5955a99_original.jpg?aki_policy=large"", ""https://a0.muscache.com/im/pictures/109914540/9da5b259_original.jpg?aki_policy=large"", ""https://a0.muscache.com/im/pictures/109914447/1987e995_original.jpg?aki_policy=large"", ""https://a0.muscache.com/im/pictures/109914270/870974c8_original.jpg?aki_policy=large"", ""https://a0.muscache.com/im/pictures/109914467/f48b0d81_original.jpg?aki_policy=large"", ""https://a0.muscache.com/im/pictures/109914635/a72085f3_original.jpg?aki_policy=large"", ""https://a0.muscache.com/im/pictures/109941281/0eb651ee_original.jpg?aki_policy=large"", ""https://a0.muscache.com/im/pictures/109941180/27150a76_original.jpg?aki_policy=large"", ""https://a0.muscache.com/im/pictures/109941335/7997d002_original.jpg?aki_policy=large"", ""https://a0.muscache.com/im/pictures/109914757/af01509e_original.jpg?aki_policy=large"", ""https://a0.muscache.com/im/pictures/109940914/df04ea2a_original.jpg?aki_policy=large"", ""https://a0.muscache.com/im/pictures/ebcf9dd8-1e66-409e-8848-7239bc22ec5c.jpg?aki_policy=large"", ""https://a0.muscache.com/im/pictures/1a6f3b43-e4e2-4870-9d8e-630c896b6afb.jpg?aki_policy=large"", ""https://a0.muscache.com/im/pictures/76304011-b054-414c-b011-370bfe1cb84c.jpg?aki_policy=large"", ""https://a0.muscache.com/im/pictures/663878bd-ebf6-4694-a3d9-4e97463c4261.jpg?aki_policy=large"", ""https://a0.muscache.com/im/pictures/0f15c914-baca-4851-b98b-354fd1f95c0e.jpg?aki_policy=large""]";"{""beds"": 4, ""bedrooms"": 2, ""bathrooms"": 1.0, ""amenity_ids"": [1, 33, 34, 3, 35, 4, 38, 8, 40, 41, 30, 31], ""is_rebookable"": false, ""is_new_listing"": false, ""is_fully_refundable"": true, ""is_host_highly_rated"": true, ""is_business_travel_ready"": false}";"{""weekly_factor"": 1.0, ""monthly_factor"": 1.0}";5687;"";"{""is_superhost"": false}"
8711738;Grand loft à République;entire_home;Paris;République;48.8670264827;2.37228592227;6;"[""https://a0.muscache.com/im/pictures/110512714/5257c73f_original.jpg?aki_policy=large"", ""https://a0.muscache.com/im/pictures/111802227/e95a95f9_original.jpg?aki_policy=large"", ""https://a0.muscache.com/im/pictures/101a2ed9-a423-4ef1-90be-ad7ecb8c1e65.jpg?aki_policy=large"", ""https://a0.muscache.com/im/pictures/8548653e-2c31-439e-99ad-0ad911ffbf4a.jpg?aki_policy=large"", ""https://a0.muscache.com/im/pictures/af4b2e98-6022-48c6-a73d-16d22bcecaf3.jpg?aki_policy=large"", ""https://a0.muscache.com/im/pictures/111798109/febf1dc5_original.jpg?aki_policy=large"", ""https://a0.muscache.com/im/pictures/111802269/a9b23b83_original.jpg?aki_policy=large"", ""https://a0.muscache.com/im/pictures/77045056-b0bd-4b0c-bc8b-13aa52d54fc5.jpg?aki_policy=large"", ""https://a0.muscache.com/im/pictures/d9417472-9720-4f86-bf6c-b1224828d778.jpg?aki_policy=large"", ""https://a0.muscache.com/im/pictures/3701026e-1415-4d20-a07a-e7e27ee06bf3.jpg?aki_policy=large"", ""https://a0.muscache.com/im/pictures/9e66604c-d2c4-4d02-ba12-967acd08cae3.jpg?aki_policy=large"", ""https://a0.muscache.com/im/pictures/225840db-1648-4eaf-b6a0-df93caa698c3.jpg?aki_policy=large"", ""https://a0.muscache.com/im/pictures/30d25cab-3ae0-46c0-a3ee-f1e188c4a65a.jpg?aki_policy=large"", ""https://a0.muscache.com/im/pictures/f8ef1036-e0c1-4217-9194-eecc674407af.jpg?aki_policy=large"", ""https://a0.muscache.com/im/pictures/59d87ef0-f7c9-424a-9369-73f30ee08889.jpg?aki_policy=large"", ""https://a0.muscache.com/im/pictures/63dbbb49-0702-487e-af22-7e5208de7f59.jpg?aki_policy=large"", ""https://a0.muscache.com/im/pictures/111798197/465b7420_original.jpg?aki_policy=large"", ""https://a0.muscache.com/im/pictures/110513202/345a48de_original.jpg?aki_policy=large"", ""https://a0.muscache.com/im/pictures/fb50edf9-525e-4c5b-a4a4-efaf6cbbc310.jpg?aki_policy=large"", ""https://a0.muscache.com/im/pictures/57f55dd3-1119-404e-8492-13302d6fe0b0.jpg?aki_policy=large"", ""https://a0.muscache.com/im/pictures/111798218/85f36d28_original.jpg?aki_policy=large"", ""https://a0.muscache.com/im/pictures/551e1a5d-1cba-4411-9ed4-ab3baa6174c8.jpg?aki_policy=large"", ""https://a0.muscache.com/im/pictures/111798147/7afb2332_original.jpg?aki_policy=large"", ""https://a0.muscache.com/im/pictures/609963e3-30a4-4f5e-9667-4a58b6778c4f.jpg?aki_policy=large"", ""https://a0.muscache.com/im/pictures/700510d8-63ab-44a7-bedd-8d6be1e377e5.jpg?aki_policy=large"", ""https://a0.muscache.com/im/pictures/1f9863f9-cdb1-49be-9684-a6f916847054.jpg?aki_policy=large"", ""https://a0.muscache.com/im/pictures/4904216d-f85c-4eca-83eb-2bdbb057447b.jpg?aki_policy=large"", ""https://a0.muscache.com/im/pictures/57b56c60-dc9f-4d7d-92ba-c7432d1bfaff.jpg?aki_policy=large"", ""https://a0.muscache.com/im/pictures/111802471/6741d2ae_original.jpg?aki_policy=large"", ""https://a0.muscache.com/im/pictures/111804139/06a0a10d_original.jpg?aki_policy=large""]";"{""beds"": 3, ""bedrooms"": 3, ""bathrooms"": 1.0, ""amenity_ids"": [1, 33, 129, 34, 66, 3, 4, 37, 38, 103, 8, 40, 41, 73, 10, 75, 44, 45, 77, 46, 47, 61, 30, 31], ""is_rebookable"": false, ""is_new_listing"": false, ""is_fully_refundable"": true, ""is_host_highly_rated"": true, ""is_business_travel_ready"": false}";"{""weekly_factor"": 0.85, ""monthly_factor"": 0.7}";954;"";"{""is_superhost"": false}"
8734243;Verdi - Central family abode;entire_home;Paris;Bastille;48.84769113;2.37519036162;4;"[""https://a0.muscache.com/im/pictures/110707320/694785b2_original.jpg?aki_policy=large"", ""https://a0.muscache.com/im/pictures/110705068/090a79b8_original.jpg?aki_policy=large"", ""https://a0.muscache.com/im/pictures/110705157/b075287a_original.jpg?aki_policy=large"", ""https://a0.muscache.com/im/pictures/110705273/8ed3f3c9_original.jpg?aki_policy=large"", ""https://a0.muscache.com/im/pictures/110705398/2e588416_original.jpg?aki_policy=large"", ""https://a0.muscache.com/im/pictures/110705899/f0206ee2_original.jpg?aki_policy=large"", ""https://a0.muscache.com/im/pictures/110706501/aec8e67f_original.jpg?aki_policy=large"", ""https://a0.muscache.com/im/pictures/110706534/0c1057dd_original.jpg?aki_policy=large"", ""https://a0.muscache.com/im/pictures/110706701/5b2ab750_original.jpg?aki_policy=large"", ""https://a0.muscache.com/im/pictures/110706797/61d4b5a5_original.jpg?aki_policy=large"", ""https://a0.muscache.com/im/pictures/110706867/795b7187_original.jpg?aki_policy=large"", ""https://a0.muscache.com/im/pictures/110705994/20403013_original.jpg?aki_policy=large"", ""https://a0.muscache.com/im/pictures/110706957/7dbfbf62_original.jpg?aki_policy=large"", ""https://a0.muscache.com/im/pictures/110706976/c137ce6e_original.jpg?aki_policy=large"", ""https://a0.muscache.com/im/pictures/110707091/8a5c657d_original.jpg?aki_policy=large"", ""https://a0.muscache.com/im/pictures/110707169/79f839b3_original.jpg?aki_policy=large"", ""https://a0.muscache.com/im/pictures/110707188/ccfda0c5_original.jpg?aki_policy=large"", ""https://a0.muscache.com/im/pictures/110707321/f2ad708e_original.jpg?aki_policy=large"", ""https://a0.muscache.com/im/pictures/110707433/1a4f40fe_original.jpg?aki_policy=large"", ""https://a0.muscache.com/im/pictures/110707624/e9158a7e_original.jpg?aki_policy=large"", ""https://a0.muscache.com/im/pictures/110707656/20f555d3_original.jpg?aki_policy=large"", ""https://a0.muscache.com/im/pictures/110707726/eb855520_original.jpg?aki_policy=large"", ""https://a0.muscache.com/im/pictures/110707756/dffaa706_original.jpg?aki_policy=large"", ""https://a0.muscache.com/im/pictures/110707840/80e14018_original.jpg?aki_policy=large"", ""https://a0.muscache.com/im/pictures/110707880/ada5c25b_original.jpg?aki_policy=large"", ""https://a0.muscache.com/im/pictures/e0bfe7d1-b26c-427c-b11d-ca98105a760c.jpg?aki_policy=large""]";"{""beds"": 3, ""bedrooms"": 2, ""bathrooms"": 1.5, ""amenity_ids"": [33, 129, 2, 3, 4, 100, 8, 40, 104, 10, 21, 89, 91, 92, 93, 30, 94, 31], ""is_rebookable"": false, ""is_new_listing"": false, ""is_fully_refundable"": true, ""is_host_highly_rated"": false, ""is_business_travel_ready"": false}";"{""weekly_factor"": 0.9, ""monthly_factor"": 0.6}";4548;"";"{""is_superhost"": false}"
8974367;Superbe 3 pièces/ Paris 11 /Adapté aux familles;entire_home;Paris;République;48.8700802618;2.3731754562;6;"[""https://a0.muscache.com/im/pictures/7aecd60d-e561-47f6-b59e-35fd10d10062.jpg?aki_policy=large"", ""https://a0.muscache.com/im/pictures/fe9ab2c4-9978-48a6-b3d5-72715ca79072.jpg?aki_policy=large"", ""https://a0.muscache.com/im/pictures/9ec193a9-285b-4512-ac68-f47e8a0d3862.jpg?aki_policy=large"", ""https://a0.muscache.com/im/pictures/eb00e748-adaf-4e60-a7f5-699aeceffec4.jpg?aki_policy=large"", ""https://a0.muscache.com/im/pictures/3699527f-861f-4662-bc97-1f0e40db14d4.jpg?aki_policy=large"", ""https://a0.muscache.com/im/pictures/77e292b0-8f29-4aed-9e09-16535b9ffa23.jpg?aki_policy=large"", ""https://a0.muscache.com/im/pictures/729e4a28-b493-4b77-94c1-8ff3d9c62e28.jpg?aki_policy=large"", ""https://a0.muscache.com/im/pictures/250bbee3-a834-4ae3-812f-f29b0998d945.jpg?aki_policy=large"", ""https://a0.muscache.com/im/pictures/ed969465-2441-496c-9913-e99f379de24a.jpg?aki_policy=large"", ""https://a0.muscache.com/im/pictures/8005dedd-a8c9-4ea2-bd5d-31c5c07d525c.jpg?aki_policy=large"", ""https://a0.muscache.com/im/pictures/dbe422c9-6088-46eb-b30b-69805569c402.jpg?aki_policy=large"", ""https://a0.muscache.com/im/pictures/8f00091f-6927-45be-ba3a-624c667d402a.jpg?aki_policy=large"", ""https://a0.muscache.com/im/pictures/5dadf1db-d26f-4492-8b31-0e020971f707.jpg?aki_policy=large"", ""https://a0.muscache.com/im/pictures/d654d559-888a-4907-807f-3287041cf17d.jpg?aki_policy=large"", ""https://a0.muscache.com/im/pictures/4d4b02eb-9c81-4349-a184-16dd3c6f39b3.jpg?aki_policy=large""]";"{""beds"": 3, ""bedrooms"": 2, ""bathrooms"": 1.0, ""amenity_ids"": [64, 129, 66, 4, 71, 8, 72, 10, 74, 77, 85, 89, 90, 91, 92, 93, 30, 94, 95, 96, 33, 35, 103, 40, 41, 42, 44, 45, 46, 47, 57, 60, 61, 63], ""is_rebookable"": false, ""is_new_listing"": false, ""is_fully_refundable"": true, ""is_host_highly_rated"": true, ""is_business_travel_ready"": false}";"{""weekly_factor"": 1.0, ""monthly_factor"": 1.0}";3381;"";"{""is_superhost"": false}"
8981026;Louvre Opera Classic;entire_home;Paris;2e arrondissement;48.86993;2.341072;4;"[""https://a0.muscache.com/im/pictures/f10a8da9-7bf8-49a3-aa05-61e642aeed3f.jpg?aki_policy=large"", ""https://a0.muscache.com/im/pictures/c75f79ba-a671-496f-a484-ba53d5ce4047.jpg?aki_policy=large"", ""https://a0.muscache.com/im/pictures/f9fc1e35-1437-4d29-ab83-4a749e62e49e.jpg?aki_policy=large"", ""https://a0.muscache.com/im/pictures/035d0c4c-8da0-4ee0-9393-b6b78aa8a184.jpg?aki_policy=large"", ""https://a0.muscache.com/im/pictures/23e1cb20-74c9-48d2-9c28-05c0497476cf.jpg?aki_policy=large"", ""https://a0.muscache.com/im/pictures/20aad318-7d54-4ea5-bf6e-20a99a8a7a5f.jpg?aki_policy=large"", ""https://a0.muscache.com/im/pictures/be8ebbea-5b95-493d-b30d-3efda7b39581.jpg?aki_policy=large"", ""https://a0.muscache.com/im/pictures/6e81c262-4fc4-4f33-b51d-dbb8ff4d7fc3.jpg?aki_policy=large"", ""https://a0.muscache.com/im/pictures/09eaec4f-01f4-4dcd-aa9e-44dbeb13261d.jpg?aki_policy=large"", ""https://a0.muscache.com/im/pictures/93b3ae9e-a8d7-4716-8268-6a93d53179ba.jpg?aki_policy=large"", ""https://a0.muscache.com/im/pictures/f5f63a1a-57aa-4686-8c8c-ddbce5d3981c.jpg?aki_policy=large"", ""https://a0.muscache.com/im/pictures/f3201db8-b91b-4b4f-9846-5fdffd3a6f7a.jpg?aki_policy=large"", ""https://a0.muscache.com/im/pictures/68a67dd9-e71f-422a-8be6-c28caf6423fc.jpg?aki_policy=large"", ""https://a0.muscache.com/im/pictures/336daea4-0ab1-40c0-9a16-43671014428a.jpg?aki_policy=large"", ""https://a0.muscache.com/im/pictures/95c5abe5-e9ad-4fe7-8da7-2543a94cf7c3.jpg?aki_policy=large"", ""https://a0.muscache.com/im/pictures/2620bd90-096d-4fa0-a271-0a4f23c88871.jpg?aki_policy=large"", ""https://a0.muscache.com/im/pictures/ab94a35b-8381-42b5-b122-d7750e3c8428.jpg?aki_policy=large"", ""https://a0.muscache.com/im/pictures/ca53296c-014d-4856-9fb7-e910ad0ae721.jpg?aki_policy=large"", ""https://a0.muscache.com/im/pictures/c9456eb9-cfb6-4993-a9d2-1c62c0a0ab24.jpg?aki_policy=large"", ""https://a0.muscache.com/im/pictures/76fe1019-3b02-4f89-9661-a39890406d50.jpg?aki_policy=large"", ""https://a0.muscache.com/im/pictures/e6eb5d42-7f17-46f1-99a5-8dd8e477b215.jpg?aki_policy=large"", ""https://a0.muscache.com/im/pictures/bfab8c33-6838-49e5-a978-6050f5d2c197.jpg?aki_policy=large"", ""https://a0.muscache.com/im/pictures/dc05d50a-d09f-441f-85c3-bf98c0b2126b.jpg?aki_policy=large"", ""https://a0.muscache.com/im/pictures/19db582c-eed4-4897-b18f-5195a10df794.jpg?aki_policy=large"", ""https://a0.muscache.com/im/pictures/46dda172-8c8c-4ff9-988b-17b92f1a7308.jpg?aki_policy=large"", ""https://a0.muscache.com/im/pictures/73ba452e-8760-4d87-9b53-e7aa5fd01ab7.jpg?aki_policy=large"", ""https://a0.muscache.com/im/pictures/081b0dd1-49dd-477b-9383-ea83bca8d420.jpg?aki_policy=large"", ""https://a0.muscache.com/im/pictures/6be1af02-6793-411c-9c35-5ec7e4d02258.jpg?aki_policy=large"", ""https://a0.muscache.com/im/pictures/d028882d-951b-4f72-9c9d-8e2e4dd63978.jpg?aki_policy=large"", ""https://a0.muscache.com/im/pictures/78a7cb44-041c-490a-ae11-843dd0c34ae5.jpg?aki_policy=large""]";"{""beds"": 2, ""bedrooms"": 1, ""bathrooms"": 1.0, ""amenity_ids"": [1, 2, 3, 4, 5, 8, 10, 77, 15, 21, 30, 31, 33, 35, 36, 39, 40, 41, 43, 44, 45, 46, 47, 51, 54], ""is_rebookable"": false, ""is_new_listing"": false, ""is_fully_refundable"": true, ""is_host_highly_rated"": true, ""is_business_travel_ready"": false}";"{""weekly_factor"": 1.0, ""monthly_factor"": 1.0}";1981;"";"{""is_superhost"": false}"
9072020;Vue sur Tour Eiffel Sacré-coeur #1;entire_home;Paris;République;48.8653339022;2.37193594055;1;"[""https://a0.muscache.com/im/pictures/0e5426d5-f47e-4071-99d9-286e9d95f269.jpg?aki_policy=large"", ""https://a0.muscache.com/im/pictures/21a0ab9d-40bb-4ee6-8615-f81eb63bb464.jpg?aki_policy=large"", ""https://a0.muscache.com/im/pictures/98fb2f47-d671-4535-bb77-4fae1d62f791.jpg?aki_policy=large"", ""https://a0.muscache.com/im/pictures/475ab043-e818-4287-934c-fc2fa86d1eda.jpg?aki_policy=large"", ""https://a0.muscache.com/im/pictures/548fbee2-2af6-458d-85e8-8443c5739dd1.jpg?aki_policy=large"", ""https://a0.muscache.com/im/pictures/7490f91f-1f88-48c8-a2ce-c91856abfd32.jpg?aki_policy=large"", ""https://a0.muscache.com/im/pictures/0c525b61-679c-4bc2-95e3-88b9aa9d9456.jpg?aki_policy=large"", ""https://a0.muscache.com/im/pictures/b3943328-8027-4f82-80fc-48ea38319593.jpg?aki_policy=large"", ""https://a0.muscache.com/im/pictures/23746f47-b1a5-48a9-8e46-4235636d1f68.jpg?aki_policy=large"", ""https://a0.muscache.com/im/pictures/ca32af32-c0f9-48d9-bc3d-9340640c1483.jpg?aki_policy=large"", ""https://a0.muscache.com/im/pictures/016bfda1-6f05-47fe-b1bb-16278eff502c.jpg?aki_policy=large"", ""https://a0.muscache.com/im/pictures/1e812634-f253-4425-904e-c9fb0f93281a.jpg?aki_policy=large"", ""https://a0.muscache.com/im/pictures/588c5c7a-7024-4b1c-b8ed-b368ef19f8f9.jpg?aki_policy=large"", ""https://a0.muscache.com/im/pictures/b18e163a-d6ae-48b9-92fe-c00041694c4f.jpg?aki_policy=large"", ""https://a0.muscache.com/im/pictures/ae8da500-a908-4469-b8e0-2e0de1b2e4d1.jpg?aki_policy=large"", ""https://a0.muscache.com/im/pictures/78e3870c-ce10-4b11-a7f4-a4a343cdb319.jpg?aki_policy=large"", ""https://a0.muscache.com/im/pictures/72be2497-5151-42c9-8532-60df03bf7422.jpg?aki_policy=large"", ""https://a0.muscache.com/im/pictures/200ba6f4-4209-4896-a903-dd4f00af2582.jpg?aki_policy=large"", ""https://a0.muscache.com/im/pictures/cce8c000-b59a-4b54-b8ed-c3497f7a523e.jpg?aki_policy=large"", ""https://a0.muscache.com/im/pictures/6f08b72d-ed48-4e88-bb99-9f7c9488241f.jpg?aki_policy=large"", ""https://a0.muscache.com/im/pictures/6fbd3900-7f9b-4f74-a44b-b8c91efb77e2.jpg?aki_policy=large""]";"{""beds"": 1, ""bedrooms"": 0, ""bathrooms"": 1.0, ""amenity_ids"": [1, 2, 3, 35, 4, 36, 8, 40, 41, 43, 44, 45, 46, 47, 50, 21, 28, 30, 31], ""is_rebookable"": false, ""is_new_listing"": false, ""is_fully_refundable"": true, ""is_host_highly_rated"": false, ""is_business_travel_ready"": false}";"{""weekly_factor"": 1.0, ""monthly_factor"": 1.0}";8111;"";"{""is_superhost"": false}"
9083149;Cinema Theme Modern 3BR *Saint-Germain *7 Guests;entire_home;Paris;Saint Germain des Prés - Odéon;48.85199531;2.33830054153;7;"[""https://a0.muscache.com/im/pictures/6762cdd2-b0a3-4baf-91ba-3ea8e80aa692.jpg?aki_policy=large"", ""https://a0.muscache.com/im/pictures/f60db65d-a498-4c2c-ac7c-ece593c55a1b.jpg?aki_policy=large"", ""https://a0.muscache.com/im/pictures/2a0b5db7-5e13-4eb0-9b9c-66188153c513.jpg?aki_policy=large"", ""https://a0.muscache.com/im/pictures/f4183354-1259-4662-8839-d4d00858d89a.jpg?aki_policy=large"", ""https://a0.muscache.com/im/pictures/c530109f-9111-4ab6-896b-1ec1a9209574.jpg?aki_policy=large"", ""https://a0.muscache.com/im/pictures/5ecd2e7b-b083-4f9a-b6d3-909b4bec288c.jpg?aki_policy=large"", ""https://a0.muscache.com/im/pictures/5e1ea5b0-2efc-4a20-bc47-f126aaa4ab84.jpg?aki_policy=large"", ""https://a0.muscache.com/im/pictures/152b7e4e-35eb-4175-a6d2-1d74d85c87e0.jpg?aki_policy=large"", ""https://a0.muscache.com/im/pictures/c3e11fe1-868e-4c0b-9fec-5e9332b29efb.jpg?aki_policy=large"", ""https://a0.muscache.com/im/pictures/cac697cc-a0f2-43d7-8afa-21a558ef7a2b.jpg?aki_policy=large"", ""https://a0.muscache.com/im/pictures/c30dd81f-f4ed-457e-823c-11fd113a83eb.jpg?aki_policy=large"", ""https://a0.muscache.com/im/pictures/cb9f3aa3-662b-4108-83c7-f909093ee104.jpg?aki_policy=large"", ""https://a0.muscache.com/im/pictures/df36234f-20ba-451b-868b-8accfe744875.jpg?aki_policy=large"", ""https://a0.muscache.com/im/pictures/c4d517c3-72c0-45fe-8c01-e42966f3d76e.jpg?aki_policy=large"", ""https://a0.muscache.com/im/pictures/6ea88736-8835-4163-84c9-18cff6d8fd2a.jpg?aki_policy=large"", ""https://a0.muscache.com/im/pictures/900b023b-82b3-45c6-a69f-82b73773b355.jpg?aki_policy=large"", ""https://a0.muscache.com/im/pictures/68c6675e-7eb1-46b6-8df4-0d9013becfe1.jpg?aki_policy=large"", ""https://a0.muscache.com/im/pictures/095c01f2-c69a-4a91-a2b9-8bf9dea37840.jpg?aki_policy=large"", ""https://a0.muscache.com/im/pictures/c859a379-b394-47d9-9fda-998bf5810fe4.jpg?aki_policy=large"", ""https://a0.muscache.com/im/pictures/a4dbc17b-f927-44fb-b3b4-1179ed6f4c89.jpg?aki_policy=large"", ""https://a0.muscache.com/im/pictures/87a0d345-ebae-48fa-92dc-0bd3ca5524bc.jpg?aki_policy=large"", ""https://a0.muscache.com/im/pictures/e4e4808f-0fb0-4bae-8617-b63973ce2a66.jpg?aki_policy=large"", ""https://a0.muscache.com/im/pictures/0ff3e633-6a8d-4df9-aa09-53529831c385.jpg?aki_policy=large"", ""https://a0.muscache.com/im/pictures/0dbee1b0-509a-4d12-9042-85f872ee1eb4.jpg?aki_policy=large""]";"{""beds"": 3, ""bedrooms"": 3, ""bathrooms"": 1.0, ""amenity_ids"": [64, 1, 129, 2, 3, 4, 70, 71, 8, 77, 85, 86, 87, 88, 89, 90, 91, 28, 93, 30, 94, 31, 95, 96, 33, 34, 35, 36, 103, 40, 104, 41, 43, 44, 45, 46, 47, 57, 60, 61, 62], ""is_rebookable"": false, ""is_new_listing"": false, ""is_fully_refundable"": true, ""is_host_highly_rated"": true, ""is_business_travel_ready"": false}";"{""weekly_factor"": 0.92, ""monthly_factor"": 0.85}";4754;"";"{""is_superhost"": false}"
9131204;5*Eiffel Tower Penthouse w Terrace;entire_home;Paris;Passy;48.8517150904;2.27885156866;4;"[""https://a0.muscache.com/im/pictures/1a35b1a6-d851-4a86-8d6a-f1b3c6cae57b.jpg?aki_policy=large"", ""https://a0.muscache.com/im/pictures/b6305f89-bf4c-4b07-a165-2697aef51cb8.jpg?aki_policy=large"", ""https://a0.muscache.com/im/pictures/cb083c32-f9ae-4aeb-90a9-a97a5804334b.jpg?aki_policy=large"", ""https://a0.muscache.com/im/pictures/17e8643e-9069-435a-a09c-943b4c5a7077.jpg?aki_policy=large"", ""https://a0.muscache.com/im/pictures/0ffe7741-8b92-4c1e-8b14-0da3cca80ca2.jpg?aki_policy=large"", ""https://a0.muscache.com/im/pictures/ad662e17-c5cf-4173-93cd-d39a3c39d0de.jpg?aki_policy=large"", ""https://a0.muscache.com/im/pictures/38bd8371-d5d3-469c-89fb-7f1c07cb5b56.jpg?aki_policy=large"", ""https://a0.muscache.com/im/pictures/fa574698-7ed7-4a19-9222-ae131b1201ef.jpg?aki_policy=large"", ""https://a0.muscache.com/im/pictures/2a6e2560-20a0-4c9d-8de4-00917c292ff3.jpg?aki_policy=large"", ""https://a0.muscache.com/im/pictures/7b88394d-0403-40e3-bb44-4561754226cf.jpg?aki_policy=large"", ""https://a0.muscache.com/im/pictures/f020e5b8-97dc-4b80-8d60-f782addebbbc.jpg?aki_policy=large"", ""https://a0.muscache.com/im/pictures/5b4649a5-508c-4efd-b055-a80cc0d3efb2.jpg?aki_policy=large"", ""https://a0.muscache.com/im/pictures/a4cb5abb-bad3-450b-aeac-4bba6ddc976d.jpg?aki_policy=large"", ""https://a0.muscache.com/im/pictures/5a508136-ab31-40d5-a300-d050462c3842.jpg?aki_policy=large"", ""https://a0.muscache.com/im/pictures/674d3c54-149f-433a-8b5e-d9a82225b539.jpg?aki_policy=large"", ""https://a0.muscache.com/im/pictures/ed651b3a-e903-4776-b854-1d5a6282d1d1.jpg?aki_policy=large"", ""https://a0.muscache.com/im/pictures/dc91886b-0689-4ba0-959c-28b842ec52f8.jpg?aki_policy=large"", ""https://a0.muscache.com/im/pictures/6b1781d1-f4ef-4204-8206-10509fc30193.jpg?aki_policy=large"", ""https://a0.muscache.com/im/pictures/490c267c-c30f-4ef4-8ec0-34a3f26fe0c8.jpg?aki_policy=large"", ""https://a0.muscache.com/im/pictures/c800fc96-8108-41da-85b5-ddbb63faf583.jpg?aki_policy=large"", ""https://a0.muscache.com/im/pictures/97ddcd05-55e3-45c1-92aa-15ae3dec8d6c.jpg?aki_policy=large"", ""https://a0.muscache.com/im/pictures/941076a6-5252-4bd0-992d-7dfd96a5b99a.jpg?aki_policy=large"", ""https://a0.muscache.com/im/pictures/4bdfbbe5-6256-411d-b4f0-1b6cff72e4f7.jpg?aki_policy=large"", ""https://a0.muscache.com/im/pictures/94ccaa8b-93ee-45c8-b8b3-88600a526139.jpg?aki_policy=large"", ""https://a0.muscache.com/im/pictures/4c3a8d5a-88b3-4aa2-bee4-3b884f7b93a0.jpg?aki_policy=large"", ""https://a0.muscache.com/im/pictures/745b5c11-a7e9-477a-8623-fdfaad4255e1.jpg?aki_policy=large"", ""https://a0.muscache.com/im/pictures/988561d1-51e9-440f-be74-3472edd55aa7.jpg?aki_policy=large"", ""https://a0.muscache.com/im/pictures/19a9816b-8370-4d8b-939f-b9b0d0ceb567.jpg?aki_policy=large"", ""https://a0.muscache.com/im/pictures/936fb2ca-2f6c-443c-a8cc-9ee98291061e.jpg?aki_policy=large"", ""https://a0.muscache.com/im/pictures/76b7accb-b45b-4683-bff5-2f935955059f.jpg?aki_policy=large""]";"{""beds"": 2, ""bedrooms"": 2, ""bathrooms"": 2.5, ""amenity_ids"": [1, 129, 3, 4, 8, 11, 77, 21, 89, 90, 27, 91, 28, 92, 93, 30, 94, 31, 95, 287, 96, 33, 34, 35, 36, 100, 37, 38, 40, 41, 43, 44, 45, 46, 47], ""is_rebookable"": false, ""is_new_listing"": false, ""is_fully_refundable"": true, ""is_host_highly_rated"": true, ""is_business_travel_ready"": false}";"{""weekly_factor"": 1.0, ""monthly_factor"": 0.8}";5933;"";"{""is_superhost"": true}"
9144409;Charmant studio au coeur de Paris;entire_home;Paris;Saint Germain des Prés - Odéon;48.8505441658;2.33085909219;2;"[""https://a0.muscache.com/im/pictures/95a3cbf8-147c-4ecc-b17f-b07bc783aa1d.jpg?aki_policy=large"", ""https://a0.muscache.com/im/pictures/379a7e88-cc52-47b3-bcd0-6dcb306855ec.jpg?aki_policy=large"", ""https://a0.muscache.com/im/pictures/6da0a5be-28f8-4eda-9dbc-5a0e0d48dd48.jpg?aki_policy=large"", ""https://a0.muscache.com/im/pictures/3c88d9e7-b673-4890-947a-43b12e5d1c58.jpg?aki_policy=large"", ""https://a0.muscache.com/im/pictures/aeb041a5-400f-4b91-9bc2-d0529f04d620.jpg?aki_policy=large"", ""https://a0.muscache.com/im/pictures/1cca7ef3-80f8-41a2-a21a-14ba2ecb95d0.jpg?aki_policy=large"", ""https://a0.muscache.com/im/pictures/e5b6e31a-9aec-417d-8c3d-600bef1b7ee7.jpg?aki_policy=large"", ""https://a0.muscache.com/im/pictures/d8ddcd15-6559-4c16-98b8-6afa734da505.jpg?aki_policy=large"", ""https://a0.muscache.com/im/pictures/6af132b6-4337-4f7e-90f7-2b881d4101b7.jpg?aki_policy=large"", ""https://a0.muscache.com/im/pictures/be930f30-71e6-45ed-80df-4853f8a9e272.jpg?aki_policy=large"", ""https://a0.muscache.com/im/pictures/564c891d-dc0c-4a56-803b-9a589d64b583.jpg?aki_policy=large"", ""https://a0.muscache.com/im/pictures/4bbd5999-668d-4be4-b772-3548cf3599aa.jpg?aki_policy=large"", ""https://a0.muscache.com/im/pictures/f4ee5861-52da-4a42-b9e3-d45167ea7393.jpg?aki_policy=large"", ""https://a0.muscache.com/im/pictures/e93fe324-7b27-47cd-91da-d6795fed8516.jpg?aki_policy=large"", ""https://a0.muscache.com/im/pictures/19c902a6-f324-4970-8bac-6d5a159e50de.jpg?aki_policy=large""]";"{""beds"": 1, ""bedrooms"": 0, ""bathrooms"": 1.0, ""amenity_ids"": [4, 21, 8, 40, 41, 43], ""is_rebookable"": false, ""is_new_listing"": false, ""is_fully_refundable"": true, ""is_host_highly_rated"": true, ""is_business_travel_ready"": false}";"{""weekly_factor"": 0.92, ""monthly_factor"": 0.8}";1635;"";"{""is_superhost"": false}"
9200401;Bright & Cosy room Bastille area;private_room;Paris;Bastille;48.8557434394;2.37528565977;2;"[""https://a0.muscache.com/im/pictures/26fcc405-db8c-47f1-a6aa-0a5cdd90b780.jpg?aki_policy=large"", ""https://a0.muscache.com/im/pictures/2d53e79f-aead-4281-b1cb-6b5622c595bf.jpg?aki_policy=large"", ""https://a0.muscache.com/im/pictures/a4a30c80-1662-4077-9f9e-53aaabdd91e4.jpg?aki_policy=large"", ""https://a0.muscache.com/im/pictures/1a450c75-842a-4ab1-9fb9-9876b72467bd.jpg?aki_policy=large"", ""https://a0.muscache.com/im/pictures/241a0280-c81f-4084-a3f3-cb5dd7a30c42.jpg?aki_policy=large""]";"{""beds"": 1, ""bedrooms"": 1, ""bathrooms"": 1.0, ""amenity_ids"": [33, 129, 3, 35, 4, 36, 8, 40, 41, 42, 11, 77, 50, 28, 30, 31], ""is_rebookable"": false, ""is_new_listing"": false, ""is_fully_refundable"": true, ""is_host_highly_rated"": true, ""is_business_travel_ready"": false}";"{""weekly_factor"": 0.88, ""monthly_factor"": 0.6}";3245;"";"{""is_superhost"": false}"
9228374;Chambre16;private_room;Paris;Passy;48.8614375133;2.27708364397;1;"[""https://a0.muscache.com/im/pictures/2c691a32-be45-4fc6-8d30-5f124adca4a3.jpg?aki_policy=large"", ""https://a0.muscache.com/im/pictures/ae2d71df-748d-4603-af10-cbb15b86c646.jpg?aki_policy=large"", ""https://a0.muscache.com/im/pictures/07114e7f-aeea-4f89-84f2-14a115a61300.jpg?aki_policy=large"", ""https://a0.muscache.com/im/pictures/36566287-bdc6-48ba-96bd-8b51a77071a9.jpg?aki_policy=large"", ""https://a0.muscache.com/im/pictures/32600c8f-d668-4d3b-bbdf-84e3e7649a9a.jpg?aki_policy=large"", ""https://a0.muscache.com/im/pictures/a6f1ee83-c745-47ba-9dac-570e8d95ef5c.jpg?aki_policy=large"", ""https://a0.muscache.com/im/pictures/e03f80a5-85bc-4a5a-9b01-6b9cbd5e62cd.jpg?aki_policy=large"", ""https://a0.muscache.com/im/pictures/77249714-360e-4d1e-8050-fa088b8cb60b.jpg?aki_policy=large"", ""https://a0.muscache.com/im/pictures/1dc96f7e-b63a-41e2-a904-cfa1d728da85.jpg?aki_policy=large"", ""https://a0.muscache.com/im/pictures/68e5664c-cf29-44db-9774-8c7488626584.jpg?aki_policy=large"", ""https://a0.muscache.com/im/pictures/ff2353b3-81f5-42a0-bcf3-adf8482b398c.jpg?aki_policy=large"", ""https://a0.muscache.com/im/pictures/baa62628-53e7-478b-8775-ee0a0c1d4071.jpg?aki_policy=large"", ""https://a0.muscache.com/im/pictures/66acad92-d97b-4a7c-bf7a-9ae03b27f6e9.jpg?aki_policy=large"", ""https://a0.muscache.com/im/pictures/811ac589-e511-4d9e-b22f-a069f19e3074.jpg?aki_policy=large""]";"{""beds"": 1, ""bedrooms"": 1, ""bathrooms"": 0.5, ""amenity_ids"": [49, 50, 3, 4, 38, 39, 8, 43, 30, 47], ""is_rebookable"": false, ""is_new_listing"": false, ""is_fully_refundable"": true, ""is_host_highly_rated"": false, ""is_business_travel_ready"": false}";"{""weekly_factor"": 0.88, ""monthly_factor"": 0.69}";2187;"";"{""is_superhost"": false}"
9238481;ELYSEE LOFT;entire_home;Paris;Champs-Elysées;48.8705649993;2.30546986896;4;"[""https://a0.muscache.com/im/pictures/c8eeb84b-7acd-4f4a-ae80-1d0d02956290.jpg?aki_policy=large"", ""https://a0.muscache.com/im/pictures/078c6ad1-86a2-4463-8b60-7caffcabbd3b.jpg?aki_policy=large"", ""https://a0.muscache.com/im/pictures/b3b32238-3e3d-43f4-9022-4252aafab825.jpg?aki_policy=large"", ""https://a0.muscache.com/im/pictures/c7d121b1-5856-4235-a017-0073156ee4ef.jpg?aki_policy=large"", ""https://a0.muscache.com/im/pictures/78064fab-79cd-4ef7-9b9c-a292a2aae62c.jpg?aki_policy=large"", ""https://a0.muscache.com/im/pictures/aad1802b-65ec-4363-bbf0-a42f59050b9a.jpg?aki_policy=large"", ""https://a0.muscache.com/im/pictures/7c39ac62-40e6-4465-9cee-3269d1db3745.jpg?aki_policy=large"", ""https://a0.muscache.com/im/pictures/bdbda69c-331b-4fd3-a3df-71ea17bb23ff.jpg?aki_policy=large"", ""https://a0.muscache.com/im/pictures/5f32cf38-4b11-4477-873b-3cf54657bc87.jpg?aki_policy=large"", ""https://a0.muscache.com/im/pictures/51cff66b-e7f2-4d43-a8cb-871751016f9b.jpg?aki_policy=large""]";"{""beds"": 2, ""bedrooms"": 1, ""bathrooms"": 1.0, ""amenity_ids"": [1, 33, 129, 2, 34, 3, 35, 4, 5, 8, 40, 104, 10, 43, 44, 45, 77, 46, 47, 21, 28, 30, 287], ""is_rebookable"": false, ""is_new_listing"": false, ""is_fully_refundable"": true, ""is_host_highly_rated"": false, ""is_business_travel_ready"": false}";"{""weekly_factor"": 0.6, ""monthly_factor"": 0.39}";6416;"";"{""is_superhost"": false}"
9367678;Big house with garden, very central;entire_home;Paris;Saint-Lazare;48.8810206716;2.31964264403;13;"[""https://a0.muscache.com/im/pictures/628ebc4e-4cbc-4856-8199-ea1c4b701078.jpg?aki_policy=large"", ""https://a0.muscache.com/im/pictures/4cef8120-0c07-4b77-a9f5-edc1027b2920.jpg?aki_policy=large"", ""https://a0.muscache.com/im/pictures/a73cddac-ab15-4952-a742-c34736d0c29f.jpg?aki_policy=large"", ""https://a0.muscache.com/im/pictures/6a931faa-4215-441c-b1f2-70ff0af032ff.jpg?aki_policy=large"", ""https://a0.muscache.com/im/pictures/f42b759a-17d5-4e6e-b47a-31f01f7103f5.jpg?aki_policy=large"", ""https://a0.muscache.com/im/pictures/0f91786a-ecba-47b6-a3eb-9e5d2ce5a0e0.jpg?aki_policy=large"", ""https://a0.muscache.com/im/pictures/2054d2d5-8e5a-4f3f-96fb-c9c528cb71f6.jpg?aki_policy=large"", ""https://a0.muscache.com/im/pictures/9ac6d257-7579-4ed2-b0f2-6cc8949e748c.jpg?aki_policy=large"", ""https://a0.muscache.com/im/pictures/f4c299e4-8aca-40e8-89ec-5d893890c555.jpg?aki_policy=large"", ""https://a0.muscache.com/im/pictures/97b70401-81c0-4888-8714-bd55eeb8a447.jpg?aki_policy=large"", ""https://a0.muscache.com/im/pictures/24a59006-b39b-4da5-9ed5-f67d09735a3e.jpg?aki_policy=large"", ""https://a0.muscache.com/im/pictures/f7425fb7-514e-483b-91d5-e9656c4ec4c4.jpg?aki_policy=large"", ""https://a0.muscache.com/im/pictures/50d7e73d-225f-4083-894d-ba049f03b0b3.jpg?aki_policy=large"", ""https://a0.muscache.com/im/pictures/2fb56832-106e-457e-b1c2-63fd57e2293c.jpg?aki_policy=large"", ""https://a0.muscache.com/im/pictures/07490702-1229-4758-a624-44ed2da8fde6.jpg?aki_policy=large"", ""https://a0.muscache.com/im/pictures/ffdfa6b5-8e8c-4b09-81ef-2b2ea72f27b7.jpg?aki_policy=large"", ""https://a0.muscache.com/im/pictures/3d4e08e0-2931-4b51-a80e-86753be3fec0.jpg?aki_policy=large"", ""https://a0.muscache.com/im/pictures/bc6515ee-707f-4521-8a9c-51f0346296ea.jpg?aki_policy=large"", ""https://a0.muscache.com/im/pictures/cac276e3-e7b9-4839-a430-274409999c5f.jpg?aki_policy=large"", ""https://a0.muscache.com/im/pictures/ec68ea62-62f4-4056-8b76-cf580ca1e689.jpg?aki_policy=large"", ""https://a0.muscache.com/im/pictures/84a662a6-da31-4309-b3fa-17db669fa3f1.jpg?aki_policy=large"", ""https://a0.muscache.com/im/pictures/3f21a088-bef8-40b0-b5d5-e6499d8b8e8f.jpg?aki_policy=large"", ""https://a0.muscache.com/im/pictures/d3f5d2c4-6e05-473f-ac1c-f8591ba1ebd5.jpg?aki_policy=large"", ""https://a0.muscache.com/im/pictures/b960b949-65ca-451b-a7ca-0d74f1c7c67a.jpg?aki_policy=large"", ""https://a0.muscache.com/im/pictures/e0101284-5726-461d-9426-0592ad3b48d4.jpg?aki_policy=large"", ""https://a0.muscache.com/im/pictures/304d1d3c-8f16-406c-9d3d-a1f89b5f1589.jpg?aki_policy=large"", ""https://a0.muscache.com/im/pictures/c3e66219-d17d-4f5a-a5da-fd4742bc314f.jpg?aki_policy=large"", ""https://a0.muscache.com/im/pictures/4778af7a-cc25-44dc-85fa-07e6d8f04da6.jpg?aki_policy=large"", ""https://a0.muscache.com/im/pictures/7163f301-61c2-487a-83c8-22a6c3ac58e7.jpg?aki_policy=large"", ""https://a0.muscache.com/im/pictures/8907dc92-2c13-4705-8c0a-dc194c0f0604.jpg?aki_policy=large""]";"{""beds"": 8, ""bedrooms"": 6, ""bathrooms"": 2.0, ""amenity_ids"": [34, 3, 35, 4, 36, 37, 6, 8, 40, 41, 43, 12, 44, 45, 46, 47, 49, 50, 21, 28, 30], ""is_rebookable"": false, ""is_new_listing"": false, ""is_fully_refundable"": true, ""is_host_highly_rated"": false, ""is_business_travel_ready"": false}";"{""weekly_factor"": 0.8, ""monthly_factor"": 0.8}";1778;"";"{""is_superhost"": false}"
9934524;2 bedroom /copernic2;entire_home;Paris;Passy;48.8694270603;2.28601952294;6;"[""https://a0.muscache.com/im/pictures/afed1728-d909-4925-b993-5a6735426978.jpg?aki_policy=large"", ""https://a0.muscache.com/im/pictures/b54fa96f-d36e-4579-993f-5f941a6b68ab.jpg?aki_policy=large"", ""https://a0.muscache.com/im/pictures/4e1f37e2-8728-428f-bf9d-59ef43bb4b97.jpg?aki_policy=large"", ""https://a0.muscache.com/im/pictures/233854dd-2db1-4666-a566-412116c8be2a.jpg?aki_policy=large"", ""https://a0.muscache.com/im/pictures/cbfc150a-5e06-4075-a964-d6ba498a72d4.jpg?aki_policy=large"", ""https://a0.muscache.com/im/pictures/535c656b-7bbf-4483-b4cd-18c7b7dfb41b.jpg?aki_policy=large"", ""https://a0.muscache.com/im/pictures/14452d6b-4938-40dd-a189-25618daf9fc6.jpg?aki_policy=large""]";"{""beds"": 3, ""bedrooms"": 2, ""bathrooms"": 1.0, ""amenity_ids"": [1, 33, 2, 34, 3, 35, 131, 4, 71, 8, 40, 41, 10, 44, 45, 77, 46, 21, 30, 31], ""is_rebookable"": false, ""is_new_listing"": false, ""is_fully_refundable"": true, ""is_host_highly_rated"": false, ""is_business_travel_ready"": false}";"{""weekly_factor"": 0.9, ""monthly_factor"": 0.8}";2731;"";"{""is_superhost"": false}"
9500785;Show Room, 2Ch/2Sdb, 6 personnes;entire_home;Paris;Le Marais;48.8592989468;2.35409813386;6;"[""https://a0.muscache.com/im/pictures/b378fb4d-4238-4a55-b3b9-a26266970e78.jpg?aki_policy=large"", ""https://a0.muscache.com/im/pictures/d529e5fe-e83a-4849-9d08-c795b96728a8.jpg?aki_policy=large"", ""https://a0.muscache.com/im/pictures/fd527cc2-e4fd-45cc-8584-a8b262670d8c.jpg?aki_policy=large"", ""https://a0.muscache.com/im/pictures/df3e672f-e0db-45af-8043-22ef3703059b.jpg?aki_policy=large"", ""https://a0.muscache.com/im/pictures/0c4207aa-4154-480a-8445-1eeae88fddf5.jpg?aki_policy=large"", ""https://a0.muscache.com/im/pictures/a955d086-2b82-4f3a-bf7b-db87b88a28dd.jpg?aki_policy=large"", ""https://a0.muscache.com/im/pictures/a4a8a6a2-2d55-4fb1-a951-919e9ffc2bc4.jpg?aki_policy=large"", ""https://a0.muscache.com/im/pictures/714cea99-9ef0-4611-9075-296e81f59fbb.jpg?aki_policy=large"", ""https://a0.muscache.com/im/pictures/308af2e8-da22-4d62-998a-ecfe19d72062.jpg?aki_policy=large"", ""https://a0.muscache.com/im/pictures/4da32aaf-094a-4dda-add8-b7cf05c98e98.jpg?aki_policy=large"", ""https://a0.muscache.com/im/pictures/8cf9b92c-2a49-4af0-abfa-2e5d8d853f93.jpg?aki_policy=large"", ""https://a0.muscache.com/im/pictures/66259aad-8e10-41b0-81f5-f66c6663a716.jpg?aki_policy=large"", ""https://a0.muscache.com/im/pictures/d8a2bcf8-c949-4179-ae96-eed1d5e05dad.jpg?aki_policy=large"", ""https://a0.muscache.com/im/pictures/35c2549a-84cb-4537-9a98-90b9618aa890.jpg?aki_policy=large"", ""https://a0.muscache.com/im/pictures/698d6e74-3e8d-4f31-a16a-633dbb230c8b.jpg?aki_policy=large"", ""https://a0.muscache.com/im/pictures/70866d1c-89ea-45e9-ab8b-12e4dedc45a8.jpg?aki_policy=large""]";"{""beds"": 3, ""bedrooms"": 2, ""bathrooms"": 2.0, ""amenity_ids"": [1, 33, 2, 4, 8, 45, 30, 46, 31], ""is_rebookable"": false, ""is_new_listing"": false, ""is_fully_refundable"": true, ""is_host_highly_rated"": true, ""is_business_travel_ready"": false}";"{""weekly_factor"": 0.87, ""monthly_factor"": 1.0}";2388;"";"{""is_superhost"": false}"
9558677;a DIAMOND Saint Germain des Prés;entire_home;Paris;Saint Germain des Prés - Odéon;48.855140257;2.33720821573;2;"[""https://a0.muscache.com/im/pictures/23fc5aae-b3e6-4518-ad5a-e94c7c739f4f.jpg?aki_policy=large"", ""https://a0.muscache.com/im/pictures/a2e8fb85-a5c9-4fa8-9231-87ad876ec0f0.jpg?aki_policy=large"", ""https://a0.muscache.com/im/pictures/dd20111f-38ae-4ba1-a0bc-0cc148ec9b99.jpg?aki_policy=large"", ""https://a0.muscache.com/im/pictures/c5d61139-58b8-4061-9e48-c7f819465568.jpg?aki_policy=large"", ""https://a0.muscache.com/im/pictures/585b011b-5bc5-46e1-8b11-def61ca77aca.jpg?aki_policy=large"", ""https://a0.muscache.com/im/pictures/52b422da-933f-4a97-8eb8-46c313e392c9.jpg?aki_policy=large"", ""https://a0.muscache.com/im/pictures/7e638c1d-1a73-4666-87c4-0faac343ef4a.jpg?aki_policy=large"", ""https://a0.muscache.com/im/pictures/8dd504da-6ddc-4349-bb1a-56a1a4403104.jpg?aki_policy=large"", ""https://a0.muscache.com/im/pictures/d5c0eb83-174a-4a15-b532-d65784a5c734.jpg?aki_policy=large"", ""https://a0.muscache.com/im/pictures/292c26cc-c7dc-40dc-aae5-0e5eddc48071.jpg?aki_policy=large"", ""https://a0.muscache.com/im/pictures/5321c42b-bc84-4f61-827b-83f0335a5f41.jpg?aki_policy=large"", ""https://a0.muscache.com/im/pictures/b7de27f3-4b37-4e57-88c4-4b0a49366ace.jpg?aki_policy=large"", ""https://a0.muscache.com/im/pictures/1fec7fe5-3649-4e3b-9b2f-ce6947ff18fc.jpg?aki_policy=large"", ""https://a0.muscache.com/im/pictures/34f07ae3-0886-4755-9934-ca21669c829c.jpg?aki_policy=large"", ""https://a0.muscache.com/im/pictures/53a4f830-2463-4402-9932-2e08194cece6.jpg?aki_policy=large"", ""https://a0.muscache.com/im/pictures/d3d76c8f-4871-4e3f-9339-b42abfb5dd5d.jpg?aki_policy=large"", ""https://a0.muscache.com/im/pictures/679d0f62-f701-449c-8daa-8def93b28511.jpg?aki_policy=large"", ""https://a0.muscache.com/im/pictures/af363ba2-d04a-4fc6-bf93-0d88c48b09cd.jpg?aki_policy=large"", ""https://a0.muscache.com/im/pictures/5ab3b7c3-47da-47dd-9e87-569d3b4d6adb.jpg?aki_policy=large"", ""https://a0.muscache.com/im/pictures/f86eceaf-88a2-422f-a301-aba3bd0dbcde.jpg?aki_policy=large"", ""https://a0.muscache.com/im/pictures/10335d77-a99e-4089-b500-c1b8e8b82c33.jpg?aki_policy=large"", ""https://a0.muscache.com/im/pictures/854209e1-b768-42d6-aac6-02ad2166b0c9.jpg?aki_policy=large"", ""https://a0.muscache.com/im/pictures/887baee9-a74b-4f4d-86ff-1c75847fdd17.jpg?aki_policy=large"", ""https://a0.muscache.com/im/pictures/16fffa07-4d03-4ee4-95ef-18a6c0364c3e.jpg?aki_policy=large"", ""https://a0.muscache.com/im/pictures/aeaa0092-6a31-44fc-b15f-4d49b2a884e7.jpg?aki_policy=large"", ""https://a0.muscache.com/im/pictures/f9e179b0-b4b1-4a74-b362-ad65be58e202.jpg?aki_policy=large""]";"{""beds"": 1, ""bedrooms"": 1, ""bathrooms"": 1.5, ""amenity_ids"": [1, 33, 129, 2, 34, 3, 35, 4, 36, 39, 8, 40, 41, 10, 43, 44, 45, 77, 46, 47, 50, 30, 31], ""is_rebookable"": false, ""is_new_listing"": false, ""is_fully_refundable"": true, ""is_host_highly_rated"": true, ""is_business_travel_ready"": false}";"{""weekly_factor"": 1.0, ""monthly_factor"": 1.0}";240;"";"{""is_superhost"": false}"
9605195;Au cœur de paris;entire_home;Paris;République;48.8685708312;2.36711570096;4;"[""https://a0.muscache.com/im/pictures/a56feacf-fe9f-41da-b4e9-beba7c42ad66.jpg?aki_policy=large"", ""https://a0.muscache.com/im/pictures/9136b943-5238-47f2-9a9f-6653d7f31d87.jpg?aki_policy=large"", ""https://a0.muscache.com/im/pictures/1a2d37b2-bc04-446c-b18a-48f1de0a524a.jpg?aki_policy=large"", ""https://a0.muscache.com/im/pictures/ab507b2e-967c-42fb-a2c3-e42756f42b71.jpg?aki_policy=large"", ""https://a0.muscache.com/im/pictures/8c33e005-1628-439a-9fec-2456a29ff761.jpg?aki_policy=large"", ""https://a0.muscache.com/im/pictures/957d8e30-c7fb-4adf-91e2-cce6c91a89e6.jpg?aki_policy=large""]";"{""beds"": 2, ""bedrooms"": 1, ""bathrooms"": 1.0, ""amenity_ids"": [1, 33, 129, 2, 3, 35, 4, 38, 8, 40, 10, 11, 44, 45, 46, 47, 21, 28, 30, 31], ""is_rebookable"": false, ""is_new_listing"": false, ""is_fully_refundable"": true, ""is_host_highly_rated"": true, ""is_business_travel_ready"": false}";"{""weekly_factor"": 0.95, ""monthly_factor"": 1.0}";3321;"";"{""is_superhost"": false}"
9645696;Face à l'Art, 2Ch/2Sdb, 6 personnes;entire_home;Paris;Le Marais;48.8604641844;2.35583577072;6;"[""https://a0.muscache.com/im/pictures/43f198a5-f77d-4196-ac4f-435a7b2a8be5.jpg?aki_policy=large"", ""https://a0.muscache.com/im/pictures/8b9af479-fb33-4348-a3f8-6d6751e6729f.jpg?aki_policy=large"", ""https://a0.muscache.com/im/pictures/fb02b7b9-64eb-4990-a866-c8262b9a6802.jpg?aki_policy=large"", ""https://a0.muscache.com/im/pictures/8f97a696-08c3-4995-8f39-537e8991d8e6.jpg?aki_policy=large"", ""https://a0.muscache.com/im/pictures/f0e359aa-bd74-4175-83c8-d79cb95ae664.jpg?aki_policy=large"", ""https://a0.muscache.com/im/pictures/f342f7ab-4274-42ac-81b7-26b7b1f24b50.jpg?aki_policy=large"", ""https://a0.muscache.com/im/pictures/618c431e-720b-4bd8-8a0f-21762820f2ce.jpg?aki_policy=large"", ""https://a0.muscache.com/im/pictures/9a5691e3-1414-48a9-9128-a064e9901c50.jpg?aki_policy=large"", ""https://a0.muscache.com/im/pictures/1058ee11-f6e4-4fd9-ad91-816f11a9f968.jpg?aki_policy=large""]";"{""beds"": 3, ""bedrooms"": 2, ""bathrooms"": 2.0, ""amenity_ids"": [1, 33, 2, 34, 4, 8, 44, 45, 30, 46, 31, 47], ""is_rebookable"": false, ""is_new_listing"": false, ""is_fully_refundable"": true, ""is_host_highly_rated"": true, ""is_business_travel_ready"": false}";"{""weekly_factor"": 0.86, ""monthly_factor"": 0.44}";5235;"";"{""is_superhost"": false}"
9675109;Clair de Lune, 2Ch/1Sdb, 6 pers.;entire_home;Paris;Le Marais;48.8585799751;2.35891635532;6;"[""https://a0.muscache.com/im/pictures/9be27c32-1358-4d3a-bd61-912c24642510.jpg?aki_policy=large"", ""https://a0.muscache.com/im/pictures/267893b2-0c14-49fc-9b55-908e294650ad.jpg?aki_policy=large"", ""https://a0.muscache.com/im/pictures/458d4c00-fe61-4b6b-b3b4-3a831befb61e.jpg?aki_policy=large"", ""https://a0.muscache.com/im/pictures/715c7f60-4c6f-4c6d-bb57-23aa08a3c7d7.jpg?aki_policy=large"", ""https://a0.muscache.com/im/pictures/583a944f-867d-4100-970e-310b6a57aab5.jpg?aki_policy=large"", ""https://a0.muscache.com/im/pictures/75d43c4a-e3fd-48cd-a7a5-202546553763.jpg?aki_policy=large"", ""https://a0.muscache.com/im/pictures/73133ace-de64-4e91-8f38-ca30394fef3c.jpg?aki_policy=large"", ""https://a0.muscache.com/im/pictures/5c688cbc-793b-4f9b-86bb-4cc87809ab7d.jpg?aki_policy=large"", ""https://a0.muscache.com/im/pictures/b073f68d-24ff-40db-b3b6-c58a2fd3b343.jpg?aki_policy=large"", ""https://a0.muscache.com/im/pictures/783cd3f2-36df-4c9b-b0e1-80f10fab2fdc.jpg?aki_policy=large"", ""https://a0.muscache.com/im/pictures/444c9957-b63b-491b-84d6-4fc5477760a0.jpg?aki_policy=large"", ""https://a0.muscache.com/im/pictures/893790de-55ac-43df-83cc-b25bc9febda0.jpg?aki_policy=large"", ""https://a0.muscache.com/im/pictures/57388449-f6f5-48e8-9d1d-ed95cb9f33e0.jpg?aki_policy=large"", ""https://a0.muscache.com/im/pictures/cf5a5122-970d-44c8-8a43-bc16cc370537.jpg?aki_policy=large"", ""https://a0.muscache.com/im/pictures/753e8f4c-5f74-43ac-9cd3-1d152db06133.jpg?aki_policy=large"", ""https://a0.muscache.com/im/pictures/e47bae05-8841-4061-a927-57bb27c4bfe6.jpg?aki_policy=large"", ""https://a0.muscache.com/im/pictures/5f6e6629-17b8-46e0-ba5d-ddebfd64c8f3.jpg?aki_policy=large""]";"{""beds"": 3, ""bedrooms"": 2, ""bathrooms"": 1.5, ""amenity_ids"": [1, 33, 2, 4, 8, 44, 45, 30, 46, 31, 47], ""is_rebookable"": false, ""is_new_listing"": false, ""is_fully_refundable"": true, ""is_host_highly_rated"": true, ""is_business_travel_ready"": false}";"{""weekly_factor"": 0.87, ""monthly_factor"": 0.44}";2388;"";"{""is_superhost"": false}"
9723864;Cozy Studio near Champs Elysées - central location;entire_home;Paris;Champs-Elysées;48.8713072049;2.31129626587;2;"[""https://a0.muscache.com/im/pictures/44aea4d2-a6df-4eda-bf78-d3469108a0b9.jpg?aki_policy=large"", ""https://a0.muscache.com/im/pictures/ec1c3c2f-5782-4603-8178-825c3a07bcd8.jpg?aki_policy=large"", ""https://a0.muscache.com/im/pictures/94a4bf54-fff8-4de2-8579-075e5b10c0e4.jpg?aki_policy=large"", ""https://a0.muscache.com/im/pictures/22454bea-7f41-4575-8e1d-f94a89cd2b0f.jpg?aki_policy=large"", ""https://a0.muscache.com/im/pictures/11972974-baaf-4051-8a9b-189c451333f8.jpg?aki_policy=large"", ""https://a0.muscache.com/im/pictures/7df7d9e9-515a-4686-8ef6-a1535bdcdb0a.jpg?aki_policy=large"", ""https://a0.muscache.com/im/pictures/3a7a8101-a3b2-439a-9209-691ba217f11e.jpg?aki_policy=large"", ""https://a0.muscache.com/im/pictures/704e6ca1-b8fb-4545-8d22-254dbedd00f5.jpg?aki_policy=large"", ""https://a0.muscache.com/im/pictures/c4d9b46b-8a2a-4487-a317-fca70e5128ef.jpg?aki_policy=large"", ""https://a0.muscache.com/im/pictures/1cbabed8-7126-4660-9e2a-69fd47cbb1a3.jpg?aki_policy=large"", ""https://a0.muscache.com/im/pictures/18155da6-0360-4c89-ac5d-a5f3ae95aa39.jpg?aki_policy=large"", ""https://a0.muscache.com/im/pictures/323a852c-73f5-410e-a293-caae09646888.jpg?aki_policy=large"", ""https://a0.muscache.com/im/pictures/8122bb02-0a6d-42a9-9388-85dd26ccf883.jpg?aki_policy=large"", ""https://a0.muscache.com/im/pictures/965ea00a-4036-47eb-9dc7-da1e36b8a26e.jpg?aki_policy=large"", ""https://a0.muscache.com/im/pictures/110a7124-0501-4711-932f-0c83dbf72159.jpg?aki_policy=large""]";"{""beds"": 1, ""bedrooms"": 0, ""bathrooms"": 1.0, ""amenity_ids"": [96, 1, 33, 35, 4, 37, 39, 8, 40, 44, 45, 77, 46, 47, 57, 89, 90, 91, 93, 30, 94, 31], ""is_rebookable"": false, ""is_new_listing"": false, ""is_fully_refundable"": true, ""is_host_highly_rated"": false, ""is_business_travel_ready"": false}";"{""weekly_factor"": 1.0, ""monthly_factor"": 1.0}";2106;"";"{""is_superhost"": false}"
9933650;Le Marais - Centre Georges Pompidou;entire_home;Paris;Le Marais;48.8631968005;2.35494826664;3;"[""https://a0.muscache.com/im/pictures/e4a41dc3-2b50-4366-b0bc-6ccf404b0dde.jpg?aki_policy=large"", ""https://a0.muscache.com/im/pictures/f778246a-2007-40d1-b4d6-b27e9faac58b.jpg?aki_policy=large"", ""https://a0.muscache.com/im/pictures/d3f9e209-6998-4da8-b58a-0727ed9061f5.jpg?aki_policy=large"", ""https://a0.muscache.com/im/pictures/e6a72220-3324-4347-ba32-6ebda59eb533.jpg?aki_policy=large"", ""https://a0.muscache.com/im/pictures/3f1c3568-1d1c-4458-adb6-1fc1c7579300.jpg?aki_policy=large"", ""https://a0.muscache.com/im/pictures/ca5565f6-3e27-46dc-8ef4-0c535b77f7be.jpg?aki_policy=large"", ""https://a0.muscache.com/im/pictures/cc7ed3fa-fcf2-4c0a-8f13-411c66b817a9.jpg?aki_policy=large"", ""https://a0.muscache.com/im/pictures/6b40213d-0d66-4b75-8a68-1c466e9a40f2.jpg?aki_policy=large"", ""https://a0.muscache.com/im/pictures/ec3d4edb-ade1-4c2f-81aa-21714121f3b8.jpg?aki_policy=large"", ""https://a0.muscache.com/im/pictures/66dc5038-de7b-44ec-ab86-86b2c90256b5.jpg?aki_policy=large"", ""https://a0.muscache.com/im/pictures/836292de-46d1-4028-ad09-f5bc5102ec5f.jpg?aki_policy=large"", ""https://a0.muscache.com/im/pictures/3f0f0a3c-a6a1-41b9-881a-2ed3598933ec.jpg?aki_policy=large"", ""https://a0.muscache.com/im/pictures/ad9d0790-0128-418c-88d7-db34133a12aa.jpg?aki_policy=large"", ""https://a0.muscache.com/im/pictures/f3e6133b-324a-4649-a22a-17f6f5cc2b86.jpg?aki_policy=large""]";"{""beds"": 2, ""bedrooms"": 1, ""bathrooms"": 1.0, ""amenity_ids"": [1, 33, 129, 2, 3, 35, 4, 36, 38, 103, 8, 40, 41, 10, 43, 44, 45, 77, 46, 47, 21, 28, 30, 31], ""is_rebookable"": false, ""is_new_listing"": false, ""is_fully_refundable"": true, ""is_host_highly_rated"": true, ""is_business_travel_ready"": false}";"{""weekly_factor"": 1.0, ""monthly_factor"": 1.0}";263;"";"{""is_superhost"": true}"
9867585;Chic Parisian Saint Germain 85 Sq.;entire_home;Paris;Saint Germain des Prés - Odéon;48.8519761308;2.34030190475;2;"[""https://a0.muscache.com/im/pictures/f13f67fb-907d-4f8a-82f4-fce7e09c0cbe.jpg?aki_policy=large"", ""https://a0.muscache.com/im/pictures/9cdb7dbd-65bf-40b3-9d39-93dd5ee5f311.jpg?aki_policy=large"", ""https://a0.muscache.com/im/pictures/492c9d21-33bd-4bdc-9ae7-5b8d33abf461.jpg?aki_policy=large"", ""https://a0.muscache.com/im/pictures/1b6b8fab-6a16-4d85-ad81-c6beac6485e4.jpg?aki_policy=large"", ""https://a0.muscache.com/im/pictures/22eb7969-1151-4b7b-aa1d-275d88fe367e.jpg?aki_policy=large"", ""https://a0.muscache.com/im/pictures/2a20d131-d943-49e9-94bf-1cb3726ee00d.jpg?aki_policy=large"", ""https://a0.muscache.com/im/pictures/00984c73-3ed6-4c48-83e6-51de98b8a2a6.jpg?aki_policy=large"", ""https://a0.muscache.com/im/pictures/26fe4577-a815-4af1-b914-c83002da44c6.jpg?aki_policy=large"", ""https://a0.muscache.com/im/pictures/3e6625da-4dd2-4fde-931b-731e28f4b384.jpg?aki_policy=large"", ""https://a0.muscache.com/im/pictures/cb7eaf09-5454-4d73-a2c4-5ed0e8a47f67.jpg?aki_policy=large"", ""https://a0.muscache.com/im/pictures/b1a78238-13fe-4f9f-9140-319605e43865.jpg?aki_policy=large"", ""https://a0.muscache.com/im/pictures/d52d3720-ce73-46d5-beda-eae426d837a3.jpg?aki_policy=large"", ""https://a0.muscache.com/im/pictures/a961fd3b-bed6-46e0-8ff0-84e12d2db0f1.jpg?aki_policy=large"", ""https://a0.muscache.com/im/pictures/8a6f8dd0-1bae-4aae-a4d4-db2b780c2789.jpg?aki_policy=large"", ""https://a0.muscache.com/im/pictures/09d4817b-7a42-45fc-b92e-c8f03236212f.jpg?aki_policy=large"", ""https://a0.muscache.com/im/pictures/2a6891c7-6f88-4796-93cc-5ac24eb608af.jpg?aki_policy=large"", ""https://a0.muscache.com/im/pictures/08c5d5a8-46fd-4c57-b29f-c9a80ce77f96.jpg?aki_policy=large"", ""https://a0.muscache.com/im/pictures/d8c1d30d-69ef-4af4-8ce8-16baf2f35c5f.jpg?aki_policy=large"", ""https://a0.muscache.com/im/pictures/48dd2046-1ef7-446d-b948-6adb9c8412e8.jpg?aki_policy=large"", ""https://a0.muscache.com/im/pictures/c0e4620f-6a86-4c2c-ba1d-a96b6bf18f82.jpg?aki_policy=large"", ""https://a0.muscache.com/im/pictures/31d772b8-c526-4efe-83b2-bb6e48ae397f.jpg?aki_policy=large"", ""https://a0.muscache.com/im/pictures/634d1b14-ccdf-45c8-a29a-0e734e95e780.jpg?aki_policy=large"", ""https://a0.muscache.com/im/pictures/3b1ddf4d-edf3-44e9-a7df-818f1f52a9d4.jpg?aki_policy=large"", ""https://a0.muscache.com/im/pictures/9841a164-7853-499f-a070-8add973c6c05.jpg?aki_policy=large"", ""https://a0.muscache.com/im/pictures/22745f55-1270-4062-b424-a9d02c86415e.jpg?aki_policy=large"", ""https://a0.muscache.com/im/pictures/d4cce176-028e-48dd-80a3-28545883a50e.jpg?aki_policy=large"", ""https://a0.muscache.com/im/pictures/12702070-9bb7-41eb-9aa2-b93d4e58e094.jpg?aki_policy=large"", ""https://a0.muscache.com/im/pictures/ce5e5905-5682-49ea-9373-00160bb96f13.jpg?aki_policy=large""]";"{""beds"": 1, ""bedrooms"": 1, ""bathrooms"": 1.5, ""amenity_ids"": [1, 129, 2, 3, 4, 6, 8, 10, 77, 21, 23, 27, 28, 30, 33, 34, 35, 36, 39, 103, 40, 41, 44, 45, 46, 47], ""is_rebookable"": false, ""is_new_listing"": false, ""is_fully_refundable"": true, ""is_host_highly_rated"": true, ""is_business_travel_ready"": false}";"{""weekly_factor"": 0.9, ""monthly_factor"": 1.0}";7449;"";"{""is_superhost"": false}"
9879160;Très bel appart lumineux familial 2 ch 100m2;entire_home;Paris;11e arrondissement;48.8648878884;2.37924319043;3;"[""https://a0.muscache.com/im/pictures/d9116f22-532a-43bf-bdfc-f71ceee9ea21.jpg?aki_policy=large"", ""https://a0.muscache.com/im/pictures/9144958a-02f8-46d4-ab3f-e267bdcb40fc.jpg?aki_policy=large"", ""https://a0.muscache.com/im/pictures/b39e57da-a633-4b43-8dcc-6dfc9d5ceddb.jpg?aki_policy=large"", ""https://a0.muscache.com/im/pictures/377de664-9df2-46f7-8992-0aa4f3d954ea.jpg?aki_policy=large"", ""https://a0.muscache.com/im/pictures/e0bd3b35-56d1-4f16-9109-a9800448fd59.jpg?aki_policy=large"", ""https://a0.muscache.com/im/pictures/832ffa28-74c6-46d2-9df5-83cc7ef7f8ed.jpg?aki_policy=large"", ""https://a0.muscache.com/im/pictures/50bcd07c-dcd0-4f38-962f-32b669091720.jpg?aki_policy=large"", ""https://a0.muscache.com/im/pictures/7605732b-5b14-4acf-ace4-0c3fe1d0e527.jpg?aki_policy=large"", ""https://a0.muscache.com/im/pictures/67a18cd1-829b-4463-81a2-514909c4f68a.jpg?aki_policy=large"", ""https://a0.muscache.com/im/pictures/567bff12-3909-4a12-85fe-36de0b1a5f13.jpg?aki_policy=large"", ""https://a0.muscache.com/im/pictures/efbb1183-505f-4a30-98a4-aa9b56699948.jpg?aki_policy=large"", ""https://a0.muscache.com/im/pictures/4a7da3c1-00ae-4f39-a352-f85308792756.jpg?aki_policy=large"", ""https://a0.muscache.com/im/pictures/b6247cba-bc5d-4fa8-b1bb-fb47332acb76.jpg?aki_policy=large"", ""https://a0.muscache.com/im/pictures/d3b22dd5-07fc-44de-8df9-b370e1e384a5.jpg?aki_policy=large"", ""https://a0.muscache.com/im/pictures/dc82e34a-468d-4d87-9085-d122967c0f53.jpg?aki_policy=large"", ""https://a0.muscache.com/im/pictures/beb45bd0-a6e9-4ae3-8dc1-68d605b49c49.jpg?aki_policy=large""]";"{""beds"": 2, ""bedrooms"": 2, ""bathrooms"": 1.0, ""amenity_ids"": [64, 1, 129, 2, 66, 3, 4, 70, 71, 8, 72, 10, 74, 77, 85, 86, 88, 89, 90, 91, 92, 93, 30, 94, 31, 95, 96, 33, 34, 35, 36, 100, 37, 39, 103, 40, 41, 107, 44, 45, 46, 59, 61, 63], ""is_rebookable"": false, ""is_new_listing"": false, ""is_fully_refundable"": true, ""is_host_highly_rated"": false, ""is_business_travel_ready"": false}";"{""weekly_factor"": 1.0, ""monthly_factor"": 1.0}";4543;"";"{""is_superhost"": false}"
9936603;NEW ! 55 m2  BRIGHT & CONFORT  LONG TERM RENT ALSO;entire_home;Paris;2e arrondissement;48.8682618897;2.35324003443;2;"[""https://a0.muscache.com/im/pictures/82d23d27-1530-4be5-9ccb-da34b5eaac23.jpg?aki_policy=large"", ""https://a0.muscache.com/im/pictures/da44af14-8050-458f-bcb9-7301a17c3c4b.jpg?aki_policy=large"", ""https://a0.muscache.com/im/pictures/b2bf5bff-acd7-4be4-81ee-cbb56b82a3d0.jpg?aki_policy=large"", ""https://a0.muscache.com/im/pictures/ea588ed3-5d90-4496-b2e0-afa30b661df4.jpg?aki_policy=large"", ""https://a0.muscache.com/im/pictures/1e11e8df-b0c4-49c7-a709-9540c9675fc6.jpg?aki_policy=large"", ""https://a0.muscache.com/im/pictures/182ef94b-badc-434a-8c51-770870a8f062.jpg?aki_policy=large"", ""https://a0.muscache.com/im/pictures/19a74dae-ac78-4628-a79c-967aa0ecbea0.jpg?aki_policy=large"", ""https://a0.muscache.com/im/pictures/8e8e0d9b-886f-4523-a4a9-bd5e7316edc6.jpg?aki_policy=large"", ""https://a0.muscache.com/im/pictures/0784e3cf-d496-4200-b908-da3514987048.jpg?aki_policy=large"", ""https://a0.muscache.com/im/pictures/0c5b8aca-db00-4418-810b-300cc569ed10.jpg?aki_policy=large"", ""https://a0.muscache.com/im/pictures/7aec68ed-a044-4c5d-acd5-54aa0422d195.jpg?aki_policy=large"", ""https://a0.muscache.com/im/pictures/179ff11a-b800-4443-b3d2-df642e3fccd8.jpg?aki_policy=large"", ""https://a0.muscache.com/im/pictures/95056868-f74f-4d13-a764-fb49540ab163.jpg?aki_policy=large"", ""https://a0.muscache.com/im/pictures/1cf81123-6140-4615-93e0-a5324857e17d.jpg?aki_policy=large"", ""https://a0.muscache.com/im/pictures/ec837e26-0288-41ba-86be-569b5148f16d.jpg?aki_policy=large"", ""https://a0.muscache.com/im/pictures/94a3265e-f06b-4f8d-a461-136d6f1869f0.jpg?aki_policy=large"", ""https://a0.muscache.com/im/pictures/bd0897b3-1f1c-40ed-b3ab-29b5cf19726f.jpg?aki_policy=large"", ""https://a0.muscache.com/im/pictures/799002d8-e4c5-4167-ad1d-766a493ea56b.jpg?aki_policy=large"", ""https://a0.muscache.com/im/pictures/e44014bc-f8e2-4662-b1de-8465ef8370e8.jpg?aki_policy=large"", ""https://a0.muscache.com/im/pictures/38700291-a48a-4ad0-b435-1193a08c68fb.jpg?aki_policy=large"", ""https://a0.muscache.com/im/pictures/a355b799-6697-4a5b-a1a1-12de5d1539ef.jpg?aki_policy=large"", ""https://a0.muscache.com/im/pictures/dedd2b7a-ac45-4777-b179-61adab9a9505.jpg?aki_policy=large"", ""https://a0.muscache.com/im/pictures/6541ad98-4bfb-4543-b41e-8df727cf7cf2.jpg?aki_policy=large"", ""https://a0.muscache.com/im/pictures/d67d3838-a627-4b29-9b29-6f8c949a5276.jpg?aki_policy=large"", ""https://a0.muscache.com/im/pictures/692b1fe1-2ce1-4efc-8954-d26268bba0de.jpg?aki_policy=large"", ""https://a0.muscache.com/im/pictures/dfa4f713-deeb-4db2-9e04-74636d746871.jpg?aki_policy=large"", ""https://a0.muscache.com/im/pictures/3f59babb-82f7-40e0-a6b2-7a23df50a277.jpg?aki_policy=large""]";"{""beds"": 1, ""bedrooms"": 1, ""bathrooms"": 1.0, ""amenity_ids"": [1, 129, 4, 8, 77, 85, 86, 89, 90, 91, 92, 93, 30, 94, 95, 96, 33, 34, 35, 36, 37, 38, 39, 103, 40, 104, 41, 43, 44, 45, 46, 47, 50], ""is_rebookable"": false, ""is_new_listing"": false, ""is_fully_refundable"": true, ""is_host_highly_rated"": true, ""is_business_travel_ready"": false}";"{""weekly_factor"": 0.82, ""monthly_factor"": 0.55}";582;"";"{""is_superhost"": false}"
10010861;2 chambres près du Louvre;entire_home;Paris;Châtelet - Les Halles - Beaubourg;48.863491;2.342114;4;"[""https://a0.muscache.com/im/pictures/9cb3eb7c-7f99-4daf-b3d6-35cf3cca5e28.jpg?aki_policy=large"", ""https://a0.muscache.com/im/pictures/0fad3056-4c3d-4a06-be0c-a3923a8b0aa7.jpg?aki_policy=large"", ""https://a0.muscache.com/im/pictures/97553a75-90ac-4b9b-b65f-19cfcddb0a0c.jpg?aki_policy=large"", ""https://a0.muscache.com/im/pictures/7265827d-d52a-486c-b295-209360e721dc.jpg?aki_policy=large"", ""https://a0.muscache.com/im/pictures/884c133b-4e79-40d9-8048-3ec031649f88.jpg?aki_policy=large"", ""https://a0.muscache.com/im/pictures/8b7932d2-3ef0-4763-967c-5ff1ee9ae8fd.jpg?aki_policy=large"", ""https://a0.muscache.com/im/pictures/a66e7ac3-ff9c-4d6f-94ea-7097f89a2ced.jpg?aki_policy=large"", ""https://a0.muscache.com/im/pictures/441189a2-f362-40b7-9239-a71e7cebd460.jpg?aki_policy=large"", ""https://a0.muscache.com/im/pictures/fb6395e6-c8c9-4bd0-a5fd-0341092d7be0.jpg?aki_policy=large"", ""https://a0.muscache.com/im/pictures/fb9e3b97-632c-4034-92bc-64556e3812a5.jpg?aki_policy=large"", ""https://a0.muscache.com/im/pictures/44a01fa5-cfc1-43aa-9b23-914eb06aae4e.jpg?aki_policy=large"", ""https://a0.muscache.com/im/pictures/b25db6b1-7282-4842-8a50-9ca6cb44a8a0.jpg?aki_policy=large"", ""https://a0.muscache.com/im/pictures/debaa9b0-fb07-48c3-8938-06fb3f10535e.jpg?aki_policy=large"", ""https://a0.muscache.com/im/pictures/6a73dc3c-34c6-422f-883a-8ffd145674cc.jpg?aki_policy=large"", ""https://a0.muscache.com/im/pictures/6064f401-fb51-4f7a-b268-06b4e752658b.jpg?aki_policy=large"", ""https://a0.muscache.com/im/pictures/fcd6d183-e850-4154-83b7-48947159cecd.jpg?aki_policy=large"", ""https://a0.muscache.com/im/pictures/e2d7034c-f8df-487c-b5cd-500a395a33aa.jpg?aki_policy=large"", ""https://a0.muscache.com/im/pictures/12f87410-9dc4-4d41-a5a9-158412b7dcfe.jpg?aki_policy=large"", ""https://a0.muscache.com/im/pictures/56167ac5-8997-4fe2-bde8-8689cbe672b9.jpg?aki_policy=large"", ""https://a0.muscache.com/im/pictures/68fb5ca8-43a8-4e2f-8337-9a904610aeae.jpg?aki_policy=large"", ""https://a0.muscache.com/im/pictures/53466b4a-4ae8-4a6a-9f1a-05d441694ac1.jpg?aki_policy=large"", ""https://a0.muscache.com/im/pictures/6edee1ff-8f83-4342-aa89-27d032931537.jpg?aki_policy=large"", ""https://a0.muscache.com/im/pictures/530129a9-87b9-4551-82b5-84043fc5f2d0.jpg?aki_policy=large"", ""https://a0.muscache.com/im/pictures/be075c71-e4c2-4849-ab64-b591464cb46f.jpg?aki_policy=large""]";"{""beds"": 4, ""bedrooms"": 2, ""bathrooms"": 1.0, ""amenity_ids"": [1, 33, 129, 2, 3, 35, 4, 8, 40, 41, 10, 44, 45, 77, 46, 21, 30, 31], ""is_rebookable"": false, ""is_new_listing"": false, ""is_fully_refundable"": true, ""is_host_highly_rated"": true, ""is_business_travel_ready"": false}";"{""weekly_factor"": 1.0, ""monthly_factor"": 1.0}";6686;"";"{""is_superhost"": false}"
10110180;Nectar, 3Ch/3Sdb, 7 personnes;entire_home;Paris;3e arrondissement;48.8643304425;2.36250428892;7;"[""https://a0.muscache.com/im/pictures/88ec2531-714e-452a-93b5-9b9c39041820.jpg?aki_policy=large"", ""https://a0.muscache.com/im/pictures/9f3cc7fd-d5e4-4201-89d9-6dfa071becfc.jpg?aki_policy=large"", ""https://a0.muscache.com/im/pictures/e6e971ce-55d5-4749-a17e-021b0f0a172c.jpg?aki_policy=large"", ""https://a0.muscache.com/im/pictures/7ff72150-4ff7-479c-a85c-a3233230b203.jpg?aki_policy=large"", ""https://a0.muscache.com/im/pictures/5d00df51-15cd-4037-a414-2fd3404a88a9.jpg?aki_policy=large"", ""https://a0.muscache.com/im/pictures/c2605623-b468-4595-aae3-92b470d41f6f.jpg?aki_policy=large"", ""https://a0.muscache.com/im/pictures/d0f0cc37-c233-4fec-bd87-8919934b5b10.jpg?aki_policy=large"", ""https://a0.muscache.com/im/pictures/26175394-1043-454a-bd66-79dadfa72f24.jpg?aki_policy=large"", ""https://a0.muscache.com/im/pictures/db78fb3e-9146-4534-9774-ef280682d7d6.jpg?aki_policy=large"", ""https://a0.muscache.com/im/pictures/85c0546d-8543-4c53-a7fe-fffbc8374e31.jpg?aki_policy=large"", ""https://a0.muscache.com/im/pictures/df63e1f8-8fa2-49c7-baa8-3db197a497f0.jpg?aki_policy=large"", ""https://a0.muscache.com/im/pictures/d722a3d1-0752-4a73-aed6-f2ba64f41b51.jpg?aki_policy=large"", ""https://a0.muscache.com/im/pictures/9e2dd7fa-4fc2-4529-a2ba-a3cc764aa71e.jpg?aki_policy=large"", ""https://a0.muscache.com/im/pictures/996ef502-d8b1-48cc-b708-efe63c61c10b.jpg?aki_policy=large"", ""https://a0.muscache.com/im/pictures/70896abd-a31b-49f8-bbbd-c92ff64e2cb6.jpg?aki_policy=large"", ""https://a0.muscache.com/im/pictures/b1b349ff-393c-4b2b-ae3e-6e6585ca868d.jpg?aki_policy=large""]";"{""beds"": 4, ""bedrooms"": 3, ""bathrooms"": 3.0, ""amenity_ids"": [1, 33, 2, 34, 4, 8, 44, 45, 30, 46, 31, 47], ""is_rebookable"": false, ""is_new_listing"": false, ""is_fully_refundable"": true, ""is_host_highly_rated"": true, ""is_business_travel_ready"": false}";"{""weekly_factor"": 0.86, ""monthly_factor"": 1.0}";6334;"";"{""is_superhost"": false}"
10160529;Studio Rénové 25m2 , cours privée;entire_home;Paris;11e arrondissement;48.8506160354;2.38809067259;2;"[""https://a0.muscache.com/im/pictures/180e6b6a-f844-4577-838c-b5e2472756f8.jpg?aki_policy=large"", ""https://a0.muscache.com/im/pictures/840afb89-6cc3-45f1-856b-3567626d9f07.jpg?aki_policy=large"", ""https://a0.muscache.com/im/pictures/31781cca-0503-466e-9e0f-e63fa5b45b12.jpg?aki_policy=large"", ""https://a0.muscache.com/im/pictures/b541bb98-5f30-44de-9fbc-5a497782d5b2.jpg?aki_policy=large"", ""https://a0.muscache.com/im/pictures/3aea908a-0df8-4bfd-b819-666b9004ae57.jpg?aki_policy=large"", ""https://a0.muscache.com/im/pictures/63e80fbd-ee53-4bda-9e40-b9658723a811.jpg?aki_policy=large"", ""https://a0.muscache.com/im/pictures/7bd96b93-dd2b-426f-a24a-b33d6a1aef8a.jpg?aki_policy=large"", ""https://a0.muscache.com/im/pictures/9578c8c5-e2c5-4cef-b326-56acbfd74ee4.jpg?aki_policy=large"", ""https://a0.muscache.com/im/pictures/22424616-fe04-42b9-a56b-a592324097b4.jpg?aki_policy=large"", ""https://a0.muscache.com/im/pictures/a0e7e5f7-7cd3-4e87-be58-cef1678ef5a4.jpg?aki_policy=large"", ""https://a0.muscache.com/im/pictures/cf45ca6a-c1d5-47cb-af9e-8bbf2f54c705.jpg?aki_policy=large"", ""https://a0.muscache.com/im/pictures/f46e4a31-1add-4713-a5f9-a66170d227ce.jpg?aki_policy=large"", ""https://a0.muscache.com/im/pictures/33fddcf7-fc77-4726-b865-63489d68446f.jpg?aki_policy=large"", ""https://a0.muscache.com/im/pictures/5975eaac-a04a-4ee0-843f-aee570d8b7e5.jpg?aki_policy=large"", ""https://a0.muscache.com/im/pictures/d1e723b2-28ce-4ec2-80de-5e9d6eeb146b.jpg?aki_policy=large"", ""https://a0.muscache.com/im/pictures/6ce0d90a-e861-4d9e-bf7a-bb50a0c123a5.jpg?aki_policy=large"", ""https://a0.muscache.com/im/pictures/ec5df7e4-ea90-43ac-bd94-c33df57e53ee.jpg?aki_policy=large"", ""https://a0.muscache.com/im/pictures/7b82d80a-d0b2-4120-a0ee-566c81297e45.jpg?aki_policy=large"", ""https://a0.muscache.com/im/pictures/bcb54125-0ff2-434b-82d9-a7609f69a215.jpg?aki_policy=large"", ""https://a0.muscache.com/im/pictures/9b5511c3-00cb-43a5-802a-8e4e7dd4b457.jpg?aki_policy=large"", ""https://a0.muscache.com/im/pictures/a265b7d0-f414-4fc2-a541-6ded3af8f03a.jpg?aki_policy=large""]";"{""beds"": 1, ""bedrooms"": 0, ""bathrooms"": 1.5, ""amenity_ids"": [1, 2, 3, 35, 4, 37, 6, 8, 40, 41, 43, 44, 45, 46, 47, 49, 50, 21, 30], ""is_rebookable"": false, ""is_new_listing"": false, ""is_fully_refundable"": true, ""is_host_highly_rated"": false, ""is_business_travel_ready"": false}";"{""weekly_factor"": 0.97, ""monthly_factor"": 0.95}";2328;"";"{""is_superhost"": false}"
10201441;Comfortable Studio at Montorgueuil;entire_home;Paris;2e arrondissement;48.8682548617;2.34840103619;2;"[""https://a0.muscache.com/im/pictures/9a125220-dfad-4d2d-b799-4eb9361cf527.jpg?aki_policy=large"", ""https://a0.muscache.com/im/pictures/2b0954d9-e423-43dc-b74f-428bae6e45db.jpg?aki_policy=large"", ""https://a0.muscache.com/im/pictures/f4b23832-013c-4f83-b8af-29bdb3ceab89.jpg?aki_policy=large"", ""https://a0.muscache.com/im/pictures/6607d066-57d9-4661-82a9-be5aeb326d7e.jpg?aki_policy=large"", ""https://a0.muscache.com/im/pictures/ee2d9757-eeb5-414c-912c-8382c7545c60.jpg?aki_policy=large"", ""https://a0.muscache.com/im/pictures/65dd8b35-e33b-485d-97c9-03f22a18f630.jpg?aki_policy=large"", ""https://a0.muscache.com/im/pictures/5c1b7797-1c71-4713-ab58-d6113ca1704e.jpg?aki_policy=large"", ""https://a0.muscache.com/im/pictures/90587736-409e-4b76-9b2b-cdf952368011.jpg?aki_policy=large"", ""https://a0.muscache.com/im/pictures/3be36151-6c59-4df9-95ad-625a6212f3a8.jpg?aki_policy=large"", ""https://a0.muscache.com/im/pictures/17f3b990-7b1e-4c51-bdd6-d7e3be7d7594.jpg?aki_policy=large"", ""https://a0.muscache.com/im/pictures/551325a4-89c3-48cb-9858-f92a0b949860.jpg?aki_policy=large"", ""https://a0.muscache.com/im/pictures/758a48d2-a7b3-4eae-92e8-c7e680010576.jpg?aki_policy=large""]";"{""beds"": 2, ""bedrooms"": 0, ""bathrooms"": 1.0, ""amenity_ids"": [1, 35, 4, 8, 40, 41, 11, 43, 44, 45, 47, 21, 30, 31], ""is_rebookable"": false, ""is_new_listing"": false, ""is_fully_refundable"": true, ""is_host_highly_rated"": false, ""is_business_travel_ready"": false}";"{""weekly_factor"": 0.86, ""monthly_factor"": 0.77}";6933;"";"{""is_superhost"": false}"
10099626;Chambre;private_room;Paris;Pigalle - Saint-Georges;48.8785674935;2.33916293152;1;"[""https://a0.muscache.com/im/pictures/4e0c4a21-ab87-4c98-9327-8bfedba1142e.jpg?aki_policy=large""]";"{""beds"": 1, ""bedrooms"": 1, ""bathrooms"": 1.0, ""amenity_ids"": [], ""is_rebookable"": false, ""is_new_listing"": false, ""is_fully_refundable"": true, ""is_host_highly_rated"": true, ""is_business_travel_ready"": false}";"{""weekly_factor"": 1.0, ""monthly_factor"": 1.0}";3698;"";"{""is_superhost"": false}"
10246204;Marais Delight;entire_home;Paris;3e arrondissement;48.8669336436;2.35817544048;2;"[""https://a0.muscache.com/im/pictures/f4d2f8a3-2dde-41e9-8794-b07a20d2862a.jpg?aki_policy=large"", ""https://a0.muscache.com/im/pictures/e8d004a7-9f84-4225-bd4c-d4188f9d902d.jpg?aki_policy=large"", ""https://a0.muscache.com/im/pictures/212170c7-93b9-409a-ad3c-5b2f2f8a05c0.jpg?aki_policy=large"", ""https://a0.muscache.com/im/pictures/cd54e10b-ba5b-46c8-9b22-181cfc96698f.jpg?aki_policy=large"", ""https://a0.muscache.com/im/pictures/ef599ccd-2174-4233-981b-4f4de2c621ac.jpg?aki_policy=large"", ""https://a0.muscache.com/im/pictures/91d3f5cf-bc75-444d-ba82-7e054a4b7fac.jpg?aki_policy=large"", ""https://a0.muscache.com/im/pictures/38325d41-d18c-4f78-8af2-41f1240b893e.jpg?aki_policy=large"", ""https://a0.muscache.com/im/pictures/5a77ab39-d33b-41c6-ae7e-0960b25447fb.jpg?aki_policy=large"", ""https://a0.muscache.com/im/pictures/8e9684f8-ac16-47ab-a571-778f5095a71c.jpg?aki_policy=large"", ""https://a0.muscache.com/im/pictures/fdc7623d-4c10-4678-8a39-75ee4a6bf3c7.jpg?aki_policy=large"", ""https://a0.muscache.com/im/pictures/0a8c6cf0-1ec7-4149-8dfd-2f71baa232d8.jpg?aki_policy=large"", ""https://a0.muscache.com/im/pictures/de820cd6-4352-485b-a841-2c5d7a7c1e99.jpg?aki_policy=large"", ""https://a0.muscache.com/im/pictures/731e13f7-ef89-4da3-bd1a-590d93d0dd0b.jpg?aki_policy=large"", ""https://a0.muscache.com/im/pictures/fa155c23-ae6b-4c02-81e4-c15275dcb95d.jpg?aki_policy=large"", ""https://a0.muscache.com/im/pictures/ceeda418-f0db-4394-8dbc-803e0b3dea47.jpg?aki_policy=large"", ""https://a0.muscache.com/im/pictures/5c2e47ae-edb4-4196-b32e-aa846ff65e21.jpg?aki_policy=large"", ""https://a0.muscache.com/im/pictures/ef113a9a-be24-4482-a59d-a8da51ee0600.jpg?aki_policy=large"", ""https://a0.muscache.com/im/pictures/dbeb1854-c0d0-4c75-87de-904134bfed93.jpg?aki_policy=large"", ""https://a0.muscache.com/im/pictures/d7ef4eb3-cb6a-4f3c-a2c5-7d1324f7a985.jpg?aki_policy=large"", ""https://a0.muscache.com/im/pictures/adfad3b2-1da0-4a08-a783-198c81a72bdf.jpg?aki_policy=large"", ""https://a0.muscache.com/im/pictures/293132b6-6a34-45b5-b054-00b725db2f2e.jpg?aki_policy=large"", ""https://a0.muscache.com/im/pictures/e082a1e3-8576-4bb3-acaa-d82cc4d9fee9.jpg?aki_policy=large""]";"{""beds"": 1, ""bedrooms"": 1, ""bathrooms"": 1.0, ""amenity_ids"": [1, 33, 129, 34, 3, 4, 8, 40, 10, 44, 45, 77, 46, 47, 21, 25, 30, 31], ""is_rebookable"": false, ""is_new_listing"": false, ""is_fully_refundable"": true, ""is_host_highly_rated"": true, ""is_business_travel_ready"": false}";"{""weekly_factor"": 0.97, ""monthly_factor"": 0.67}";4006;"";"{""is_superhost"": false}"
10348364;CENTER OF PARIS - Marais 3BD- 7 persons;entire_home;Paris;Saint-Paul - Ile Saint-Louis;48.8524002222;2.36333454191;7;"[""https://a0.muscache.com/im/pictures/12b2d24c-ef05-4aef-8997-1fb8953e60d6.jpg?aki_policy=large"", ""https://a0.muscache.com/im/pictures/5910b3a0-5dc8-4e66-acfc-ae682fa389d2.jpg?aki_policy=large"", ""https://a0.muscache.com/im/pictures/eeb46ff9-590f-41de-8c24-af31784af4c2.jpg?aki_policy=large"", ""https://a0.muscache.com/im/pictures/1306fbec-6d45-469c-b065-fee5510c8377.jpg?aki_policy=large"", ""https://a0.muscache.com/im/pictures/92375b2d-4748-45e4-b071-152d9424b78f.jpg?aki_policy=large"", ""https://a0.muscache.com/im/pictures/7f81f041-2485-4eb6-ab3e-433ca92f96dd.jpg?aki_policy=large"", ""https://a0.muscache.com/im/pictures/112f5b8a-0790-42a6-a324-11b492c30a36.jpg?aki_policy=large"", ""https://a0.muscache.com/im/pictures/b6d9610c-3519-4c88-97e9-16c3b965c3a1.jpg?aki_policy=large"", ""https://a0.muscache.com/im/pictures/757d8c52-5984-43e0-bd1a-38ca41be5dc3.jpg?aki_policy=large""]";"{""beds"": 6, ""bedrooms"": 3, ""bathrooms"": 2.0, ""amenity_ids"": [1, 2, 66, 4, 5, 71, 8, 74, 77, 85, 86, 88, 89, 91, 92, 93, 30, 94, 31, 95, 96, 33, 34, 40, 41, 107, 45, 46, 47, 61, 62, 63], ""is_rebookable"": false, ""is_new_listing"": false, ""is_fully_refundable"": true, ""is_host_highly_rated"": true, ""is_business_travel_ready"": false}";"{""weekly_factor"": 1.0, ""monthly_factor"": 1.0}";6338;"";"{""is_superhost"": false}"
10514296;New loft canal St Martin Paris, 6p;entire_home;Paris;"";48.8778747487;2.36398178078;6;"[""https://a0.muscache.com/im/pictures/bc2f75d1-617e-436b-a364-70b837284bd5.jpg?aki_policy=large"", ""https://a0.muscache.com/im/pictures/59709864-3120-435a-b9e5-ce4f9fb23df3.jpg?aki_policy=large"", ""https://a0.muscache.com/im/pictures/a7ef5128-264d-42b4-a95c-a3e4e4de65fd.jpg?aki_policy=large"", ""https://a0.muscache.com/im/pictures/32897fe9-6c78-4a0a-ac5d-31c62cb3e7cd.jpg?aki_policy=large"", ""https://a0.muscache.com/im/pictures/5235cac7-72fa-4be7-9576-1ec37b0eea67.jpg?aki_policy=large"", ""https://a0.muscache.com/im/pictures/b6e08a2f-7468-4c37-b2c7-730b0cab4688.jpg?aki_policy=large"", ""https://a0.muscache.com/im/pictures/b5aec325-6647-4513-8f77-579d540d0440.jpg?aki_policy=large"", ""https://a0.muscache.com/im/pictures/b38885f3-35b9-4b4d-8c55-e501d423e729.jpg?aki_policy=large"", ""https://a0.muscache.com/im/pictures/0f6b0c10-e270-4ad3-bc9e-9786e2406acd.jpg?aki_policy=large"", ""https://a0.muscache.com/im/pictures/94c3348a-8bbe-4f5b-b9d0-3ac9af3b14aa.jpg?aki_policy=large"", ""https://a0.muscache.com/im/pictures/aaff235a-ea62-472a-aac2-bb97d5b2c5c8.jpg?aki_policy=large"", ""https://a0.muscache.com/im/pictures/ad881e68-68ee-4756-92ca-2e92ec0dad89.jpg?aki_policy=large"", ""https://a0.muscache.com/im/pictures/2682fb91-b3de-434b-8f32-88dc647f2364.jpg?aki_policy=large"", ""https://a0.muscache.com/im/pictures/4da082a4-2d45-4c88-9a73-b3be79332443.jpg?aki_policy=large"", ""https://a0.muscache.com/im/pictures/f656b7f8-4565-48c2-8b6d-564488a3bd8d.jpg?aki_policy=large"", ""https://a0.muscache.com/im/pictures/e8a1dfe3-c38a-416c-a313-52a433a69a09.jpg?aki_policy=large"", ""https://a0.muscache.com/im/pictures/4a78c3e1-540c-4cd1-b551-8ca66d7a0ea2.jpg?aki_policy=large""]";"{""beds"": 3, ""bedrooms"": 0, ""bathrooms"": 1.0, ""amenity_ids"": [33, 34, 4, 6, 8, 40, 43, 45, 30, 46, 31], ""is_rebookable"": false, ""is_new_listing"": false, ""is_fully_refundable"": true, ""is_host_highly_rated"": true, ""is_business_travel_ready"": false}";"{""weekly_factor"": 1.0, ""monthly_factor"": 0.51}";6496;"";"{""is_superhost"": false}"
10401897;STUDIO CENTRAL partagé;shared_room;Paris;"";48.8577720983;2.36809430158;1;"[""https://a0.muscache.com/im/pictures/86804ad8-9a3e-476f-806f-9d0168ac8b15.jpg?aki_policy=large"", ""https://a0.muscache.com/im/pictures/a8799558-f3cf-4c28-b831-2bc53d00f081.jpg?aki_policy=large"", ""https://a0.muscache.com/im/pictures/abd64516-3bf5-46cd-a149-30acf0dc2a22.jpg?aki_policy=large"", ""https://a0.muscache.com/im/pictures/756cb415-97df-48ec-bc9c-6d906c9a10c0.jpg?aki_policy=large"", ""https://a0.muscache.com/im/pictures/50f0abe1-ce98-42bb-8f8a-bb191efb5988.jpg?aki_policy=large"", ""https://a0.muscache.com/im/pictures/3a8614f3-e813-4a2f-b618-d8a8b8514f82.jpg?aki_policy=large"", ""https://a0.muscache.com/im/pictures/46c4b8e6-399d-48fe-b070-d3f2640744ea.jpg?aki_policy=large"", ""https://a0.muscache.com/im/pictures/66674b92-6c63-431f-98b5-0d9bc6a2e00c.jpg?aki_policy=large"", ""https://a0.muscache.com/im/pictures/a888fe43-d097-417c-8882-58b846731c31.jpg?aki_policy=large"", ""https://a0.muscache.com/im/pictures/4a238934-65b7-4e48-b4dc-ff6dd987e26d.jpg?aki_policy=large"", ""https://a0.muscache.com/im/pictures/9f7de0bf-0060-4032-9e6f-8512a78b2385.jpg?aki_policy=large"", ""https://a0.muscache.com/im/pictures/537f2b88-f1a7-4348-a44b-1dec60614091.jpg?aki_policy=large"", ""https://a0.muscache.com/im/pictures/ecdfaa8b-ff74-4010-907b-601eea706735.jpg?aki_policy=large""]";"{""beds"": 3, ""bedrooms"": 1, ""bathrooms"": 1.0, ""amenity_ids"": [33, 129, 34, 3, 4, 7, 8, 40, 41, 11, 45, 77, 16, 49, 50, 21, 28, 30], ""is_rebookable"": false, ""is_new_listing"": false, ""is_fully_refundable"": true, ""is_host_highly_rated"": true, ""is_business_travel_ready"": false}";"{""weekly_factor"": 0.92, ""monthly_factor"": 0.67}";3024;"";"{""is_superhost"": false}"
10402505;Beautiful studio Paris 16th Victor Hugo;entire_home;Paris;Passy;48.8701510799;2.28071292577;2;"[""https://a0.muscache.com/im/pictures/155a8e57-27f1-4521-966e-4aab0256c658.jpg?aki_policy=large"", ""https://a0.muscache.com/im/pictures/bc64fa9c-6ad6-4905-a883-bd185832a7d0.jpg?aki_policy=large"", ""https://a0.muscache.com/im/pictures/f3c51b0e-a061-48b5-bd57-dd6bbba53557.jpg?aki_policy=large"", ""https://a0.muscache.com/im/pictures/d7d53ec7-347d-49ba-b84d-37d37e51424e.jpg?aki_policy=large"", ""https://a0.muscache.com/im/pictures/ebb4bc81-7f38-4212-8a1a-16420e397e78.jpg?aki_policy=large"", ""https://a0.muscache.com/im/pictures/ce95b2d8-7c28-4885-8da1-1dcdb80c0830.jpg?aki_policy=large"", ""https://a0.muscache.com/im/pictures/fc37ea25-d2bc-496f-990e-54a04fca7cb1.jpg?aki_policy=large"", ""https://a0.muscache.com/im/pictures/fdf5654a-41e8-4f4a-bef9-30343b9e6fe0.jpg?aki_policy=large"", ""https://a0.muscache.com/im/pictures/4b6e7469-da72-4ce4-880f-aa19b66d6c5f.jpg?aki_policy=large"", ""https://a0.muscache.com/im/pictures/1bbdc7ad-3097-469e-b16d-94758602c5cc.jpg?aki_policy=large"", ""https://a0.muscache.com/im/pictures/6965b43a-1a3a-4862-8c89-fd2036b0fab5.jpg?aki_policy=large"", ""https://a0.muscache.com/im/pictures/95a8f8bc-e3bd-421a-90b7-b9363f08140f.jpg?aki_policy=large"", ""https://a0.muscache.com/im/pictures/3134e9e4-5719-448a-9c27-65ae4f66d3bb.jpg?aki_policy=large"", ""https://a0.muscache.com/im/pictures/6114353e-8a4c-4d79-aef2-f9a2a6d8fab8.jpg?aki_policy=large"", ""https://a0.muscache.com/im/pictures/0501ce61-da5d-475c-8367-b432f3706bac.jpg?aki_policy=large"", ""https://a0.muscache.com/im/pictures/948bb6ad-713c-4778-944e-e9c4d4c7cf98.jpg?aki_policy=large"", ""https://a0.muscache.com/im/pictures/5fbee9c6-e612-4ddb-aca5-0bbacb5dd4ce.jpg?aki_policy=large"", ""https://a0.muscache.com/im/pictures/428f1d8e-b8b7-4bd6-86bf-258f03bb983e.jpg?aki_policy=large"", ""https://a0.muscache.com/im/pictures/7ddd78b4-e739-4923-82a8-2ed7b0932fb5.jpg?aki_policy=large"", ""https://a0.muscache.com/im/pictures/9eac984a-7070-4554-a059-bae125572a8a.jpg?aki_policy=large"", ""https://a0.muscache.com/im/pictures/9fd55ded-90b5-404d-8295-4bb10b4868b3.jpg?aki_policy=large"", ""https://a0.muscache.com/im/pictures/38e94792-5f4c-4ae7-9be6-62c722f6044c.jpg?aki_policy=large"", ""https://a0.muscache.com/im/pictures/2c975c9b-f5c3-4a09-a9e5-f232145be6b2.jpg?aki_policy=large"", ""https://a0.muscache.com/im/pictures/a2afdc14-fc64-4649-9c70-2143ca0ee749.jpg?aki_policy=large"", ""https://a0.muscache.com/im/pictures/1650aad3-694e-4eb8-978c-89f300346014.jpg?aki_policy=large"", ""https://a0.muscache.com/im/pictures/5d47a99d-a0a4-4306-a3b2-48fde38d85b9.jpg?aki_policy=large"", ""https://a0.muscache.com/im/pictures/723ba558-dbf1-42c9-bda5-5595d16e17b1.jpg?aki_policy=large"", ""https://a0.muscache.com/im/pictures/63c16248-9d00-4d4e-921e-eb1291a0c532.jpg?aki_policy=large"", ""https://a0.muscache.com/im/pictures/7d96a93d-9f93-45a6-8a57-e1698a62d221.jpg?aki_policy=large"", ""https://a0.muscache.com/im/pictures/b6bfdd6f-05cc-4ee2-8997-75c7ccb29549.jpg?aki_policy=large""]";"{""beds"": 1, ""bedrooms"": 0, ""bathrooms"": 1.0, ""amenity_ids"": [1, 2, 3, 4, 71, 8, 72, 77, 21, 85, 86, 87, 89, 90, 91, 92, 93, 30, 94, 31, 95, 96, 33, 35, 100, 103, 40, 104, 41, 43, 44, 45, 46, 47, 61], ""is_rebookable"": false, ""is_new_listing"": false, ""is_fully_refundable"": true, ""is_host_highly_rated"": true, ""is_business_travel_ready"": false}";"{""weekly_factor"": 0.71, ""monthly_factor"": 0.4}";1324;"";"{""is_superhost"": false}"
10475056;Chambre double appartement familial;private_room;Paris;Gare du Nord - Gare de I'Est;48.8733698041;2.35565116349;2;"[""https://a0.muscache.com/im/pictures/b28b85db-dab7-4f52-9387-084a3efb7cc3.jpg?aki_policy=large"", ""https://a0.muscache.com/im/pictures/9c7cdc73-b5db-494b-b8a5-d2abed01d068.jpg?aki_policy=large"", ""https://a0.muscache.com/im/pictures/819c9da6-01d7-4976-9e1f-1cc969d1489e.jpg?aki_policy=large"", ""https://a0.muscache.com/im/pictures/10a2b557-78eb-4861-bc2c-a9d65c1f86a5.jpg?aki_policy=large"", ""https://a0.muscache.com/im/pictures/e9c12441-eafb-4f8e-9ebc-70f92b208b66.jpg?aki_policy=large"", ""https://a0.muscache.com/im/pictures/38982c2d-ad8d-4f76-8f23-78b133676c95.jpg?aki_policy=large"", ""https://a0.muscache.com/im/pictures/e5a058a1-69b8-4e7c-9340-44d3af6fdd40.jpg?aki_policy=large"", ""https://a0.muscache.com/im/pictures/a377dfaa-99ce-46f1-a862-c14f134e95cd.jpg?aki_policy=large"", ""https://a0.muscache.com/im/pictures/e07e9411-77e4-44ed-94f0-3cdd43479944.jpg?aki_policy=large""]";"{""beds"": 1, ""bedrooms"": 1, ""bathrooms"": 1.0, ""amenity_ids"": [33, 129, 35, 4, 8, 40, 43, 44, 45, 77, 46, 47, 85, 86, 30, 31], ""is_rebookable"": false, ""is_new_listing"": false, ""is_fully_refundable"": true, ""is_host_highly_rated"": true, ""is_business_travel_ready"": false}";"{""weekly_factor"": 0.9, ""monthly_factor"": 0.73}";3640;"";"{""is_superhost"": false}"
10508140;Ile Saint-Louis, Notre-Dame view;entire_home;Paris;Saint-Paul - Ile Saint-Louis;48.852150645;2.35410020939;2;"[""https://a0.muscache.com/im/pictures/44db5b3e-1be0-40e9-8fdb-84153ab0decb.jpg?aki_policy=large"", ""https://a0.muscache.com/im/pictures/475e1df8-dde3-4067-9055-f1cf1b40c7e8.jpg?aki_policy=large"", ""https://a0.muscache.com/im/pictures/2e2235ce-dc19-494c-afbb-66fd8c41e6c0.jpg?aki_policy=large"", ""https://a0.muscache.com/im/pictures/486bc1e1-764c-4fbb-bbe2-25e5090d1a3d.jpg?aki_policy=large"", ""https://a0.muscache.com/im/pictures/e22212c7-ea7f-49fa-a9e7-3c29493dcf48.jpg?aki_policy=large"", ""https://a0.muscache.com/im/pictures/6e2d6adc-5903-41bb-9021-a8957e1cd3a2.jpg?aki_policy=large"", ""https://a0.muscache.com/im/pictures/1207a65b-6c89-4b91-bce7-386bb72efb69.jpg?aki_policy=large"", ""https://a0.muscache.com/im/pictures/b16ef6fb-7d0f-490c-a4c8-67490d1c4238.jpg?aki_policy=large"", ""https://a0.muscache.com/im/pictures/da905e29-a892-4e6a-9920-feec3c3e08dc.jpg?aki_policy=large"", ""https://a0.muscache.com/im/pictures/affcf7fd-457d-42de-afba-7a8e619dbcdd.jpg?aki_policy=large"", ""https://a0.muscache.com/im/pictures/297468f4-6b31-4030-a6be-784566131fa4.jpg?aki_policy=large"", ""https://a0.muscache.com/im/pictures/3376f71a-c6f8-47dc-9027-a192daf326df.jpg?aki_policy=large"", ""https://a0.muscache.com/im/pictures/4ac6111d-909b-4a0f-900c-c70fe314dfc4.jpg?aki_policy=large"", ""https://a0.muscache.com/im/pictures/eadddc31-f389-4fb3-a0b8-154bbb69b247.jpg?aki_policy=large"", ""https://a0.muscache.com/im/pictures/ac699984-bb3f-44f1-93a9-350aa79b4731.jpg?aki_policy=large"", ""https://a0.muscache.com/im/pictures/e7eb6549-62a0-4201-a2a0-c5d4566e1e77.jpg?aki_policy=large"", ""https://a0.muscache.com/im/pictures/336fc597-6596-44a9-a71e-c7fa8564d095.jpg?aki_policy=large"", ""https://a0.muscache.com/im/pictures/46c49fd4-acb1-4a74-b16f-c46112f12118.jpg?aki_policy=large"", ""https://a0.muscache.com/im/pictures/4264ba7f-120e-435f-8725-c019cf4ff03a.jpg?aki_policy=large""]";"{""beds"": 1, ""bedrooms"": 1, ""bathrooms"": 1.0, ""amenity_ids"": [1, 33, 129, 34, 3, 35, 4, 8, 40, 41, 44, 46, 47, 16, 49, 50, 30], ""is_rebookable"": false, ""is_new_listing"": false, ""is_fully_refundable"": true, ""is_host_highly_rated"": true, ""is_business_travel_ready"": false}";"{""weekly_factor"": 1.0, ""monthly_factor"": 1.0}";6504;"";"{""is_superhost"": false}"
10744247;(six bed room )I;shared_room;Paris;2e arrondissement;48.8686726934;2.35207512852;6;"[""https://a0.muscache.com/im/pictures/5fdb7ca0-1431-4626-ae10-12e7bf26f694.jpg?aki_policy=large"", ""https://a0.muscache.com/im/pictures/57d9af1d-04b4-49ec-8081-873cd432c4c0.jpg?aki_policy=large"", ""https://a0.muscache.com/im/pictures/23d8cb29-0f45-443a-8cc5-afc114159f1c.jpg?aki_policy=large"", ""https://a0.muscache.com/im/pictures/c5be4acd-0cbe-4e0f-9b8d-1d94744717f1.jpg?aki_policy=large"", ""https://a0.muscache.com/im/pictures/8d71a332-b753-474e-9681-469c1e9d1747.jpg?aki_policy=large"", ""https://a0.muscache.com/im/pictures/3648a28b-3ee5-4e4f-8e5b-57e361fc92b1.jpg?aki_policy=large"", ""https://a0.muscache.com/im/pictures/abb6b34f-fd57-4dd0-a2aa-2b2fde839363.jpg?aki_policy=large""]";"{""beds"": 6, ""bedrooms"": 1, ""bathrooms"": 2.0, ""amenity_ids"": [33, 34, 35, 4, 8, 40, 104, 41, 44, 45, 77, 85, 30, 31], ""is_rebookable"": false, ""is_new_listing"": false, ""is_fully_refundable"": true, ""is_host_highly_rated"": false, ""is_business_travel_ready"": false}";"{""weekly_factor"": 0.95, ""monthly_factor"": 0.9}";2771;"";"{""is_superhost"": false}"
10700852;[150m2]Mega Condominium EiffelTower;entire_home;Paris;Tour Eiffel - Champ de Mars;48.8582217267;2.29729298182;9;"[""https://a0.muscache.com/im/pictures/0226a0b0-f21a-4954-b8dc-12e2e8779e94.jpg?aki_policy=large"", ""https://a0.muscache.com/im/pictures/49752772-e3f2-4cf4-9698-235b1d88293d.jpg?aki_policy=large"", ""https://a0.muscache.com/im/pictures/47c69048-45c7-4a3b-8cf3-2c5624858d71.jpg?aki_policy=large"", ""https://a0.muscache.com/im/pictures/7435bbce-30bf-4e89-bf04-a6ecdd0bce3c.jpg?aki_policy=large"", ""https://a0.muscache.com/im/pictures/5f729510-9262-4b16-b0e6-eb3cdf835164.jpg?aki_policy=large"", ""https://a0.muscache.com/im/pictures/e4462be3-350b-41c9-8c8f-f26ef7e5df14.jpg?aki_policy=large"", ""https://a0.muscache.com/im/pictures/f1ceabfd-b473-4284-a4d3-086ec9548052.jpg?aki_policy=large"", ""https://a0.muscache.com/im/pictures/3e2c3611-dfa3-4a8a-af20-92f7e21f0a40.jpg?aki_policy=large"", ""https://a0.muscache.com/im/pictures/ff7af352-c80e-4619-b1d2-97554926ba34.jpg?aki_policy=large"", ""https://a0.muscache.com/im/pictures/6bac745f-2fe4-4985-b866-f8a83c75b993.jpg?aki_policy=large"", ""https://a0.muscache.com/im/pictures/cffbc0c7-939c-420f-94d5-a2c1c869648b.jpg?aki_policy=large"", ""https://a0.muscache.com/im/pictures/3b142567-8934-449f-ba17-c3339690e58c.jpg?aki_policy=large"", ""https://a0.muscache.com/im/pictures/1e0ee4a9-ab67-4dd3-8334-695c68d55177.jpg?aki_policy=large"", ""https://a0.muscache.com/im/pictures/cac085ba-4e26-4e64-867e-cebee017c62d.jpg?aki_policy=large"", ""https://a0.muscache.com/im/pictures/e1404d1f-0642-4e2c-b732-a8a65e56461a.jpg?aki_policy=large"", ""https://a0.muscache.com/im/pictures/306c1e70-f9f8-4751-bb72-94ad3cf165ba.jpg?aki_policy=large"", ""https://a0.muscache.com/im/pictures/d9b625f7-2c21-4c8f-b5b1-b32a4f0c5f7c.jpg?aki_policy=large"", ""https://a0.muscache.com/im/pictures/746954c3-0d4c-43c5-b6fb-46c2f27d728c.jpg?aki_policy=large"", ""https://a0.muscache.com/im/pictures/a6235509-84c0-4514-b484-d66b3e3b0c21.jpg?aki_policy=large"", ""https://a0.muscache.com/im/pictures/0c646fa4-543a-432b-8c01-e37503ad5386.jpg?aki_policy=large"", ""https://a0.muscache.com/im/pictures/be8b5f99-47c9-4309-b53e-ec5bfd5da32d.jpg?aki_policy=large"", ""https://a0.muscache.com/im/pictures/f22ae298-c9fc-4af8-9fde-83a5bff1ea87.jpg?aki_policy=large"", ""https://a0.muscache.com/im/pictures/023808ad-7b20-4c2d-be92-d4b9629e6043.jpg?aki_policy=large"", ""https://a0.muscache.com/im/pictures/890570f9-88eb-44ed-a8e3-97828179c8b3.jpg?aki_policy=large"", ""https://a0.muscache.com/im/pictures/9f82349c-b92f-4bb0-97e5-826cf2856006.jpg?aki_policy=large"", ""https://a0.muscache.com/im/pictures/ebbab852-a427-43d4-a634-576eb100cad3.jpg?aki_policy=large"", ""https://a0.muscache.com/im/pictures/21f280b5-15c2-46ae-88c5-351fd6e59eb0.jpg?aki_policy=large"", ""https://a0.muscache.com/im/pictures/99a84a68-d93f-4c69-b459-b5204b731b95.jpg?aki_policy=large"", ""https://a0.muscache.com/im/pictures/a560979b-1b0d-466d-bab1-5ebf169e2676.jpg?aki_policy=large"", ""https://a0.muscache.com/im/pictures/aeb3691d-ad05-4518-9f29-3cfc7344735d.jpg?aki_policy=large""]";"{""beds"": 6, ""bedrooms"": 4, ""bathrooms"": 3.5, ""amenity_ids"": [1, 2, 3, 4, 5, 8, 11, 14, 21, 27, 28, 30, 31, 33, 34, 35, 36, 37, 38, 39, 40, 41, 43, 44, 45, 46, 47], ""is_rebookable"": false, ""is_new_listing"": false, ""is_fully_refundable"": true, ""is_host_highly_rated"": true, ""is_business_travel_ready"": false}";"{""weekly_factor"": 1.0, ""monthly_factor"": 1.0}";4550;"";"{""is_superhost"": false}"
10762837;Brand new flat 10 min walk to Opera;entire_home;Paris;Saint-Lazare;48.8784111574;2.32803325714;2;"[""https://a0.muscache.com/im/pictures/8ac134d8-8330-4823-b9ae-1e9cb3cc5ab3.jpg?aki_policy=large"", ""https://a0.muscache.com/im/pictures/79beaf56-6199-4afd-a128-54119f018115.jpg?aki_policy=large"", ""https://a0.muscache.com/im/pictures/af8aa5a9-b10d-4faf-a96d-818f04a8d09b.jpg?aki_policy=large"", ""https://a0.muscache.com/im/pictures/dc941cbe-5072-45d7-8acd-d8230a49d02c.jpg?aki_policy=large"", ""https://a0.muscache.com/im/pictures/f72af887-4f33-46de-918d-1d3d7b17d128.jpg?aki_policy=large"", ""https://a0.muscache.com/im/pictures/c20e8793-1e67-45b2-a60c-54b46efe55e2.jpg?aki_policy=large"", ""https://a0.muscache.com/im/pictures/8056c5f3-5308-44be-91ae-7105af56ff1e.jpg?aki_policy=large"", ""https://a0.muscache.com/im/pictures/57e99fc1-ce11-4c7a-b9a3-098c1c1fedf7.jpg?aki_policy=large"", ""https://a0.muscache.com/im/pictures/3af18d2e-fa12-4b6e-a5f8-ada68902483a.jpg?aki_policy=large"", ""https://a0.muscache.com/im/pictures/3bfb0aac-6a7d-4649-a762-83dff01f8313.jpg?aki_policy=large"", ""https://a0.muscache.com/im/pictures/771cc0a6-a457-4a43-b81d-898ad70d9fbd.jpg?aki_policy=large"", ""https://a0.muscache.com/im/pictures/5e805a41-f89b-4202-9d0e-41ca36e88735.jpg?aki_policy=large"", ""https://a0.muscache.com/im/pictures/21e62177-5f73-49da-b9af-53c297e67c29.jpg?aki_policy=large"", ""https://a0.muscache.com/im/pictures/95de65ea-f60e-4ede-8bab-4bd9b83c4ce8.jpg?aki_policy=large"", ""https://a0.muscache.com/im/pictures/220f6cb6-0827-4b96-9468-b322d2e2a7da.jpg?aki_policy=large"", ""https://a0.muscache.com/im/pictures/a1b3ed77-c692-4bb8-b39c-edb85b052c01.jpg?aki_policy=large""]";"{""beds"": 1, ""bedrooms"": 2, ""bathrooms"": 1.0, ""amenity_ids"": [1, 2, 3, 4, 8, 14, 28, 30, 31, 33, 34, 35, 36, 37, 38, 39, 40, 41, 43, 44, 45, 46, 47, 51, 54], ""is_rebookable"": false, ""is_new_listing"": false, ""is_fully_refundable"": true, ""is_host_highly_rated"": true, ""is_business_travel_ready"": false}";"{""weekly_factor"": 0.85, ""monthly_factor"": 1.0}";3364;"";"{""is_superhost"": true}"
20686647;Beautiful apartment in the heart of Paris;entire_home;Paris;Saint-Lazare;48.8807736781;2.32325898965;3;"[""https://a0.muscache.com/im/pictures/0e2a0b93-16a6-4232-8d7d-60af7a65580e.jpg?aki_policy=large"", ""https://a0.muscache.com/im/pictures/95e97abc-61e8-46d3-93ea-cd684c200654.jpg?aki_policy=large"", ""https://a0.muscache.com/im/pictures/6a8fa33b-e1e2-4695-b50f-f579134035b3.jpg?aki_policy=large"", ""https://a0.muscache.com/im/pictures/6b424793-6df3-4325-81f7-abac24999a04.jpg?aki_policy=large"", ""https://a0.muscache.com/im/pictures/b362da56-fbd8-4b2c-8a9e-80687ef58f14.jpg?aki_policy=large"", ""https://a0.muscache.com/im/pictures/ff422d8a-7e9d-4954-bac1-c7b21e029f3e.jpg?aki_policy=large"", ""https://a0.muscache.com/im/pictures/bcd50667-6f9b-4818-b592-8bb84129dc06.jpg?aki_policy=large""]";"{""beds"": 3, ""bedrooms"": 1, ""bathrooms"": 1.0, ""amenity_ids"": [1, 2, 4, 21, 8, 40, 41, 30, 47], ""is_rebookable"": false, ""is_new_listing"": false, ""is_fully_refundable"": true, ""is_host_highly_rated"": false, ""is_business_travel_ready"": false}";"{""weekly_factor"": 1.0, ""monthly_factor"": 1.0}";3439;"";"{""is_superhost"": false}"
10795313;Charm on the roofs of Paris!;entire_home;Paris;Saint Germain des Prés - Odéon;48.8531092034;2.34332288553;4;"[""https://a0.muscache.com/im/pictures/f85dc1c3-3b72-46b9-bd36-d047890bff7e.jpg?aki_policy=large"", ""https://a0.muscache.com/im/pictures/3aa64981-4a42-44d0-a96d-c89f04d4d3a0.jpg?aki_policy=large"", ""https://a0.muscache.com/im/pictures/76fd356b-a276-41ae-b4c1-57b1a4616514.jpg?aki_policy=large"", ""https://a0.muscache.com/im/pictures/2fe41b33-adb5-4c59-b773-d232d6c9b00f.jpg?aki_policy=large"", ""https://a0.muscache.com/im/pictures/6a5f3ccf-aaf2-4f22-8a06-a58c69e595af.jpg?aki_policy=large"", ""https://a0.muscache.com/im/pictures/1c711199-2f30-4fcc-80b9-9101ccb6d8b3.jpg?aki_policy=large"", ""https://a0.muscache.com/im/pictures/4ab2e656-5315-42fb-92bf-b8e531de76f8.jpg?aki_policy=large"", ""https://a0.muscache.com/im/pictures/0a6f2fd3-3c16-420d-9f78-03f2440b2642.jpg?aki_policy=large"", ""https://a0.muscache.com/im/pictures/7bf71758-92e3-493b-90c9-5fa0faee0640.jpg?aki_policy=large"", ""https://a0.muscache.com/im/pictures/a5441163-7fa7-4111-b70f-8738a8c1e992.jpg?aki_policy=large"", ""https://a0.muscache.com/im/pictures/f4f9651c-b390-40f6-919e-1fa34abe7eaf.jpg?aki_policy=large"", ""https://a0.muscache.com/im/pictures/f6e830a6-f9b3-48d4-a731-717e22c219e7.jpg?aki_policy=large"", ""https://a0.muscache.com/im/pictures/2d41d596-b443-4837-8b6d-4c03e45c8d53.jpg?aki_policy=large"", ""https://a0.muscache.com/im/pictures/f214ac42-82f3-4079-acd5-5c1c2f266dfa.jpg?aki_policy=large"", ""https://a0.muscache.com/im/pictures/6fd87133-10fb-4ebb-be82-dc0990c8f493.jpg?aki_policy=large"", ""https://a0.muscache.com/im/pictures/d4de00d3-9ea4-4189-b29e-565d73aa19b4.jpg?aki_policy=large"", ""https://a0.muscache.com/im/pictures/e5307474-5c05-430e-b717-a1c47db5e576.jpg?aki_policy=large"", ""https://a0.muscache.com/im/pictures/9e60c832-476b-4dfd-9359-8ac847b25e04.jpg?aki_policy=large""]";"{""beds"": 3, ""bedrooms"": 1, ""bathrooms"": 1.5, ""amenity_ids"": [1, 33, 2, 34, 3, 4, 39, 8, 11, 12, 44, 45, 46, 21, 30, 31], ""is_rebookable"": false, ""is_new_listing"": false, ""is_fully_refundable"": true, ""is_host_highly_rated"": true, ""is_business_travel_ready"": false}";"{""weekly_factor"": 1.0, ""monthly_factor"": 0.7}";6331;"";"{""is_superhost"": false}"
10798782;Cosy flat in Le Marais - 63m2;entire_home;Paris;Le Marais;48.8554896948;2.36041150703;3;"[""https://a0.muscache.com/im/pictures/b06b0c1b-88a8-4cf6-9aa2-9aede2d5f9b7.jpg?aki_policy=large"", ""https://a0.muscache.com/im/pictures/5dc24312-9964-4e6e-8364-6a3c39accbc5.jpg?aki_policy=large"", ""https://a0.muscache.com/im/pictures/70b30a0f-04d9-4d7a-9112-74679b6078d0.jpg?aki_policy=large"", ""https://a0.muscache.com/im/pictures/68dca136-36b1-4639-838e-2653fa0be2c9.jpg?aki_policy=large"", ""https://a0.muscache.com/im/pictures/b6763bc3-ba9f-4d11-8d70-45b60ad37d50.jpg?aki_policy=large"", ""https://a0.muscache.com/im/pictures/b979489c-d17d-436e-9ce3-7a21bcf6bcb7.jpg?aki_policy=large"", ""https://a0.muscache.com/im/pictures/2e439607-5156-4501-ba8e-d6fabd25140b.jpg?aki_policy=large"", ""https://a0.muscache.com/im/pictures/474ede9a-974b-41cb-a803-d6072118b29d.jpg?aki_policy=large"", ""https://a0.muscache.com/im/pictures/2ecc548e-f66b-404f-a092-fa3c54a2169c.jpg?aki_policy=large"", ""https://a0.muscache.com/im/pictures/63003f60-634b-4293-b723-06dffefdc71d.jpg?aki_policy=large"", ""https://a0.muscache.com/im/pictures/fffaf1a4-cb76-40c0-9caa-cc88e9521445.jpg?aki_policy=large"", ""https://a0.muscache.com/im/pictures/abbd3363-4c4f-4e52-b3bb-eba690f411d4.jpg?aki_policy=large"", ""https://a0.muscache.com/im/pictures/6301ccfd-4ffa-495e-8d39-627dfbe724f5.jpg?aki_policy=large"", ""https://a0.muscache.com/im/pictures/f3d83f45-4729-47fb-8abc-d00cd422a934.jpg?aki_policy=large"", ""https://a0.muscache.com/im/pictures/796a36db-3f45-47a4-b035-7735e27aa957.jpg?aki_policy=large"", ""https://a0.muscache.com/im/pictures/3ab65560-63b0-4601-835e-1fe81ec4d781.jpg?aki_policy=large"", ""https://a0.muscache.com/im/pictures/93894dee-ba07-416d-80d9-461e802b8722.jpg?aki_policy=large"", ""https://a0.muscache.com/im/pictures/f9abe7c1-fbc7-45de-851d-e1353073e51a.jpg?aki_policy=large"", ""https://a0.muscache.com/im/pictures/798f277a-94c0-4a37-82c8-ab51e7888736.jpg?aki_policy=large"", ""https://a0.muscache.com/im/pictures/ba38b090-3318-4977-8a12-5f652d84b156.jpg?aki_policy=large""]";"{""beds"": 1, ""bedrooms"": 1, ""bathrooms"": 1.0, ""amenity_ids"": [1, 33, 129, 2, 3, 35, 4, 36, 8, 40, 104, 44, 45, 77, 46, 47, 21, 28, 30], ""is_rebookable"": false, ""is_new_listing"": false, ""is_fully_refundable"": true, ""is_host_highly_rated"": false, ""is_business_travel_ready"": false}";"{""weekly_factor"": 0.86, ""monthly_factor"": 0.65}";4650;"";"{""is_superhost"": false}"
10833783;Charmant 2 pièces Paris Centre;entire_home;Paris;Châtelet - Les Halles - Beaubourg;48.864815165;2.34333113177;3;"[""https://a0.muscache.com/im/pictures/df9a99fc-acc5-41e5-9815-4ec98e0a5930.jpg?aki_policy=large"", ""https://a0.muscache.com/im/pictures/6db9b024-c63e-4b24-8552-80d8278b18f6.jpg?aki_policy=large"", ""https://a0.muscache.com/im/pictures/62bd253b-0377-4ebb-8ae9-f9abff24ed30.jpg?aki_policy=large"", ""https://a0.muscache.com/im/pictures/98192faf-aae6-4531-b61f-811a0ea5f46d.jpg?aki_policy=large"", ""https://a0.muscache.com/im/pictures/8501eeb8-55df-4e33-9cf3-7a2c17090fc2.jpg?aki_policy=large"", ""https://a0.muscache.com/im/pictures/eb0765f5-e5f7-4d9b-bbb6-7e0fde902e74.jpg?aki_policy=large"", ""https://a0.muscache.com/im/pictures/988b55d9-e6bb-4f0c-a07c-7b3ea4d81d6d.jpg?aki_policy=large"", ""https://a0.muscache.com/im/pictures/d423ad77-c9de-4b21-89ba-8b4fc228d748.jpg?aki_policy=large"", ""https://a0.muscache.com/im/pictures/e8ede002-8d92-4261-8c02-e3c6702fe8c0.jpg?aki_policy=large"", ""https://a0.muscache.com/im/pictures/5f46d6a7-1607-4b38-87c5-76868f95f527.jpg?aki_policy=large""]";"{""beds"": 1, ""bedrooms"": 1, ""bathrooms"": 1.0, ""amenity_ids"": [1, 33, 35, 4, 8, 40, 41, 30, 31], ""is_rebookable"": false, ""is_new_listing"": false, ""is_fully_refundable"": true, ""is_host_highly_rated"": true, ""is_business_travel_ready"": false}";"{""weekly_factor"": 0.85, ""monthly_factor"": 0.54}";557;"";"{""is_superhost"": false}"
10884388;Duplex 160m2 next to Champs Elysées;entire_home;Paris;Passy;48.8709724455;2.28740122861;7;"[""https://a0.muscache.com/im/pictures/41e9529d-e6c4-41be-9bfd-d230d1f19de7.jpg?aki_policy=large"", ""https://a0.muscache.com/im/pictures/e6fe4840-c2de-4ece-abec-7ef786eb7025.jpg?aki_policy=large"", ""https://a0.muscache.com/im/pictures/0daadb4d-8034-46f4-bc59-9c8532b796b2.jpg?aki_policy=large"", ""https://a0.muscache.com/im/pictures/733e59ca-e3f8-415a-82a0-d1e10529d7ec.jpg?aki_policy=large"", ""https://a0.muscache.com/im/pictures/71e7c77b-af73-4b10-8dc1-43307f5c9ca5.jpg?aki_policy=large"", ""https://a0.muscache.com/im/pictures/12fdc5eb-f265-4741-80ee-cf79569ef65e.jpg?aki_policy=large"", ""https://a0.muscache.com/im/pictures/8fb78011-26af-4a59-bffe-7da04cdc13c4.jpg?aki_policy=large"", ""https://a0.muscache.com/im/pictures/bf3c7a56-c6dd-4f36-9109-10dee3d2ba56.jpg?aki_policy=large"", ""https://a0.muscache.com/im/pictures/17719ecc-2c94-47ac-9456-5c0320fbe1b7.jpg?aki_policy=large"", ""https://a0.muscache.com/im/pictures/ee489b76-0f73-49a4-9362-af933ad7b4d0.jpg?aki_policy=large"", ""https://a0.muscache.com/im/pictures/d21216ca-dbff-489d-ab4c-1506f7bbcd77.jpg?aki_policy=large"", ""https://a0.muscache.com/im/pictures/6cf7425b-badd-4c41-a572-377407ea4c7f.jpg?aki_policy=large"", ""https://a0.muscache.com/im/pictures/1c2a6b52-8d20-42ae-b729-1d91323028a5.jpg?aki_policy=large"", ""https://a0.muscache.com/im/pictures/970df577-10ad-4610-af0a-5c141c852669.jpg?aki_policy=large"", ""https://a0.muscache.com/im/pictures/858e949c-f0b7-4965-b1ff-2af879bcc3df.jpg?aki_policy=large"", ""https://a0.muscache.com/im/pictures/979f3e86-4dd6-4450-a3dc-460181bf37b4.jpg?aki_policy=large"", ""https://a0.muscache.com/im/pictures/3c5697f0-eaf2-427f-b61c-32a2d9d79870.jpg?aki_policy=large"", ""https://a0.muscache.com/im/pictures/26a62722-12a4-4c76-a4a6-be16d5079a26.jpg?aki_policy=large"", ""https://a0.muscache.com/im/pictures/932199ad-b2b0-4d9a-bfab-6ee21c496558.jpg?aki_policy=large"", ""https://a0.muscache.com/im/pictures/b75a69bf-a615-45ef-acb2-c7d73b89b46c.jpg?aki_policy=large"", ""https://a0.muscache.com/im/pictures/fc84e7cb-33b4-4f47-9a81-6f1351792f17.jpg?aki_policy=large"", ""https://a0.muscache.com/im/pictures/daa6ed57-0b67-4e12-8443-e8a67159066a.jpg?aki_policy=large"", ""https://a0.muscache.com/im/pictures/f523ece5-973e-4f09-868d-a04fe2ff216d.jpg?aki_policy=large"", ""https://a0.muscache.com/im/pictures/380e97ae-ae65-4a8d-843a-565e68a05ded.jpg?aki_policy=large"", ""https://a0.muscache.com/im/pictures/7591254e-ab58-4817-97a5-64d4cfa07a35.jpg?aki_policy=large"", ""https://a0.muscache.com/im/pictures/c1dcb7dd-b9bd-4707-89be-94e128921a09.jpg?aki_policy=large"", ""https://a0.muscache.com/im/pictures/c132b30a-d2a0-48b8-aa71-49154334140e.jpg?aki_policy=large"", ""https://a0.muscache.com/im/pictures/3fcc1a47-e914-4ed6-bea8-a91d1d182929.jpg?aki_policy=large"", ""https://a0.muscache.com/im/pictures/a546c165-c0cf-4f26-b9f4-f962093b2021.jpg?aki_policy=large"", ""https://a0.muscache.com/im/pictures/e76e9110-a145-41a2-afca-f6f7b6e6fb7c.jpg?aki_policy=large""]";"{""beds"": 4, ""bedrooms"": 3, ""bathrooms"": 2.0, ""amenity_ids"": [64, 1, 65, 2, 66, 3, 4, 8, 72, 77, 85, 86, 87, 88, 89, 90, 27, 91, 28, 92, 93, 30, 94, 31, 95, 96, 33, 34, 35, 37, 39, 40, 41, 43, 44, 45, 46, 47, 57], ""is_rebookable"": false, ""is_new_listing"": false, ""is_fully_refundable"": true, ""is_host_highly_rated"": true, ""is_business_travel_ready"": false}";"{""weekly_factor"": 1.0, ""monthly_factor"": 1.0}";3664;"";"{""is_superhost"": true}"
10916393;PARIS CENTER LOFT/PRIVATE BATHROOM/WC;private_room;Paris;Le Marais;48.8632140537;2.35684616721;2;"[""https://a0.muscache.com/im/pictures/f32c3f04-e903-4da3-b55b-49a7fd3d2942.jpg?aki_policy=large"", ""https://a0.muscache.com/im/pictures/9f0d42e7-2548-40c9-817a-28fb04237bb3.jpg?aki_policy=large"", ""https://a0.muscache.com/im/pictures/dfa276f3-87b8-44c5-b2ae-054f2f762a82.jpg?aki_policy=large"", ""https://a0.muscache.com/im/pictures/f6fcaa5c-511a-4ef4-a52b-adc1a159cc5f.jpg?aki_policy=large"", ""https://a0.muscache.com/im/pictures/0842cc6c-2d9f-4462-9c05-110c74d5d130.jpg?aki_policy=large"", ""https://a0.muscache.com/im/pictures/e92f9540-c4bc-4b15-aae3-2ba32d83918c.jpg?aki_policy=large"", ""https://a0.muscache.com/im/pictures/ffe0aff2-5bbf-45d3-b055-14c06e4083ba.jpg?aki_policy=large"", ""https://a0.muscache.com/im/pictures/680ba3d9-e2cf-43f4-94cc-e3091e23c917.jpg?aki_policy=large"", ""https://a0.muscache.com/im/pictures/c2dae422-ecf1-42b9-bdce-e192340aff06.jpg?aki_policy=large"", ""https://a0.muscache.com/im/pictures/ccdb4c4a-68a7-45c8-8721-609dfdc35a64.jpg?aki_policy=large"", ""https://a0.muscache.com/im/pictures/7bb2716d-4e05-4885-9698-1675f8110d85.jpg?aki_policy=large"", ""https://a0.muscache.com/im/pictures/5be05bbd-bf73-4b94-842e-b70e38fc607e.jpg?aki_policy=large"", ""https://a0.muscache.com/im/pictures/fa9b97a5-dc04-4c8f-b38d-abec454494a3.jpg?aki_policy=large"", ""https://a0.muscache.com/im/pictures/e0893e25-d5fc-47c3-82dc-aca7062047ae.jpg?aki_policy=large"", ""https://a0.muscache.com/im/pictures/7181afe5-2e04-4ab4-bc54-1b6c250ffd21.jpg?aki_policy=large"", ""https://a0.muscache.com/im/pictures/db90e037-a115-4f00-9daa-4d73e9478cf3.jpg?aki_policy=large"", ""https://a0.muscache.com/im/pictures/1e951cdb-d578-4bfd-a6df-6b80e522bcf9.jpg?aki_policy=large""]";"{""beds"": 1, ""bedrooms"": 1, ""bathrooms"": 1.0, ""amenity_ids"": [1, 3, 4, 8, 10, 12, 77, 21, 30, 31, 33, 34, 35, 37, 40, 104, 41, 42, 43, 44, 45, 46, 47, 51, 53, 57], ""is_rebookable"": false, ""is_new_listing"": false, ""is_fully_refundable"": true, ""is_host_highly_rated"": false, ""is_business_travel_ready"": false}";"{""weekly_factor"": 0.97, ""monthly_factor"": 0.89}";7644;"";"{""is_superhost"": false}"
10948582;Duplex de caractère - Calme & lumineux;entire_home;Paris;Le Marais;48.8629741726;2.36033228786;5;"[""https://a0.muscache.com/im/pictures/777630b3-a70d-444c-8149-4759ec26edbf.jpg?aki_policy=large"", ""https://a0.muscache.com/im/pictures/4d434d2e-432e-43ac-a52c-44019b801cab.jpg?aki_policy=large"", ""https://a0.muscache.com/im/pictures/a048119b-225f-40f0-bab2-e1a752a03a01.jpg?aki_policy=large"", ""https://a0.muscache.com/im/pictures/9e8c1b77-1b53-4145-97ae-20db619a66e8.jpg?aki_policy=large"", ""https://a0.muscache.com/im/pictures/5a555efc-5d55-4324-ab8e-233df063b3d9.jpg?aki_policy=large"", ""https://a0.muscache.com/im/pictures/eb69456d-4e25-4068-9ff0-04cfb8916fd9.jpg?aki_policy=large"", ""https://a0.muscache.com/im/pictures/d16c1ba8-532d-4f70-b9fa-93743d652194.jpg?aki_policy=large"", ""https://a0.muscache.com/im/pictures/75ca9a0b-e81f-4e50-85aa-4aacece81f28.jpg?aki_policy=large"", ""https://a0.muscache.com/im/pictures/9c915354-5e7a-4485-9e1c-88d038f1a8dc.jpg?aki_policy=large"", ""https://a0.muscache.com/im/pictures/10c3b405-9575-4651-a310-06c2062d1e5f.jpg?aki_policy=large"", ""https://a0.muscache.com/im/pictures/0c393aa5-78cc-4b77-aa0c-5239a3446276.jpg?aki_policy=large"", ""https://a0.muscache.com/im/pictures/f7dda6e4-3790-46a9-a970-846768093241.jpg?aki_policy=large"", ""https://a0.muscache.com/im/pictures/9e5fb06d-dc13-418b-9f45-d7bc5a8c2462.jpg?aki_policy=large"", ""https://a0.muscache.com/im/pictures/e614bec2-80e1-42c7-aa3c-c1d275841e5e.jpg?aki_policy=large"", ""https://a0.muscache.com/im/pictures/8305e667-f8ef-45be-82b1-e074351cb0f9.jpg?aki_policy=large"", ""https://a0.muscache.com/im/pictures/269464d2-ae5b-4aa0-a9fc-bc7a4e752c34.jpg?aki_policy=large"", ""https://a0.muscache.com/im/pictures/6a8206d2-d2ac-4f65-9e32-d07494be6b17.jpg?aki_policy=large"", ""https://a0.muscache.com/im/pictures/4d0883ca-a234-4fd9-8040-8362b3ad7d95.jpg?aki_policy=large"", ""https://a0.muscache.com/im/pictures/3c23b6c6-0b35-4dd9-9269-6febab499d94.jpg?aki_policy=large"", ""https://a0.muscache.com/im/pictures/e0d6aa0b-51b3-4115-9c1f-750e6ec27b38.jpg?aki_policy=large"", ""https://a0.muscache.com/im/pictures/0aa34d1f-5df7-420d-bea2-36bb01b7d0f6.jpg?aki_policy=large"", ""https://a0.muscache.com/im/pictures/014d2a96-f847-447b-b151-f8d4b4ec811d.jpg?aki_policy=large"", ""https://a0.muscache.com/im/pictures/4ce6063e-7eba-4d6d-a618-636a3c9f548e.jpg?aki_policy=large"", ""https://a0.muscache.com/im/pictures/4d206412-2273-4570-9bbb-1d546398f248.jpg?aki_policy=large"", ""https://a0.muscache.com/im/pictures/f9cccd2c-3fe0-415e-864f-e3fa5d01d75d.jpg?aki_policy=large"", ""https://a0.muscache.com/im/pictures/7ee1b49f-e9d1-4198-86f3-cb1470b10c3a.jpg?aki_policy=large"", ""https://a0.muscache.com/im/pictures/4332bc22-43ac-41b1-bdc3-c605b8db45b4.jpg?aki_policy=large"", ""https://a0.muscache.com/im/pictures/32749cec-6fdc-4a70-9d7d-80b9f001b40f.jpg?aki_policy=large"", ""https://a0.muscache.com/im/pictures/f8a35fbb-771b-42ad-b5ac-a95c3f1d2faa.jpg?aki_policy=large"", ""https://a0.muscache.com/im/pictures/579ce62e-4fee-499e-a0da-24fe8c0b37ba.jpg?aki_policy=large""]";"{""beds"": 3, ""bedrooms"": 2, ""bathrooms"": 1.0, ""amenity_ids"": [1, 33, 2, 34, 3, 35, 4, 36, 37, 39, 8, 40, 41, 43, 44, 45, 77, 46, 47, 85, 28, 30, 31], ""is_rebookable"": false, ""is_new_listing"": false, ""is_fully_refundable"": true, ""is_host_highly_rated"": true, ""is_business_travel_ready"": false}";"{""weekly_factor"": 0.94, ""monthly_factor"": 0.85}";1767;"";"{""is_superhost"": true}"
11084923;Opéra, Luxury  2 bedrooms, balcony;entire_home;Paris;2e arrondissement;48.8698254012;2.33627553078;6;"[""https://a0.muscache.com/im/pictures/0bd7d3b7-5551-4e1f-8a04-fca13f9e9d6f.jpg?aki_policy=large"", ""https://a0.muscache.com/im/pictures/93d13123-9206-4522-8d5b-370ccf1aa086.jpg?aki_policy=large"", ""https://a0.muscache.com/im/pictures/f81f4037-1da1-4499-b7fd-6acf52190c39.jpg?aki_policy=large"", ""https://a0.muscache.com/im/pictures/ac96a6b2-5546-400b-9d8d-6138cb9d9613.jpg?aki_policy=large"", ""https://a0.muscache.com/im/pictures/dc7466e0-53ae-4d5e-ab46-f7b8f0f9aaac.jpg?aki_policy=large"", ""https://a0.muscache.com/im/pictures/b02a33b9-ecbb-4b84-b645-d98e8b58a315.jpg?aki_policy=large"", ""https://a0.muscache.com/im/pictures/8e3ef975-95b5-41d5-85cc-55ce696b1463.jpg?aki_policy=large"", ""https://a0.muscache.com/im/pictures/ccb02b02-74e1-4d15-963c-a84fda4f232d.jpg?aki_policy=large"", ""https://a0.muscache.com/im/pictures/4b5d79f7-941a-42d4-9f41-39db5ef25c61.jpg?aki_policy=large"", ""https://a0.muscache.com/im/pictures/731863b9-a866-4692-ab91-ade894bc6092.jpg?aki_policy=large"", ""https://a0.muscache.com/im/pictures/088ce1f0-58b9-4ecb-8f4a-6965a831e12f.jpg?aki_policy=large"", ""https://a0.muscache.com/im/pictures/5499e8d0-9297-46a7-bbbe-db65cdea95dc.jpg?aki_policy=large"", ""https://a0.muscache.com/im/pictures/5188a574-1549-40e2-a35b-1e61bfb0dc42.jpg?aki_policy=large""]";"{""beds"": 3, ""bedrooms"": 2, ""bathrooms"": 1.0, ""amenity_ids"": [64, 1, 129, 3, 4, 70, 71, 8, 72, 73, 77, 21, 25, 28, 30, 31, 287, 33, 34, 35, 36, 39, 103, 40, 104, 41, 43, 44, 45, 46, 47, 61], ""is_rebookable"": false, ""is_new_listing"": false, ""is_fully_refundable"": true, ""is_host_highly_rated"": true, ""is_business_travel_ready"": false}";"{""weekly_factor"": 0.9, ""monthly_factor"": 0.75}";2499;"";"{""is_superhost"": true}"
11405806;Being a real parisian;entire_home;Paris;11e arrondissement;48.8559610213;2.38449030907;4;"[""https://a0.muscache.com/im/pictures/60c3da53-fe4b-446e-88a5-cb3421b205e5.jpg?aki_policy=large"", ""https://a0.muscache.com/im/pictures/8cab41db-c39a-4882-81b4-75c94e68eca1.jpg?aki_policy=large"", ""https://a0.muscache.com/im/pictures/c7c23c91-5ce9-48cf-a980-8a1f4af9bfd3.jpg?aki_policy=large"", ""https://a0.muscache.com/im/pictures/d8307c8c-e606-439a-bc1d-7eb913c75ab9.jpg?aki_policy=large"", ""https://a0.muscache.com/im/pictures/bee0c868-c13a-4ec7-8886-dc8697c98bd3.jpg?aki_policy=large"", ""https://a0.muscache.com/im/pictures/fb82cdca-391e-4c6f-b567-09178a964a5f.jpg?aki_policy=large"", ""https://a0.muscache.com/im/pictures/d76c8c24-94d2-4462-bf6d-c355a07ef56a.jpg?aki_policy=large"", ""https://a0.muscache.com/im/pictures/5a656c56-0d2e-448a-b903-1febbb4c2aac.jpg?aki_policy=large""]";"{""beds"": 2, ""bedrooms"": 1, ""bathrooms"": 1.0, ""amenity_ids"": [1, 33, 3, 35, 4, 36, 8, 40, 41, 43, 12, 44, 45, 46, 47, 30], ""is_rebookable"": false, ""is_new_listing"": false, ""is_fully_refundable"": true, ""is_host_highly_rated"": true, ""is_business_travel_ready"": false}";"{""weekly_factor"": 1.0, ""monthly_factor"": 1.0}";3466;"";"{""is_superhost"": false}"
11474242;Room in renovated apartment;private_room;Paris;Père Lachaise - Ménilmontant;48.8581431202;2.40046756057;2;"[""https://a0.muscache.com/im/pictures/dcd04076-4d30-4858-b73c-419eb36cd074.jpg?aki_policy=large"", ""https://a0.muscache.com/im/pictures/5ced61c2-aafb-4f89-a283-f6d0acfaea45.jpg?aki_policy=large"", ""https://a0.muscache.com/im/pictures/dcd00751-39bb-4420-994a-351adff23ba7.jpg?aki_policy=large"", ""https://a0.muscache.com/im/pictures/97653ed6-449d-4c88-9a2c-6686b77f4655.jpg?aki_policy=large"", ""https://a0.muscache.com/im/pictures/029d2eef-8beb-4d58-9a91-47869dbe5001.jpg?aki_policy=large"", ""https://a0.muscache.com/im/pictures/f2764722-d5f5-48fc-8e80-bf09909b58a1.jpg?aki_policy=large""]";"{""beds"": 1, ""bedrooms"": 1, ""bathrooms"": 1.0, ""amenity_ids"": [1, 33, 129, 3, 35, 4, 8, 40, 43, 44, 45, 77, 46, 49, 50, 28, 30], ""is_rebookable"": false, ""is_new_listing"": false, ""is_fully_refundable"": true, ""is_host_highly_rated"": true, ""is_business_travel_ready"": false}";"{""weekly_factor"": 0.95, ""monthly_factor"": 0.95}";4332;"";"{""is_superhost"": true}"
11568981;Luxury apartment I - Marais AREA;entire_home;Paris;"";48.8581875501;2.35306460572;6;"[""https://a0.muscache.com/im/pictures/96f96598-c786-48bf-85b4-cffae2847857.jpg?aki_policy=large"", ""https://a0.muscache.com/im/pictures/967b63ec-79d9-4ccd-8fbc-7ec5b99fd585.jpg?aki_policy=large"", ""https://a0.muscache.com/im/pictures/f2fe0b42-83b9-485a-9969-b82dacc62408.jpg?aki_policy=large"", ""https://a0.muscache.com/im/pictures/fb9dd12d-4f81-403f-978f-fedcf27a2246.jpg?aki_policy=large"", ""https://a0.muscache.com/im/pictures/d9fcdf93-bbf3-4888-8c50-b4ed7afbdfe6.jpg?aki_policy=large"", ""https://a0.muscache.com/im/pictures/2b09cc00-0720-43e7-93a9-3616ee3b931d.jpg?aki_policy=large"", ""https://a0.muscache.com/im/pictures/407ac41a-ac12-4a8f-9632-d8b8d9a1347d.jpg?aki_policy=large"", ""https://a0.muscache.com/im/pictures/0c2ac31a-263f-45aa-8f9f-be027ff7f091.jpg?aki_policy=large"", ""https://a0.muscache.com/im/pictures/d4001bc8-7b26-4745-9636-9234e1080adf.jpg?aki_policy=large"", ""https://a0.muscache.com/im/pictures/9b2cc02c-77b3-49b8-8ce6-c9361af9c939.jpg?aki_policy=large"", ""https://a0.muscache.com/im/pictures/78fef61d-2429-41fb-9556-d3a24a461ffa.jpg?aki_policy=large"", ""https://a0.muscache.com/im/pictures/98b7545c-0420-484a-aa69-bc15a7ba6183.jpg?aki_policy=large"", ""https://a0.muscache.com/im/pictures/59e8da8a-1803-4182-9b76-2572311876dc.jpg?aki_policy=large"", ""https://a0.muscache.com/im/pictures/d8a89584-16be-43cb-9286-aaa70b9b8c17.jpg?aki_policy=large"", ""https://a0.muscache.com/im/pictures/c1e43d3d-4ea7-4761-af9d-553eba4c5135.jpg?aki_policy=large"", ""https://a0.muscache.com/im/pictures/70bd67c0-0164-4f93-8917-47a4817ffa83.jpg?aki_policy=large"", ""https://a0.muscache.com/im/pictures/086a09c6-53d6-4796-a4f1-0fa6aadf59ac.jpg?aki_policy=large"", ""https://a0.muscache.com/im/pictures/42e19552-d4bb-4f75-a7b5-e6af1e14d46a.jpg?aki_policy=large"", ""https://a0.muscache.com/im/pictures/0b4b9b20-ca3e-40fb-ab7e-9e08fb06dc82.jpg?aki_policy=large"", ""https://a0.muscache.com/im/pictures/51a93425-b474-4f9e-adc4-569a1e409afc.jpg?aki_policy=large"", ""https://a0.muscache.com/im/pictures/a92ce7de-4aef-49b4-87c3-f01c209e8f0a.jpg?aki_policy=large"", ""https://a0.muscache.com/im/pictures/921f8ae1-2add-4460-8703-d28c4b0cd7fb.jpg?aki_policy=large"", ""https://a0.muscache.com/im/pictures/c306f302-46f2-448d-995a-4a9514140dc2.jpg?aki_policy=large"", ""https://a0.muscache.com/im/pictures/c060958a-fe58-4448-8070-a88f000fc4dd.jpg?aki_policy=large"", ""https://a0.muscache.com/im/pictures/782890d7-8ed1-417a-a2fb-709abd5fb7c3.jpg?aki_policy=large"", ""https://a0.muscache.com/im/pictures/8a95a506-4987-4f0d-94c8-e9e785506a96.jpg?aki_policy=large"", ""https://a0.muscache.com/im/pictures/763dc5b6-9cb8-4a4f-80fd-ea895ee0e361.jpg?aki_policy=large"", ""https://a0.muscache.com/im/pictures/7bda0ffd-4d78-45d4-9448-baaf6cd4a22e.jpg?aki_policy=large"", ""https://a0.muscache.com/im/pictures/9f8c4ad2-c62f-4436-b631-d733049cf6c9.jpg?aki_policy=large"", ""https://a0.muscache.com/im/pictures/96ec1bcf-5b3b-4246-9a25-c67a30ff9c08.jpg?aki_policy=large""]";"{""beds"": 3, ""bedrooms"": 2, ""bathrooms"": 2.0, ""amenity_ids"": [1, 33, 3, 4, 5, 8, 40, 43, 44, 45, 46, 47, 21, 28, 30, 31], ""is_rebookable"": false, ""is_new_listing"": false, ""is_fully_refundable"": true, ""is_host_highly_rated"": true, ""is_business_travel_ready"": false}";"{""weekly_factor"": 1.0, ""monthly_factor"": 1.0}";6825;"";"{""is_superhost"": false}"
11726520;Luxurious Marais-Flat Picassomuseum;entire_home;Paris;Le Marais;48.8602425074;2.36220183558;4;"[""https://a0.muscache.com/im/pictures/05b5439d-2af6-4b12-99e0-2650340a46a7.jpg?aki_policy=large"", ""https://a0.muscache.com/im/pictures/29fab69a-4f37-4a48-954f-ace0782511a1.jpg?aki_policy=large"", ""https://a0.muscache.com/im/pictures/eb8892bd-3f3f-4893-946b-a5a1b1e544f6.jpg?aki_policy=large"", ""https://a0.muscache.com/im/pictures/7e928305-d29e-4d20-9516-2183cd6b3ce7.jpg?aki_policy=large"", ""https://a0.muscache.com/im/pictures/d904ff19-ab09-4d9c-a7f7-4464afee009c.jpg?aki_policy=large"", ""https://a0.muscache.com/im/pictures/14b9345f-aab3-4dec-b41f-e888502c8ae9.jpg?aki_policy=large"", ""https://a0.muscache.com/im/pictures/5cdfd220-dbf2-4ad4-b56f-d900a3388bcd.jpg?aki_policy=large"", ""https://a0.muscache.com/im/pictures/293db67d-839c-4c53-b4e8-ac63031797a1.jpg?aki_policy=large"", ""https://a0.muscache.com/im/pictures/a618453d-0764-44f7-a42d-e53df09c82a1.jpg?aki_policy=large"", ""https://a0.muscache.com/im/pictures/d5177b2c-d1b5-4af8-9619-d36ba3bd8fdd.jpg?aki_policy=large"", ""https://a0.muscache.com/im/pictures/a69a6670-a976-4590-8250-4a0dd80ea84c.jpg?aki_policy=large"", ""https://a0.muscache.com/im/pictures/938cdd6b-5d7f-435b-86c8-84f6fc215c6a.jpg?aki_policy=large"", ""https://a0.muscache.com/im/pictures/946b05ee-9d8a-485e-a325-059c838d47d4.jpg?aki_policy=large""]";"{""beds"": 2, ""bedrooms"": 1, ""bathrooms"": 2.0, ""amenity_ids"": [1, 33, 34, 35, 4, 36, 8, 40, 41, 43, 44, 45, 46, 47, 51, 53, 54, 27, 30], ""is_rebookable"": false, ""is_new_listing"": false, ""is_fully_refundable"": true, ""is_host_highly_rated"": true, ""is_business_travel_ready"": false}";"{""weekly_factor"": 0.8, ""monthly_factor"": 0.7}";4391;"";"{""is_superhost"": false}"
11731576;ARC DE TRIOMPHE;entire_home;Paris;Ternes;48.8791795573;2.29615308184;4;"[""https://a0.muscache.com/im/pictures/0853641f-168a-43e9-b81b-916f88c88f1b.jpg?aki_policy=large"", ""https://a0.muscache.com/im/pictures/0b134811-74c8-465f-9520-6ee6128c8285.jpg?aki_policy=large"", ""https://a0.muscache.com/im/pictures/f2634598-b628-4fc3-9cd1-d6d649e172ba.jpg?aki_policy=large"", ""https://a0.muscache.com/im/pictures/ea578966-ad37-48b2-bedd-50e97fd9c8e2.jpg?aki_policy=large"", ""https://a0.muscache.com/im/pictures/3d99a5fc-17c1-49f4-81d2-4412fd3fc761.jpg?aki_policy=large""]";"{""beds"": 2, ""bedrooms"": 1, ""bathrooms"": 1.0, ""amenity_ids"": [1, 33, 2, 3, 4, 21, 8, 40, 28, 45, 30, 46], ""is_rebookable"": false, ""is_new_listing"": false, ""is_fully_refundable"": true, ""is_host_highly_rated"": false, ""is_business_travel_ready"": false}";"{""weekly_factor"": 0.8, ""monthly_factor"": 0.65}";3491;"";"{""is_superhost"": false}"
11768716;Beautiful room in Aligre / Bastille;private_room;Paris;"";48.8487428571;2.37656545221;1;"[""https://a0.muscache.com/im/pictures/f13ffdcf-bbd9-4ea2-8391-6e47b276ff4e.jpg?aki_policy=large"", ""https://a0.muscache.com/im/pictures/3726b16b-0df2-45ed-bc3e-d0760d45269b.jpg?aki_policy=large"", ""https://a0.muscache.com/im/pictures/a0293eca-c903-4eea-977c-4b522fa7bb7e.jpg?aki_policy=large"", ""https://a0.muscache.com/im/pictures/7ccf7858-8576-4e24-a1dc-8c53ebe12272.jpg?aki_policy=large"", ""https://a0.muscache.com/im/pictures/454bc3f5-f1a5-4d57-a07f-b750976c8dd4.jpg?aki_policy=large"", ""https://a0.muscache.com/im/pictures/4df1e1dc-792f-4469-ad62-0ec969117775.jpg?aki_policy=large"", ""https://a0.muscache.com/im/pictures/408e14f6-9f80-4149-b825-19f8b19105a8.jpg?aki_policy=large"", ""https://a0.muscache.com/im/pictures/e3717c24-c116-49f8-a136-f9d5039a51a4.jpg?aki_policy=large"", ""https://a0.muscache.com/im/pictures/84f6987d-2234-437c-a96e-8a6a4492d8d4.jpg?aki_policy=large"", ""https://a0.muscache.com/im/pictures/509cf543-076b-4166-bfac-9f87e0c39069.jpg?aki_policy=large"", ""https://a0.muscache.com/im/pictures/5bb1ab45-3d45-4073-a770-67893228cc8a.jpg?aki_policy=large"", ""https://a0.muscache.com/im/pictures/66b2854e-06a0-40d5-838a-7366e8f4ed8e.jpg?aki_policy=large"", ""https://a0.muscache.com/im/pictures/ddd8dfb3-79cd-42eb-8348-bcaedce01c57.jpg?aki_policy=large"", ""https://a0.muscache.com/im/pictures/fbe09c3e-a01c-4836-a150-0c84f5f3273f.jpg?aki_policy=large"", ""https://a0.muscache.com/im/pictures/897f6ab6-6be6-4106-92d1-5490679445bd.jpg?aki_policy=large"", ""https://a0.muscache.com/im/pictures/4a50a6cf-1ef2-46b1-a4aa-4583b8428847.jpg?aki_policy=large"", ""https://a0.muscache.com/im/pictures/4f66793f-96ef-4b23-a698-c5acb604a451.jpg?aki_policy=large"", ""https://a0.muscache.com/im/pictures/465a0c83-25e2-489f-8b87-fefa18a19647.jpg?aki_policy=large"", ""https://a0.muscache.com/im/pictures/6301750b-fe90-4ba2-a4c7-4cb9bb046440.jpg?aki_policy=large"", ""https://a0.muscache.com/im/pictures/127516aa-c0f8-4a15-9ca4-179eb9123110.jpg?aki_policy=large""]";"{""beds"": 1, ""bedrooms"": 1, ""bathrooms"": 1.0, ""amenity_ids"": [35, 4, 21, 8, 40, 44, 45, 30, 47], ""is_rebookable"": false, ""is_new_listing"": false, ""is_fully_refundable"": true, ""is_host_highly_rated"": true, ""is_business_travel_ready"": false}";"{""weekly_factor"": 1.0, ""monthly_factor"": 1.0}";6702;"";"{""is_superhost"": false}"
11769445;Amazing flat in the heart of Paris;entire_home;Paris;Châtelet - Les Halles - Beaubourg;48.8676214531;2.34562449945;2;"[""https://a0.muscache.com/im/pictures/12d1708d-7cb7-4c3d-861d-e0724d113de8.jpg?aki_policy=large"", ""https://a0.muscache.com/im/pictures/2945e620-333e-46b0-9f49-7c7b781953fd.jpg?aki_policy=large"", ""https://a0.muscache.com/im/pictures/a174f125-3243-45cc-8332-5877a31df6cb.jpg?aki_policy=large"", ""https://a0.muscache.com/im/pictures/3e312cc1-9a9e-4ef8-8ea5-4d84c592d459.jpg?aki_policy=large"", ""https://a0.muscache.com/im/pictures/cb856da9-8877-425a-85d2-c07f9d7bd0c7.jpg?aki_policy=large"", ""https://a0.muscache.com/im/pictures/8332c083-532d-4a35-bc3d-affdbc62093c.jpg?aki_policy=large"", ""https://a0.muscache.com/im/pictures/9c105e3f-1009-47f3-ab30-ee5900b4a7da.jpg?aki_policy=large"", ""https://a0.muscache.com/im/pictures/e53746c2-093d-4367-9859-f77ae7ab2209.jpg?aki_policy=large"", ""https://a0.muscache.com/im/pictures/8236bf0e-cf75-4dbb-b78a-3f92fa82ccca.jpg?aki_policy=large"", ""https://a0.muscache.com/im/pictures/76fd0f16-c515-4d80-95c5-59e79569258e.jpg?aki_policy=large"", ""https://a0.muscache.com/im/pictures/1736f82d-f155-4233-8979-0afbdc75918d.jpg?aki_policy=large"", ""https://a0.muscache.com/im/pictures/2efac780-75dc-476e-8f17-3d564bb457a3.jpg?aki_policy=large""]";"{""beds"": 1, ""bedrooms"": 1, ""bathrooms"": 1.0, ""amenity_ids"": [1, 33, 3, 131, 4, 103, 8, 40, 104, 41, 10, 43, 44, 45, 77, 46, 47, 49, 50, 21, 30], ""is_rebookable"": false, ""is_new_listing"": false, ""is_fully_refundable"": true, ""is_host_highly_rated"": true, ""is_business_travel_ready"": false}";"{""weekly_factor"": 1.0, ""monthly_factor"": 0.9}";3420;"";"{""is_superhost"": true}"
11957644;2-Rooms Flat 35m2 Paris 11th;entire_home;Paris;République;48.8658974413;2.37200257294;4;"[""https://a0.muscache.com/im/pictures/a6821795-c8ce-4760-b23e-9bb375759f49.jpg?aki_policy=large"", ""https://a0.muscache.com/im/pictures/3867c044-2829-423a-90a9-b7c529f0d832.jpg?aki_policy=large"", ""https://a0.muscache.com/im/pictures/9744b8fb-3af0-4198-a66d-cec3ddfcffd5.jpg?aki_policy=large"", ""https://a0.muscache.com/im/pictures/0840ec1c-fb71-4947-ace2-eb9b241bb6af.jpg?aki_policy=large"", ""https://a0.muscache.com/im/pictures/9e3c868f-f4cc-4509-9f1a-0f69ddfe0586.jpg?aki_policy=large"", ""https://a0.muscache.com/im/pictures/1523fa59-7ebd-47d0-9960-2fb5290385c3.jpg?aki_policy=large"", ""https://a0.muscache.com/im/pictures/3fc8d939-41e4-484b-b4ac-44433bba54e0.jpg?aki_policy=large"", ""https://a0.muscache.com/im/pictures/034c10d3-5b90-407a-8f76-30596b74a79e.jpg?aki_policy=large"", ""https://a0.muscache.com/im/pictures/453f9b51-c24c-4e26-bf6c-491d470af698.jpg?aki_policy=large"", ""https://a0.muscache.com/im/pictures/a6866bf7-0557-45d9-bf6f-01cd85287e1b.jpg?aki_policy=large"", ""https://a0.muscache.com/im/pictures/4d9a2060-b819-46e3-af11-6058f8849775.jpg?aki_policy=large"", ""https://a0.muscache.com/im/pictures/d61aac95-0f0f-4f16-ba40-eb5828a32dfc.jpg?aki_policy=large"", ""https://a0.muscache.com/im/pictures/b4b57e49-51c1-4660-9278-60cf7437bc24.jpg?aki_policy=large"", ""https://a0.muscache.com/im/pictures/21611403-3716-4526-b400-6857918260aa.jpg?aki_policy=large"", ""https://a0.muscache.com/im/pictures/6166ddb6-b7f6-4d93-b313-4098d84353cc.jpg?aki_policy=large"", ""https://a0.muscache.com/im/pictures/e49abe9d-679d-4763-bb05-60656ef68784.jpg?aki_policy=large"", ""https://a0.muscache.com/im/pictures/41c227c5-7916-4163-b0d4-3b6ec8d9fb65.jpg?aki_policy=large""]";"{""beds"": 2, ""bedrooms"": 1, ""bathrooms"": 1.0, ""amenity_ids"": [1, 33, 2, 3, 4, 8, 40, 41, 11, 47, 50, 30, 31], ""is_rebookable"": false, ""is_new_listing"": false, ""is_fully_refundable"": true, ""is_host_highly_rated"": false, ""is_business_travel_ready"": false}";"{""weekly_factor"": 0.88, ""monthly_factor"": 0.85}";5587;"";"{""is_superhost"": false}"
11960966;Last floor build. Marriott Champs-Elysées- Berri.;entire_home;Paris-8E-Arrondissement;Champs-Elysées;48.8737795533;2.30419228359;6;"[""https://a0.muscache.com/im/pictures/1657fed1-d2bc-4b55-b697-b5a3c51fafbd.jpg?aki_policy=large"", ""https://a0.muscache.com/im/pictures/b874588a-50ab-46e9-90eb-ec50654ec597.jpg?aki_policy=large"", ""https://a0.muscache.com/im/pictures/79deef90-897a-4b4c-8a95-3ab9a16c0bfe.jpg?aki_policy=large"", ""https://a0.muscache.com/im/pictures/db0fb240-fc48-411a-9502-fc36c08d4db1.jpg?aki_policy=large"", ""https://a0.muscache.com/im/pictures/ee884a9f-b7c3-419a-ac99-1c89472fc419.jpg?aki_policy=large"", ""https://a0.muscache.com/im/pictures/c670fd60-150b-4d57-9e30-63f28ebe1f31.jpg?aki_policy=large"", ""https://a0.muscache.com/im/pictures/921c84fa-cb9f-4a65-ae4d-a28280e46d55.jpg?aki_policy=large"", ""https://a0.muscache.com/im/pictures/1ad2e548-0cbe-4943-9fdd-55df473220d9.jpg?aki_policy=large"", ""https://a0.muscache.com/im/pictures/647c5ed9-f06c-4937-b7f5-beca3f868d5f.jpg?aki_policy=large"", ""https://a0.muscache.com/im/pictures/40f94793-c533-4844-a2cd-d6f07a50d383.jpg?aki_policy=large"", ""https://a0.muscache.com/im/pictures/a490836e-26ed-4ec6-a143-2bfd80e5d107.jpg?aki_policy=large"", ""https://a0.muscache.com/im/pictures/d564cadc-c759-40fb-9541-4638b264f4cc.jpg?aki_policy=large"", ""https://a0.muscache.com/im/pictures/1bcce52e-a5ec-48e9-a290-fffad0a36575.jpg?aki_policy=large"", ""https://a0.muscache.com/im/pictures/3a5d4d5c-3d14-4c5d-b14d-19dc6dd14702.jpg?aki_policy=large"", ""https://a0.muscache.com/im/pictures/bc185b9e-9ddb-49ed-8b9d-0adfc14aee30.jpg?aki_policy=large"", ""https://a0.muscache.com/im/pictures/44d6029f-1c06-4e91-a0ce-f0856ccff3c4.jpg?aki_policy=large"", ""https://a0.muscache.com/im/pictures/a367979f-3eb1-4449-9ea9-bd41073a1cc9.jpg?aki_policy=large"", ""https://a0.muscache.com/im/pictures/2d4ab6ca-dafb-4365-9a25-db9bdfb3368a.jpg?aki_policy=large"", ""https://a0.muscache.com/im/pictures/a317daac-5d84-45bb-824d-ba94c2d259d2.jpg?aki_policy=large"", ""https://a0.muscache.com/im/pictures/d14af71a-9ffc-426f-a20d-af4842be0272.jpg?aki_policy=large"", ""https://a0.muscache.com/im/pictures/0560116f-e58b-44a0-a7db-218c1e55860c.jpg?aki_policy=large"", ""https://a0.muscache.com/im/pictures/d3111c21-a6d8-4b98-a131-79caf0eb741e.jpg?aki_policy=large"", ""https://a0.muscache.com/im/pictures/be5b6ae5-824b-458c-9a71-134f25bdf64a.jpg?aki_policy=large"", ""https://a0.muscache.com/im/pictures/cfd31ced-db69-4cf5-b228-1ac5cf4868a0.jpg?aki_policy=large"", ""https://a0.muscache.com/im/pictures/c902a153-9aa2-4ee1-ac24-bf215fa94df0.jpg?aki_policy=large"", ""https://a0.muscache.com/im/pictures/607883e9-c5f1-4d4f-affe-cb5b4479b541.jpg?aki_policy=large"", ""https://a0.muscache.com/im/pictures/8435fa16-131c-4676-af8a-b297f9af5c8b.jpg?aki_policy=large"", ""https://a0.muscache.com/im/pictures/186d5658-076f-48cd-b946-e3b2a71b1f6e.jpg?aki_policy=large"", ""https://a0.muscache.com/im/pictures/96d35b89-31c0-43b2-b7ee-54d92c49b211.jpg?aki_policy=large"", ""https://a0.muscache.com/im/pictures/3c3edde4-fac5-4f88-ae42-22cef78dc926.jpg?aki_policy=large""]";"{""beds"": 3, ""bedrooms"": 3, ""bathrooms"": 3.5, ""amenity_ids"": [1, 129, 2, 4, 5, 8, 9, 11, 12, 15, 17, 18, 19, 21, 25, 30, 31, 33, 34, 35, 36, 39, 40, 41, 44, 45, 46, 47, 61, 64, 66, 67, 71, 72, 73, 77, 85, 86, 89, 90, 91, 92, 93, 94, 95, 96, 97, 100, 103, 104, 109, 111, 112, 113], ""is_rebookable"": false, ""is_new_listing"": false, ""is_fully_refundable"": true, ""is_host_highly_rated"": true, ""is_business_travel_ready"": false}";"{""weekly_factor"": 1.0, ""monthly_factor"": 1.0}";647;"";"{""is_superhost"": false}"
11984821;Huge 140 m2  3Br center of Paris;entire_home;Paris;2e arrondissement;48.8689573657;2.35263203395;8;"[""https://a0.muscache.com/im/pictures/d3706232-6b23-4c73-b1c4-1cd148431379.jpg?aki_policy=large"", ""https://a0.muscache.com/im/pictures/f4562268-3c40-4c8e-ac81-a48279e0faeb.jpg?aki_policy=large"", ""https://a0.muscache.com/im/pictures/8708c165-b6cf-48cf-ae78-4c01882ef9f9.jpg?aki_policy=large"", ""https://a0.muscache.com/im/pictures/87fb98dc-0f9a-49c5-a38a-bc0986dbb93f.jpg?aki_policy=large"", ""https://a0.muscache.com/im/pictures/f0607103-c89a-46ee-838f-67eea8d773a2.jpg?aki_policy=large"", ""https://a0.muscache.com/im/pictures/07373b8e-99af-42a5-bd2a-32dcf7ca6ddf.jpg?aki_policy=large"", ""https://a0.muscache.com/im/pictures/ca24fe3c-22a6-487e-8046-2c5a2c91e6a3.jpg?aki_policy=large"", ""https://a0.muscache.com/im/pictures/78bdad09-2df7-4792-bc1f-fb9dde0a4738.jpg?aki_policy=large"", ""https://a0.muscache.com/im/pictures/180c6e34-6463-4cfe-9ca2-a9e087efb400.jpg?aki_policy=large"", ""https://a0.muscache.com/im/pictures/fa44cec9-8bff-429a-b4a6-8faf8af46852.jpg?aki_policy=large"", ""https://a0.muscache.com/im/pictures/e7c98837-9005-4d06-8b86-03009e5015e8.jpg?aki_policy=large"", ""https://a0.muscache.com/im/pictures/b25efaff-6465-4f40-a99d-fe1851c8a96b.jpg?aki_policy=large"", ""https://a0.muscache.com/im/pictures/93927549-9372-4ffb-8336-6d14c0d742b3.jpg?aki_policy=large"", ""https://a0.muscache.com/im/pictures/2968d6ff-311c-4e5b-aea3-b3416d5dfbbf.jpg?aki_policy=large"", ""https://a0.muscache.com/im/pictures/21301ab6-e506-4312-8e8b-626c883be4d8.jpg?aki_policy=large"", ""https://a0.muscache.com/im/pictures/b0b9e58c-6c17-4af1-9276-8c08b72b443a.jpg?aki_policy=large"", ""https://a0.muscache.com/im/pictures/fd98f383-7535-42c3-a846-2edc7a10a1a0.jpg?aki_policy=large"", ""https://a0.muscache.com/im/pictures/63485401-12f1-4463-a322-61e67b94f8e2.jpg?aki_policy=large"", ""https://a0.muscache.com/im/pictures/16dc4eb6-4ecf-4624-909d-b7c46543cba7.jpg?aki_policy=large"", ""https://a0.muscache.com/im/pictures/d8a34e39-d5e1-420b-ba2c-46c9c5e9f26e.jpg?aki_policy=large"", ""https://a0.muscache.com/im/pictures/3fe38a1a-3fd3-4610-bb8a-34474771f467.jpg?aki_policy=large"", ""https://a0.muscache.com/im/pictures/985b1a1d-909a-4507-b38d-97a8033b3a82.jpg?aki_policy=large"", ""https://a0.muscache.com/im/pictures/44097e89-8b22-40a2-bd14-3079fbd0034b.jpg?aki_policy=large"", ""https://a0.muscache.com/im/pictures/83cf11ac-68ea-49ed-a336-bf2f4f4ae8b3.jpg?aki_policy=large"", ""https://a0.muscache.com/im/pictures/f440b4e8-441c-4b42-a1ce-57a98a9c7fe7.jpg?aki_policy=large"", ""https://a0.muscache.com/im/pictures/e9d55a9f-b658-4f8d-8b6d-b1b51c387e14.jpg?aki_policy=large"", ""https://a0.muscache.com/im/pictures/bb57781a-de48-40df-a3c7-f5c7a37bb8ff.jpg?aki_policy=large"", ""https://a0.muscache.com/im/pictures/46607103-5bca-4d49-8778-bc8e774bfeb2.jpg?aki_policy=large"", ""https://a0.muscache.com/im/pictures/4c6311b7-dd9b-4044-a3f6-fd6afc4cf133.jpg?aki_policy=large"", ""https://a0.muscache.com/im/pictures/7bd79b00-33f5-4b8d-b0ec-9c9fe83a1a0c.jpg?aki_policy=large""]";"{""beds"": 3, ""bedrooms"": 3, ""bathrooms"": 2.0, ""amenity_ids"": [64, 1, 2, 3, 67, 4, 8, 72, 77, 21, 85, 86, 87, 88, 89, 90, 27, 91, 28, 92, 93, 30, 94, 31, 95, 96, 33, 34, 98, 35, 40, 41, 43, 44, 45, 46, 47, 112, 115, 116, 119, 120, 61, 62], ""is_rebookable"": false, ""is_new_listing"": false, ""is_fully_refundable"": true, ""is_host_highly_rated"": true, ""is_business_travel_ready"": false}";"{""weekly_factor"": 1.0, ""monthly_factor"": 1.0}";3664;"";"{""is_superhost"": true}"
12002855;Dans véritable appartement Parisien trés lumineux;private_room;Paris;République;48.8645943384;2.36879135558;2;"[""https://a0.muscache.com/im/pictures/d7f33762-bd19-4b4f-ba12-99aa2b1faaf5.jpg?aki_policy=large"", ""https://a0.muscache.com/im/pictures/12cf45ed-c88c-472c-970f-7bdb23f9bf0a.jpg?aki_policy=large"", ""https://a0.muscache.com/im/pictures/99469e16-b68e-46b4-b3d8-1191a690aa4b.jpg?aki_policy=large"", ""https://a0.muscache.com/im/pictures/c5b628d1-e6ab-4dbb-b12e-aec0494a3c1c.jpg?aki_policy=large"", ""https://a0.muscache.com/im/pictures/d94b7d4a-a594-43eb-a553-1d87f59c1bec.jpg?aki_policy=large"", ""https://a0.muscache.com/im/pictures/027e44c0-9321-4dcc-bf77-c5161441726f.jpg?aki_policy=large"", ""https://a0.muscache.com/im/pictures/78cb6057-679d-4137-9031-13e25299d258.jpg?aki_policy=large"", ""https://a0.muscache.com/im/pictures/787231c3-6508-44ac-98d0-6d1fe340d440.jpg?aki_policy=large"", ""https://a0.muscache.com/im/pictures/18c393c8-95ea-46cb-8d36-8b58165ace06.jpg?aki_policy=large"", ""https://a0.muscache.com/im/pictures/d9072cdc-fb2b-403e-b6f9-3c5212aaf547.jpg?aki_policy=large"", ""https://a0.muscache.com/im/pictures/29dd8d3a-9b4e-43d9-9c3f-44fe32a8a891.jpg?aki_policy=large"", ""https://a0.muscache.com/im/pictures/10e1ebf8-1802-4697-9d99-bfd7454f5e30.jpg?aki_policy=large"", ""https://a0.muscache.com/im/pictures/9cf63a80-b65d-43a7-bd0e-4c7e454529fd.jpg?aki_policy=large""]";"{""beds"": 1, ""bedrooms"": 1, ""bathrooms"": 1.0, ""amenity_ids"": [1, 33, 129, 3, 35, 4, 37, 8, 40, 41, 43, 44, 45, 77, 46, 21, 27, 28, 30, 31], ""is_rebookable"": false, ""is_new_listing"": false, ""is_fully_refundable"": true, ""is_host_highly_rated"": true, ""is_business_travel_ready"": false}";"{""weekly_factor"": 1.0, ""monthly_factor"": 1.0}";7632;"";"{""is_superhost"": false}"
12118573;Flaner rue de la Paix;entire_home;Paris;2e arrondissement;48.8694165507;2.33221857695;7;"[""https://a0.muscache.com/im/pictures/03b14c2b-e15b-4830-bfd3-09c3d5745507.jpg?aki_policy=large"", ""https://a0.muscache.com/im/pictures/e4416c17-ad8d-451c-9acb-6a94ab0568dc.jpg?aki_policy=large"", ""https://a0.muscache.com/im/pictures/089581bb-63fe-48c2-899f-f3755308e96f.jpg?aki_policy=large"", ""https://a0.muscache.com/im/pictures/fac24772-c91b-4b44-98b9-aaa7a4d821af.jpg?aki_policy=large"", ""https://a0.muscache.com/im/pictures/c6518f53-1b3d-4db2-b89f-5479fac7d697.jpg?aki_policy=large"", ""https://a0.muscache.com/im/pictures/c0d94459-d14e-47b9-bf10-ad307949535d.jpg?aki_policy=large"", ""https://a0.muscache.com/im/pictures/0fbd254b-5ea5-4e8f-9071-b5f58fb56c4f.jpg?aki_policy=large"", ""https://a0.muscache.com/im/pictures/b6fc8733-caa7-4e76-97cc-2304e22159d5.jpg?aki_policy=large"", ""https://a0.muscache.com/im/pictures/6ca82c49-757a-430f-ac89-8f9b48ea8146.jpg?aki_policy=large"", ""https://a0.muscache.com/im/pictures/d10ba141-43eb-40e5-9e32-883d166e1209.jpg?aki_policy=large"", ""https://a0.muscache.com/im/pictures/fbcc3426-f372-457f-a22f-8895ae7f53d3.jpg?aki_policy=large"", ""https://a0.muscache.com/im/pictures/ef551e89-5b29-4214-9436-05ba7a17ce14.jpg?aki_policy=large"", ""https://a0.muscache.com/im/pictures/128899c7-2ccc-4c83-a12d-de57b23629dc.jpg?aki_policy=large"", ""https://a0.muscache.com/im/pictures/ff83a5d2-c849-4862-8ffe-bf6c063a1983.jpg?aki_policy=large"", ""https://a0.muscache.com/im/pictures/93897897-0c57-4f12-a741-84f85284ce07.jpg?aki_policy=large"", ""https://a0.muscache.com/im/pictures/26706d22-20d2-4f06-84d8-e2b603552bac.jpg?aki_policy=large"", ""https://a0.muscache.com/im/pictures/af3cab02-1bfd-40e3-8abc-d02c5996e08b.jpg?aki_policy=large"", ""https://a0.muscache.com/im/pictures/3fc9470a-eabd-4e80-9413-3973aad50575.jpg?aki_policy=large"", ""https://a0.muscache.com/im/pictures/e9db250f-d685-42fe-b205-500e52e2a1cc.jpg?aki_policy=large"", ""https://a0.muscache.com/im/pictures/a6a51c75-c949-48db-a33a-9f8a9f2a6765.jpg?aki_policy=large"", ""https://a0.muscache.com/im/pictures/6d4897d5-cc79-486a-8775-6e34a3ac80ab.jpg?aki_policy=large"", ""https://a0.muscache.com/im/pictures/6b1b36bc-e339-4436-851d-67229ac7ae50.jpg?aki_policy=large"", ""https://a0.muscache.com/im/pictures/407af9a9-3d61-432d-8b5d-a3df3b88c7b0.jpg?aki_policy=large"", ""https://a0.muscache.com/im/pictures/32346cbe-6a19-4793-ba0a-2fc173bae222.jpg?aki_policy=large"", ""https://a0.muscache.com/im/pictures/7a437123-b07b-436a-a1fe-464671aaccea.jpg?aki_policy=large"", ""https://a0.muscache.com/im/pictures/97a2c5d1-b8a9-40ab-a004-85fe7532ffae.jpg?aki_policy=large"", ""https://a0.muscache.com/im/pictures/bc55e874-e01f-4f49-a4ae-300393a73244.jpg?aki_policy=large"", ""https://a0.muscache.com/im/pictures/fd8343cc-71fa-4b8f-9601-389b3caec3d9.jpg?aki_policy=large"", ""https://a0.muscache.com/im/pictures/da4505c1-3519-4273-b3df-64a1d5cbc128.jpg?aki_policy=large"", ""https://a0.muscache.com/im/pictures/4a0dcebc-e4f0-4f3d-881c-e33f6b5c9dd8.jpg?aki_policy=large""]";"{""beds"": 5, ""bedrooms"": 3, ""bathrooms"": 1.0, ""amenity_ids"": [64, 1, 129, 2, 3, 4, 70, 71, 8, 77, 21, 85, 86, 87, 88, 89, 90, 27, 91, 93, 30, 94, 31, 95, 96, 33, 34, 35, 36, 103, 40, 104, 41, 43, 44, 45, 46, 47, 57, 60, 61, 62], ""is_rebookable"": false, ""is_new_listing"": false, ""is_fully_refundable"": true, ""is_host_highly_rated"": true, ""is_business_travel_ready"": false}";"{""weekly_factor"": 0.92, ""monthly_factor"": 0.85}";4754;"";"{""is_superhost"": false}"
12171893;Studio avec terrasse South Colonel Fabien (Soco);entire_home;Paris;10e arrondissement;48.8730798448;2.3694985701;2;"[""https://a0.muscache.com/im/pictures/6d242160-2acf-4eb7-abb2-8d176535d843.jpg?aki_policy=large"", ""https://a0.muscache.com/im/pictures/c96ea574-b904-425d-afde-35dda3187646.jpg?aki_policy=large"", ""https://a0.muscache.com/im/pictures/5009b9bb-b09d-42ae-a8a5-811bad177931.jpg?aki_policy=large"", ""https://a0.muscache.com/im/pictures/dc807f2a-8f51-4b75-8cdb-68242b0e3f75.jpg?aki_policy=large"", ""https://a0.muscache.com/im/pictures/db022619-f4e4-4c56-bf3e-c07c167f97e9.jpg?aki_policy=large""]";"{""beds"": 1, ""bedrooms"": 0, ""bathrooms"": 1.0, ""amenity_ids"": [1, 33, 2, 3, 131, 4, 8, 40, 41, 10, 11, 43, 12, 44, 77, 46, 21, 30], ""is_rebookable"": false, ""is_new_listing"": false, ""is_fully_refundable"": true, ""is_host_highly_rated"": false, ""is_business_travel_ready"": false}";"{""weekly_factor"": 0.9, ""monthly_factor"": 0.8}";5197;"";"{""is_superhost"": false}"
12214909;★Appartement charmant - Notre-Dame;entire_home;Paris;Notre Dame - Ile de La Cité;48.8524899152;2.34971056715;3;"[""https://a0.muscache.com/im/pictures/f76cb757-0986-4e2e-ac49-79a39ac573a7.jpg?aki_policy=large"", ""https://a0.muscache.com/im/pictures/3106a1e1-72d4-4cd6-81d4-e199f7b04613.jpg?aki_policy=large"", ""https://a0.muscache.com/im/pictures/b09dc5a4-6802-484e-aca0-8bc6185b5ca9.jpg?aki_policy=large"", ""https://a0.muscache.com/im/pictures/65ec7b90-5850-4599-91f9-d23e4386fe98.jpg?aki_policy=large"", ""https://a0.muscache.com/im/pictures/75b35626-05f2-4b70-99b8-d7f08fa0585d.jpg?aki_policy=large"", ""https://a0.muscache.com/im/pictures/b11e47f2-fb78-4176-8221-d838cc8a9fb9.jpg?aki_policy=large"", ""https://a0.muscache.com/im/pictures/d654de30-db19-4f71-9214-6ccfc8830e42.jpg?aki_policy=large"", ""https://a0.muscache.com/im/pictures/7c33367e-dc6d-44de-86ee-128236bc3992.jpg?aki_policy=large"", ""https://a0.muscache.com/im/pictures/bed19310-5a9e-4ce1-8a94-2caff160af9c.jpg?aki_policy=large"", ""https://a0.muscache.com/im/pictures/a1618412-2425-4130-9192-d53cdb401a67.jpg?aki_policy=large"", ""https://a0.muscache.com/im/pictures/3670a930-16d2-4b99-93fe-0f7a0aba9aa4.jpg?aki_policy=large"", ""https://a0.muscache.com/im/pictures/96dd539b-b848-49c7-a4f6-3ae4b3dbd708.jpg?aki_policy=large"", ""https://a0.muscache.com/im/pictures/79310642-5612-4163-ae2a-9b96bbee84b0.jpg?aki_policy=large"", ""https://a0.muscache.com/im/pictures/a2240807-b753-4d08-87c9-f9d0bd9f7214.jpg?aki_policy=large"", ""https://a0.muscache.com/im/pictures/a6f0a41a-eead-4126-aa24-544e80fe2b18.jpg?aki_policy=large""]";"{""beds"": 2, ""bedrooms"": 1, ""bathrooms"": 1.0, ""amenity_ids"": [96, 1, 33, 3, 35, 4, 37, 39, 40, 44, 45, 46, 57, 90, 91, 93, 30, 94, 31, 95], ""is_rebookable"": false, ""is_new_listing"": false, ""is_fully_refundable"": true, ""is_host_highly_rated"": true, ""is_business_travel_ready"": false}";"{""weekly_factor"": 1.0, ""monthly_factor"": 1.0}";3287;"";"{""is_superhost"": false}"
12219331;Appartement de 42 m2 tout équipé;entire_home;Paris;Commerce - Dupleix;48.8474512971;2.29069606905;4;"[""https://a0.muscache.com/im/pictures/c35e1ab1-d043-4cae-a1fd-aa7fb1662aff.jpg?aki_policy=large"", ""https://a0.muscache.com/im/pictures/a229b18d-ad8c-4b08-94ab-8c3ee99dac21.jpg?aki_policy=large"", ""https://a0.muscache.com/im/pictures/490d246c-0c05-4459-b3dd-77b78b087688.jpg?aki_policy=large"", ""https://a0.muscache.com/im/pictures/76f3ebd5-b50b-4f50-adbb-698b6c8f0f2e.jpg?aki_policy=large"", ""https://a0.muscache.com/im/pictures/33ec10ee-e312-4f8c-a19d-d2484d73f3cd.jpg?aki_policy=large"", ""https://a0.muscache.com/im/pictures/77b59771-a2f5-4c4c-8b3b-7674c6cd4aa9.jpg?aki_policy=large"", ""https://a0.muscache.com/im/pictures/3f19bb81-6500-442b-8ed8-56a3a3977ac8.jpg?aki_policy=large"", ""https://a0.muscache.com/im/pictures/74635968-4aa1-4069-8dea-dcf5ead757ed.jpg?aki_policy=large"", ""https://a0.muscache.com/im/pictures/7de6124d-33b3-46d1-bb55-bb0e6d853391.jpg?aki_policy=large"", ""https://a0.muscache.com/im/pictures/e1cbc51b-37f6-4ca3-87a3-b641a8ba11f5.jpg?aki_policy=large"", ""https://a0.muscache.com/im/pictures/acd570a9-0d11-4013-bf2c-34e7989dbe8f.jpg?aki_policy=large"", ""https://a0.muscache.com/im/pictures/ee654590-7cfc-49cb-bb05-7205b0988b67.jpg?aki_policy=large"", ""https://a0.muscache.com/im/pictures/c5994968-cfad-4610-9d2a-0dcbe428ae23.jpg?aki_policy=large"", ""https://a0.muscache.com/im/pictures/fb9ee3bb-5b49-406d-a506-ded2ffef05b6.jpg?aki_policy=large"", ""https://a0.muscache.com/im/pictures/67fe83f5-7431-4c99-a8e7-99e0b165c899.jpg?aki_policy=large"", ""https://a0.muscache.com/im/pictures/7048d505-08b3-4b81-b6a1-ca19a3e4e408.jpg?aki_policy=large"", ""https://a0.muscache.com/im/pictures/33e94643-013b-47e8-a766-a4a9598b15bc.jpg?aki_policy=large"", ""https://a0.muscache.com/im/pictures/0f9108ce-fadb-47df-82f3-fb2f05b01e3c.jpg?aki_policy=large"", ""https://a0.muscache.com/im/pictures/32794fff-b9dc-49a7-9186-9bd1df78f5e2.jpg?aki_policy=large""]";"{""beds"": 1, ""bedrooms"": 1, ""bathrooms"": 1.0, ""amenity_ids"": [1, 33, 129, 35, 4, 36, 103, 8, 40, 104, 10, 107, 44, 45, 77, 46, 47, 21, 85, 61, 30, 31], ""is_rebookable"": false, ""is_new_listing"": false, ""is_fully_refundable"": true, ""is_host_highly_rated"": true, ""is_business_travel_ready"": false}";"{""weekly_factor"": 0.94, ""monthly_factor"": 0.8}";3079;"";"{""is_superhost"": false}"
12241478;Center of Paris (11th);entire_home;Paris;République;48.8666200301;2.37459483935;2;"[""https://a0.muscache.com/im/pictures/1c9db001-c86d-4eb6-bb7f-edffb668cdc7.jpg?aki_policy=large"", ""https://a0.muscache.com/im/pictures/6d57f8a8-5562-4935-b627-89f1ad90b97c.jpg?aki_policy=large"", ""https://a0.muscache.com/im/pictures/a02e98a3-5fe0-4861-bd70-b561ad806730.jpg?aki_policy=large"", ""https://a0.muscache.com/im/pictures/377a7d79-0729-4c09-ad93-95e3fc64577c.jpg?aki_policy=large"", ""https://a0.muscache.com/im/pictures/072ec73e-c870-40c5-acbe-f0906c703d07.jpg?aki_policy=large"", ""https://a0.muscache.com/im/pictures/13974281-e166-46ee-aa76-6eb7014b2054.jpg?aki_policy=large"", ""https://a0.muscache.com/im/pictures/f6e58fb9-e9de-413d-b023-4d24f69749cb.jpg?aki_policy=large""]";"{""beds"": 1, ""bedrooms"": 0, ""bathrooms"": 1.0, ""amenity_ids"": [1, 3, 4, 8, 40, 11, 43, 12, 44, 45, 47, 30, 31], ""is_rebookable"": false, ""is_new_listing"": false, ""is_fully_refundable"": true, ""is_host_highly_rated"": false, ""is_business_travel_ready"": false}";"{""weekly_factor"": 1.0, ""monthly_factor"": 0.75}";2081;"";"{""is_superhost"": false}"
12392510;Les Plumes Hôtel**** Heart of Paris;private_room;Paris;Pigalle - Saint-Georges;48.875973624;2.34348879605;2;"[""https://a0.muscache.com/im/pictures/8a87c2bd-d6a4-479e-8283-24c045dd63f9.jpg?aki_policy=large"", ""https://a0.muscache.com/im/pictures/01b93106-9add-48e5-abdf-f363267f4362.jpg?aki_policy=large"", ""https://a0.muscache.com/im/pictures/fa3dfebf-4bc4-4b89-bf50-36f982bb9fae.jpg?aki_policy=large"", ""https://a0.muscache.com/im/pictures/9ce06d85-d3ab-4857-acbf-416ce08c80ea.jpg?aki_policy=large"", ""https://a0.muscache.com/im/pictures/89edc0a6-688c-456f-a16a-b298fa0f8d1b.jpg?aki_policy=large"", ""https://a0.muscache.com/im/pictures/086d9241-344e-4748-a83d-22605cd2908a.jpg?aki_policy=large"", ""https://a0.muscache.com/im/pictures/9eab68ee-3956-458e-afa0-d944f2ec38f8.jpg?aki_policy=large"", ""https://a0.muscache.com/im/pictures/5c858139-ed22-41f6-a623-d017341edc17.jpg?aki_policy=large"", ""https://a0.muscache.com/im/pictures/734609dc-d354-495e-b316-1b3530466bf7.jpg?aki_policy=large""]";"{""beds"": 1, ""bedrooms"": 1, ""bathrooms"": 1.0, ""amenity_ids"": [1, 2, 4, 5, 6, 72, 10, 12, 77, 14, 16, 21, 30, 31, 35, 36, 37, 38, 39, 103, 40, 41, 42, 43, 44, 45, 46, 47, 49, 51, 55], ""is_rebookable"": false, ""is_new_listing"": false, ""is_fully_refundable"": true, ""is_host_highly_rated"": true, ""is_business_travel_ready"": false}";"{""weekly_factor"": 1.0, ""monthly_factor"": 1.0}";6783;"";"{""is_superhost"": false}"
12396126;Studio lumineux dans quartier calme;entire_home;Paris;Tour Eiffel - Champ de Mars;48.8520046857;2.30471400376;1;"[""https://a0.muscache.com/im/pictures/99e9ecd1-2bd5-4953-8ce2-389fd6acfad9.jpg?aki_policy=large"", ""https://a0.muscache.com/im/pictures/2b1533c6-d94c-404e-84b4-3d3dc1dbbe47.jpg?aki_policy=large"", ""https://a0.muscache.com/im/pictures/b14cfac3-bd47-41bb-a456-ba02740b85ab.jpg?aki_policy=large"", ""https://a0.muscache.com/im/pictures/cc60f966-2bc4-4bcb-a7af-2461df7dcbf6.jpg?aki_policy=large"", ""https://a0.muscache.com/im/pictures/439fb1b4-162d-4cdc-9c83-d74765e68a1c.jpg?aki_policy=large"", ""https://a0.muscache.com/im/pictures/5e755f67-29d3-40a0-8007-d2db707acee8.jpg?aki_policy=large"", ""https://a0.muscache.com/im/pictures/264524a8-83e8-4cc2-9e60-348a5456b1e6.jpg?aki_policy=large"", ""https://a0.muscache.com/im/pictures/5c32f063-b8c4-4089-82f0-ad1a0c7b3f42.jpg?aki_policy=large"", ""https://a0.muscache.com/im/pictures/ba97ff97-c7a0-415f-84be-04d99d0e9b99.jpg?aki_policy=large"", ""https://a0.muscache.com/im/pictures/7d207bba-55ac-4cd6-ac30-17122b5ebd40.jpg?aki_policy=large"", ""https://a0.muscache.com/im/pictures/b9347eaf-6704-4a28-8472-8994ef334667.jpg?aki_policy=large"", ""https://a0.muscache.com/im/pictures/4e2b7595-a32f-435a-91c1-165bf62d2cd8.jpg?aki_policy=large""]";"{""beds"": 1, ""bedrooms"": 0, ""bathrooms"": 1.0, ""amenity_ids"": [1, 3, 4, 8, 40, 30], ""is_rebookable"": false, ""is_new_listing"": false, ""is_fully_refundable"": true, ""is_host_highly_rated"": false, ""is_business_travel_ready"": false}";"{""weekly_factor"": 0.85, ""monthly_factor"": 0.55}";3026;"";"{""is_superhost"": false}"
12398064;Beau 2 pces proche Gambetta - Parking incl.;entire_home;Paris;Père Lachaise - Ménilmontant;48.8645405287;2.39770684903;4;"[""https://a0.muscache.com/im/pictures/d3dc6d22-a919-4983-827d-3499ced2852f.jpg?aki_policy=large"", ""https://a0.muscache.com/im/pictures/1e643505-62cc-4bfd-84f1-1c4c5846349b.jpg?aki_policy=large"", ""https://a0.muscache.com/im/pictures/0ee27987-9c59-44d9-9731-87e416798647.jpg?aki_policy=large"", ""https://a0.muscache.com/im/pictures/48845726-5891-47f6-8fb5-a4112f4ecee4.jpg?aki_policy=large"", ""https://a0.muscache.com/im/pictures/95ca824c-4b44-4703-b090-e7389f4b4aa6.jpg?aki_policy=large"", ""https://a0.muscache.com/im/pictures/d8a1c98e-8f6e-456c-a982-3d116b8718dd.jpg?aki_policy=large"", ""https://a0.muscache.com/im/pictures/95eeb814-ead2-4a6b-bbce-28ccf077bed3.jpg?aki_policy=large"", ""https://a0.muscache.com/im/pictures/65c284a7-1b4a-4ec0-8708-634348617b4e.jpg?aki_policy=large"", ""https://a0.muscache.com/im/pictures/b046a431-9c6f-4d0c-862a-2e20aca4a30b.jpg?aki_policy=large"", ""https://a0.muscache.com/im/pictures/7adf3aa7-e52f-448c-8dd5-08c58b067100.jpg?aki_policy=large"", ""https://a0.muscache.com/im/pictures/8bafea48-174b-4c9c-8b7b-0a3424b45764.jpg?aki_policy=large"", ""https://a0.muscache.com/im/pictures/1c326f43-8a2e-4b6f-8b09-717676614d38.jpg?aki_policy=large"", ""https://a0.muscache.com/im/pictures/29e977cd-b602-4031-b401-20717619ac90.jpg?aki_policy=large"", ""https://a0.muscache.com/im/pictures/49d9180c-5600-4eeb-9560-0a5a60b05e81.jpg?aki_policy=large"", ""https://a0.muscache.com/im/pictures/9c12fb99-1167-40c9-9d17-db5e89990f1f.jpg?aki_policy=large"", ""https://a0.muscache.com/im/pictures/51c49b07-9f70-4d5f-b0e1-b8a41770b0ab.jpg?aki_policy=large"", ""https://a0.muscache.com/im/pictures/b09abc31-6a83-4673-98ea-755fe7e1ec9d.jpg?aki_policy=large"", ""https://a0.muscache.com/im/pictures/2284c741-dc8f-43cd-bbca-52cfa065e6ee.jpg?aki_policy=large"", ""https://a0.muscache.com/im/pictures/a4454744-6f1b-424c-bca1-6f1a93ef7c5c.jpg?aki_policy=large"", ""https://a0.muscache.com/im/pictures/4f5d9fb0-9706-4ea4-9428-7e3eee2acbdb.jpg?aki_policy=large"", ""https://a0.muscache.com/im/pictures/49a2d706-bc72-4594-b548-319c06fc7889.jpg?aki_policy=large"", ""https://a0.muscache.com/im/pictures/cd2fe69e-7888-411b-9b2f-62d7d8ad3117.jpg?aki_policy=large"", ""https://a0.muscache.com/im/pictures/4aba2318-6799-477b-a6e4-2c9f2158b677.jpg?aki_policy=large"", ""https://a0.muscache.com/im/pictures/07bf1f46-2442-4fff-b16a-42ed701d6d3c.jpg?aki_policy=large"", ""https://a0.muscache.com/im/pictures/40cc8ced-927a-499f-b0ff-b029b170caf0.jpg?aki_policy=large"", ""https://a0.muscache.com/im/pictures/d38dab21-c4eb-4792-a83e-c7307f6fe688.jpg?aki_policy=large"", ""https://a0.muscache.com/im/pictures/4d239b17-7abc-49fa-a82b-728facc9f361.jpg?aki_policy=large"", ""https://a0.muscache.com/im/pictures/6a120d40-6d4a-4259-89ca-7bc5f87f242e.jpg?aki_policy=large"", ""https://a0.muscache.com/im/pictures/b3297ef6-acd7-43fd-a148-af7ce9115e82.jpg?aki_policy=large"", ""https://a0.muscache.com/im/pictures/eb40ca80-560a-4848-b2cb-1a2807d16b4a.jpg?aki_policy=large""]";"{""beds"": 2, ""bedrooms"": 1, ""bathrooms"": 1.0, ""amenity_ids"": [1, 33, 2, 34, 3, 4, 8, 40, 9, 44, 77, 46, 47, 51, 54, 30, 31], ""is_rebookable"": false, ""is_new_listing"": false, ""is_fully_refundable"": true, ""is_host_highly_rated"": true, ""is_business_travel_ready"": false}";"{""weekly_factor"": 0.85, ""monthly_factor"": 0.79}";7454;"";"{""is_superhost"": false}"
12477131;23 - Luxury Parisian Flat Montorgueil;entire_home;Paris city;2e arrondissement;48.8680279072;2.35182748366;10;"[""https://a0.muscache.com/im/pictures/4c41ebf7-3397-4d6f-8b08-5024be85a718.jpg?aki_policy=large"", ""https://a0.muscache.com/im/pictures/deae4ecd-563d-4e13-af0b-063cf6af78a1.jpg?aki_policy=large"", ""https://a0.muscache.com/im/pictures/43b3dd0d-d75e-4fed-80d2-e9ccb1ba53e3.jpg?aki_policy=large"", ""https://a0.muscache.com/im/pictures/4f5c2416-6535-408d-aa5a-7553bc897162.jpg?aki_policy=large"", ""https://a0.muscache.com/im/pictures/0e156c33-5472-4cde-a838-8d896eec4fb5.jpg?aki_policy=large"", ""https://a0.muscache.com/im/pictures/5c0f4163-3102-4916-842a-8eada39b4d14.jpg?aki_policy=large"", ""https://a0.muscache.com/im/pictures/7cdc4cbf-c60e-473b-8c5c-9eaadc798b0e.jpg?aki_policy=large"", ""https://a0.muscache.com/im/pictures/c3fa1241-993d-4776-97bf-8ba27053a234.jpg?aki_policy=large"", ""https://a0.muscache.com/im/pictures/42a1c117-b434-49da-afa0-2334dc66d0ec.jpg?aki_policy=large"", ""https://a0.muscache.com/im/pictures/3148da2d-2480-4ee0-bb87-de19f68bc54f.jpg?aki_policy=large"", ""https://a0.muscache.com/im/pictures/27b61566-85dd-4a88-bb16-a7b740431d9c.jpg?aki_policy=large"", ""https://a0.muscache.com/im/pictures/64751203-1412-4c06-8fcf-d8d8e50b49d4.jpg?aki_policy=large"", ""https://a0.muscache.com/im/pictures/5d1ad488-385d-460f-90ab-1ff7fedbb7ae.jpg?aki_policy=large"", ""https://a0.muscache.com/im/pictures/fff61263-7213-42d5-8d3a-431fff1040e4.jpg?aki_policy=large"", ""https://a0.muscache.com/im/pictures/98c0f800-a78b-4875-9d6d-1b967e8a85a5.jpg?aki_policy=large"", ""https://a0.muscache.com/im/pictures/68bf744c-36b1-4e2f-8479-7e9160c86d4f.jpg?aki_policy=large"", ""https://a0.muscache.com/im/pictures/215c7159-a04c-42f7-a403-39be8e274da2.jpg?aki_policy=large"", ""https://a0.muscache.com/im/pictures/39da5a52-c7b8-4931-b89a-a6f12189b6f5.jpg?aki_policy=large"", ""https://a0.muscache.com/im/pictures/b39fb2de-2297-46c1-88a6-e3b036a1c2f1.jpg?aki_policy=large""]";"{""beds"": 6, ""bedrooms"": 3, ""bathrooms"": 1.5, ""amenity_ids"": [64, 1, 3, 4, 71, 8, 40, 43, 45, 30, 46, 31], ""is_rebookable"": false, ""is_new_listing"": false, ""is_fully_refundable"": false, ""is_host_highly_rated"": false, ""is_business_travel_ready"": false}";"{""weekly_factor"": 1.0, ""monthly_factor"": 1.0}";4070;"";"{""is_superhost"": false}"
12485995;Studio en plein ciel, tout neuf.;entire_home;Paris;"";48.8720937111;2.40000682591;2;"[""https://a0.muscache.com/im/pictures/70e7a3b9-0d71-4e24-86de-c689cf467218.jpg?aki_policy=large"", ""https://a0.muscache.com/im/pictures/7c0be4d4-2643-4b8b-8879-e158b721f778.jpg?aki_policy=large"", ""https://a0.muscache.com/im/pictures/237ca5c6-665c-4195-ae8a-49d1e176a175.jpg?aki_policy=large"", ""https://a0.muscache.com/im/pictures/a0f2e603-4ede-4c1e-8063-bf387a5a306d.jpg?aki_policy=large"", ""https://a0.muscache.com/im/pictures/7bf01774-0d9d-420a-9901-c4373decb6b5.jpg?aki_policy=large"", ""https://a0.muscache.com/im/pictures/ba0e7937-410d-4edf-b6f0-a2afba13b66c.jpg?aki_policy=large""]";"{""beds"": 1, ""bedrooms"": 1, ""bathrooms"": 1.0, ""amenity_ids"": [96, 33, 129, 98, 35, 4, 8, 40, 104, 44, 77, 46, 47, 21, 85, 86, 90, 91, 93, 30, 94, 31, 95], ""is_rebookable"": false, ""is_new_listing"": false, ""is_fully_refundable"": true, ""is_host_highly_rated"": false, ""is_business_travel_ready"": false}";"{""weekly_factor"": 0.92, ""monthly_factor"": 0.85}";3738;"";"{""is_superhost"": false}"
12575676;Charmant 2 pièces à Ménilmontant;entire_home;Paris;Père Lachaise - Ménilmontant;48.8677065922;2.39163529373;2;"[""https://a0.muscache.com/im/pictures/fc2846e8-8240-4f54-b771-648f9e7ab03d.jpg?aki_policy=large"", ""https://a0.muscache.com/im/pictures/b37b638e-eb33-438b-9098-05dc6bff9ecb.jpg?aki_policy=large"", ""https://a0.muscache.com/im/pictures/d14ee134-6546-4d0b-b09c-27ba337477ec.jpg?aki_policy=large"", ""https://a0.muscache.com/im/pictures/f16d2708-9440-493a-a8c5-bfc884c5b1d9.jpg?aki_policy=large""]";"{""beds"": 1, ""bedrooms"": 1, ""bathrooms"": 1.0, ""amenity_ids"": [129, 3, 4, 8, 10, 77, 85, 89, 90, 91, 93, 30, 94, 95, 96, 33, 35, 40, 41, 43, 44, 45, 46, 47, 49], ""is_rebookable"": false, ""is_new_listing"": false, ""is_fully_refundable"": true, ""is_host_highly_rated"": true, ""is_business_travel_ready"": false}";"{""weekly_factor"": 0.85, ""monthly_factor"": 0.75}";1586;"";"{""is_superhost"": false}"
12530928;Tour Eiffel Appartement 3 pièces;entire_home;Paris-16E-Arrondissement;Tour Eiffel - Champ de Mars;48.8579117122;2.28734673714;6;"[""https://a0.muscache.com/im/pictures/3ff46f21-70c2-4a49-abc5-9c3bfc54c8a6.jpg?aki_policy=large"", ""https://a0.muscache.com/im/pictures/086572a9-3163-4276-945b-928c7d21f636.jpg?aki_policy=large"", ""https://a0.muscache.com/im/pictures/deb32d2b-fbc9-4bc6-a32d-90076005c52b.jpg?aki_policy=large"", ""https://a0.muscache.com/im/pictures/844d8dc5-affb-411a-916f-4e40fc1d8ab1.jpg?aki_policy=large"", ""https://a0.muscache.com/im/pictures/533f3609-1957-447c-8d78-0cbf21c1f7ed.jpg?aki_policy=large"", ""https://a0.muscache.com/im/pictures/1eb2b43b-445e-4fba-acac-7259883b5285.jpg?aki_policy=large"", ""https://a0.muscache.com/im/pictures/0457af90-a4e7-4013-9829-67c5f27f2560.jpg?aki_policy=large"", ""https://a0.muscache.com/im/pictures/1dcf9122-40ff-44c8-91d3-6e986a8f9fec.jpg?aki_policy=large"", ""https://a0.muscache.com/im/pictures/9d47ef50-5942-4df1-aae8-89424e90262d.jpg?aki_policy=large"", ""https://a0.muscache.com/im/pictures/e28bea65-84c5-4838-ab1b-a3e3553c4259.jpg?aki_policy=large"", ""https://a0.muscache.com/im/pictures/356d90d8-2ebf-40ca-be8a-ce066f322c58.jpg?aki_policy=large"", ""https://a0.muscache.com/im/pictures/6078f272-386b-44e7-a68f-7e7819f7c8fc.jpg?aki_policy=large"", ""https://a0.muscache.com/im/pictures/ef28f3f4-0886-424a-afe9-e82962ec0460.jpg?aki_policy=large"", ""https://a0.muscache.com/im/pictures/38eac8ab-f581-45dc-8c2b-77b56867fc2d.jpg?aki_policy=large"", ""https://a0.muscache.com/im/pictures/14402446-b3ca-49f9-abb1-9617999ceabf.jpg?aki_policy=large"", ""https://a0.muscache.com/im/pictures/fd127d73-e4f6-4c15-9334-0e3801a1fb49.jpg?aki_policy=large"", ""https://a0.muscache.com/im/pictures/95f9c939-4a4f-4f26-8a24-87deedc1acb6.jpg?aki_policy=large"", ""https://a0.muscache.com/im/pictures/0463a355-8980-4610-a0a6-d16ecd35e514.jpg?aki_policy=large"", ""https://a0.muscache.com/im/pictures/ddd63a8b-5a68-460b-8bd4-7c37b9e32cc8.jpg?aki_policy=large"", ""https://a0.muscache.com/im/pictures/d1620fdf-ecea-496f-bca0-04b54306bccc.jpg?aki_policy=large"", ""https://a0.muscache.com/im/pictures/5d4a9a9a-9f68-490f-be68-f8c06ce434cc.jpg?aki_policy=large"", ""https://a0.muscache.com/im/pictures/76e91281-151a-4663-b624-37a4cdcb266a.jpg?aki_policy=large"", ""https://a0.muscache.com/im/pictures/ae35816b-b9a4-4ffa-8f8f-98881b92fa24.jpg?aki_policy=large""]";"{""beds"": 4, ""bedrooms"": 2, ""bathrooms"": 1.0, ""amenity_ids"": [1, 33, 129, 34, 3, 35, 4, 8, 40, 41, 10, 43, 45, 77, 47, 21, 28, 30, 31], ""is_rebookable"": false, ""is_new_listing"": false, ""is_fully_refundable"": true, ""is_host_highly_rated"": false, ""is_business_travel_ready"": false}";"{""weekly_factor"": 1.0, ""monthly_factor"": 1.0}";2254;"";"{""is_superhost"": false}"
12541479;Exclusive High Standing at Louvre;entire_home;Paris;Palais Royal;48.864472755;2.3418140278;6;"[""https://a0.muscache.com/im/pictures/d099e30a-3edb-4eea-bdcd-8ddfa6c215d8.jpg?aki_policy=large"", ""https://a0.muscache.com/im/pictures/09133754-0664-4741-afdd-6cc49ce0f2a6.jpg?aki_policy=large"", ""https://a0.muscache.com/im/pictures/978981c8-e7b3-4a03-9e56-e53270135c01.jpg?aki_policy=large"", ""https://a0.muscache.com/im/pictures/4dbe74b8-8194-4188-a2d0-1e57b996e1de.jpg?aki_policy=large"", ""https://a0.muscache.com/im/pictures/e22cd68e-2fda-44e9-9c84-034f32d9d582.jpg?aki_policy=large"", ""https://a0.muscache.com/im/pictures/3a994b97-8828-4112-b8bd-f29d85fe9f55.jpg?aki_policy=large"", ""https://a0.muscache.com/im/pictures/364d65c5-b6be-4ffc-94f3-06cc1be09df0.jpg?aki_policy=large"", ""https://a0.muscache.com/im/pictures/abc1217c-6019-4ba3-b211-68126aa72dc9.jpg?aki_policy=large"", ""https://a0.muscache.com/im/pictures/0c2c61c5-3dd5-4036-80fe-5f4e259c117f.jpg?aki_policy=large"", ""https://a0.muscache.com/im/pictures/57dc7b94-55ee-4824-8388-ed328d78d537.jpg?aki_policy=large"", ""https://a0.muscache.com/im/pictures/87227b7d-0be7-4247-843b-1b500fc2bb14.jpg?aki_policy=large"", ""https://a0.muscache.com/im/pictures/d42bf1f8-9499-4ce9-9f9e-e64400ae9827.jpg?aki_policy=large"", ""https://a0.muscache.com/im/pictures/9c370e29-a737-4929-bdd8-afa1e8b3c53f.jpg?aki_policy=large"", ""https://a0.muscache.com/im/pictures/765fe867-5190-41b8-a258-78cb4022134b.jpg?aki_policy=large"", ""https://a0.muscache.com/im/pictures/156a58f7-848a-4461-902f-68607216b15b.jpg?aki_policy=large"", ""https://a0.muscache.com/im/pictures/ca905ce9-cae5-4255-ae1e-45bed739f8a8.jpg?aki_policy=large"", ""https://a0.muscache.com/im/pictures/6f7299e0-7f93-4fe8-8d73-89bc94f1e4a9.jpg?aki_policy=large"", ""https://a0.muscache.com/im/pictures/1956d185-33fe-41e7-ac5e-d7c943165f43.jpg?aki_policy=large"", ""https://a0.muscache.com/im/pictures/79fa211a-3ed9-4b6a-b2cf-a27f819919d2.jpg?aki_policy=large"", ""https://a0.muscache.com/im/pictures/ffc4f50e-370e-4010-9154-2631fa67d0b8.jpg?aki_policy=large"", ""https://a0.muscache.com/im/pictures/2e3a380d-b662-4a7f-bbf7-728b0083d794.jpg?aki_policy=large"", ""https://a0.muscache.com/im/pictures/c6cef391-c543-4ea3-ad92-dfe6ba1033d8.jpg?aki_policy=large"", ""https://a0.muscache.com/im/pictures/0b5a1030-e736-4036-9f4b-72e103f8817b.jpg?aki_policy=large"", ""https://a0.muscache.com/im/pictures/d791bea5-6dad-4497-904f-8bab1463dba1.jpg?aki_policy=large"", ""https://a0.muscache.com/im/pictures/6d0a2e0f-1359-49ab-9b1a-0e2faee4d151.jpg?aki_policy=large"", ""https://a0.muscache.com/im/pictures/6e85f207-2a1e-4a4f-9aea-db852162aba2.jpg?aki_policy=large"", ""https://a0.muscache.com/im/pictures/9b12fa79-01fc-4893-8686-7232ba2ed830.jpg?aki_policy=large"", ""https://a0.muscache.com/im/pictures/c8f90c8f-fa11-4411-9b73-1a1fc5a14661.jpg?aki_policy=large""]";"{""beds"": 3, ""bedrooms"": 2, ""bathrooms"": 2.0, ""amenity_ids"": [1, 33, 2, 3, 35, 4, 36, 5, 8, 40, 41, 43, 44, 45, 46, 47, 51, 55, 28, 30, 31], ""is_rebookable"": false, ""is_new_listing"": false, ""is_fully_refundable"": true, ""is_host_highly_rated"": true, ""is_business_travel_ready"": false}";"{""weekly_factor"": 0.9, ""monthly_factor"": 1.0}";6243;"";"{""is_superhost"": true}"
12550943;Studette cour silencieuse plantée;private_room;Paris;République;48.8618150937;2.37238292683;2;"[""https://a0.muscache.com/im/pictures/5b74d5aa-f74d-445a-a955-c76b28bb5a3f.jpg?aki_policy=large"", ""https://a0.muscache.com/im/pictures/e48830b9-ef56-40c6-a30d-cd2db78f9b9e.jpg?aki_policy=large"", ""https://a0.muscache.com/im/pictures/5d674c40-b8a0-40fa-acb9-64b6646efb37.jpg?aki_policy=large"", ""https://a0.muscache.com/im/pictures/c0f5fa92-1951-4421-8102-62be1cb2ead7.jpg?aki_policy=large"", ""https://a0.muscache.com/im/pictures/d3411745-0d81-47cb-a7ab-1c65060c9d3b.jpg?aki_policy=large"", ""https://a0.muscache.com/im/pictures/d275a842-73b4-4396-9ed4-6dcbce90e088.jpg?aki_policy=large"", ""https://a0.muscache.com/im/pictures/6a21c6bf-f34e-4d71-9e68-6681163fb650.jpg?aki_policy=large"", ""https://a0.muscache.com/im/pictures/1756fdf0-33f7-4bbb-9b36-10e4399a3485.jpg?aki_policy=large"", ""https://a0.muscache.com/im/pictures/37966eb9-33da-4fc0-9b3b-1c910bd6cd3f.jpg?aki_policy=large"", ""https://a0.muscache.com/im/pictures/18492e9c-9468-4bef-9680-49e6b55aeda2.jpg?aki_policy=large"", ""https://a0.muscache.com/im/pictures/e9539e84-a510-4470-a93b-7eb52a28914a.jpg?aki_policy=large"", ""https://a0.muscache.com/im/pictures/b9cae574-1ff6-488f-b0d9-c996d7ed7370.jpg?aki_policy=large"", ""https://a0.muscache.com/im/pictures/210e15db-bb0c-47a2-99e7-0709c056ca38.jpg?aki_policy=large"", ""https://a0.muscache.com/im/pictures/7a6bd0a6-d6b9-41f4-bba3-651a46759bf6.jpg?aki_policy=large""]";"{""beds"": 2, ""bedrooms"": 1, ""bathrooms"": 1.0, ""amenity_ids"": [1, 35, 4, 38, 8, 40, 73, 44, 45, 47, 61, 30, 31], ""is_rebookable"": false, ""is_new_listing"": false, ""is_fully_refundable"": true, ""is_host_highly_rated"": false, ""is_business_travel_ready"": false}";"{""weekly_factor"": 0.95, ""monthly_factor"": 1.0}";106;"";"{""is_superhost"": false}"
12578697;MAISON FAMILIALE EN DUPLEX - OPERA;entire_home;Paris;2e arrondissement;48.8696590753;2.3374990492;4;"[""https://a0.muscache.com/im/pictures/d938ce09-1541-4cf6-86a9-d6eaad7137ad.jpg?aki_policy=large"", ""https://a0.muscache.com/im/pictures/a7e35e01-d6f3-4220-ac9d-a99ce7967c90.jpg?aki_policy=large"", ""https://a0.muscache.com/im/pictures/e247d113-7c95-4cfa-aa3b-6ea277ac1da7.jpg?aki_policy=large"", ""https://a0.muscache.com/im/pictures/22d73a57-753a-4ca8-8f97-d3acbf5bf202.jpg?aki_policy=large"", ""https://a0.muscache.com/im/pictures/8d5abc86-9211-4be1-8df8-0cc3679aa355.jpg?aki_policy=large"", ""https://a0.muscache.com/im/pictures/707467b9-5d12-470c-be7f-528cbe1b445c.jpg?aki_policy=large"", ""https://a0.muscache.com/im/pictures/575e5e49-2a20-4069-84a7-3bbab519a57b.jpg?aki_policy=large"", ""https://a0.muscache.com/im/pictures/54318d8c-6181-47af-8227-7ba94c2bcbcb.jpg?aki_policy=large"", ""https://a0.muscache.com/im/pictures/07070835-ec01-43fd-8fc9-03d2d9db408e.jpg?aki_policy=large"", ""https://a0.muscache.com/im/pictures/57e88efe-7fce-48ce-bdc2-94844fd825d9.jpg?aki_policy=large"", ""https://a0.muscache.com/im/pictures/8609bfac-080d-4986-b7cb-627dead8e49f.jpg?aki_policy=large"", ""https://a0.muscache.com/im/pictures/225c7f1f-0cb6-4472-ab84-deaa64228d92.jpg?aki_policy=large"", ""https://a0.muscache.com/im/pictures/f6adb003-088f-4ae7-abf7-e53bfa5811a9.jpg?aki_policy=large"", ""https://a0.muscache.com/im/pictures/ba9645bd-8c18-4bd9-8bec-604f6c066cc0.jpg?aki_policy=large"", ""https://a0.muscache.com/im/pictures/805afac1-5aa2-4676-b748-df2fd70d9863.jpg?aki_policy=large"", ""https://a0.muscache.com/im/pictures/6b7dd10c-57bb-43a5-a04b-32d032c7c6b3.jpg?aki_policy=large"", ""https://a0.muscache.com/im/pictures/3d8cc8b7-5e1d-4aeb-bd63-cffd6f008eef.jpg?aki_policy=large"", ""https://a0.muscache.com/im/pictures/6a503007-f8d0-4205-9bd2-b44dcaea5646.jpg?aki_policy=large"", ""https://a0.muscache.com/im/pictures/aafdedc6-b5aa-4cf9-99da-29e8385ef365.jpg?aki_policy=large"", ""https://a0.muscache.com/im/pictures/55eea7f0-a80f-45ce-9e8f-c2ee4c4cccb5.jpg?aki_policy=large"", ""https://a0.muscache.com/im/pictures/adf93cae-c4e0-42bd-9ec8-462fee803eef.jpg?aki_policy=large"", ""https://a0.muscache.com/im/pictures/ce475ac1-79ec-4ec8-bf68-c135de915f05.jpg?aki_policy=large"", ""https://a0.muscache.com/im/pictures/16c90c83-0c39-4a8c-bc0b-9998cbadbfa6.jpg?aki_policy=large"", ""https://a0.muscache.com/im/pictures/42007b9d-0a74-4751-9c3f-6197499fa77a.jpg?aki_policy=large"", ""https://a0.muscache.com/im/pictures/370ae887-ed6c-4793-94bb-41601dcaaa12.jpg?aki_policy=large"", ""https://a0.muscache.com/im/pictures/7dc1d77e-e7df-4152-9f28-be3543cce34a.jpg?aki_policy=large"", ""https://a0.muscache.com/im/pictures/a5f8a7b4-ac5c-4869-9c9c-97ca478b3dce.jpg?aki_policy=large"", ""https://a0.muscache.com/im/pictures/e5e78460-5a52-4c29-8171-e6e62fe71cd3.jpg?aki_policy=large"", ""https://a0.muscache.com/im/pictures/7cf772b1-fa46-44f8-b7d9-9cf189e3d40b.jpg?aki_policy=large"", ""https://a0.muscache.com/im/pictures/1e7f7b0b-a184-484d-9bf2-3b07bc8bc401.jpg?aki_policy=large""]";"{""beds"": 3, ""bedrooms"": 2, ""bathrooms"": 1.0, ""amenity_ids"": [1, 33, 2, 34, 3, 35, 4, 36, 5, 39, 8, 40, 41, 43, 44, 45, 46, 47, 21, 28, 30, 31], ""is_rebookable"": false, ""is_new_listing"": false, ""is_fully_refundable"": true, ""is_host_highly_rated"": true, ""is_business_travel_ready"": false}";"{""weekly_factor"": 1.0, ""monthly_factor"": 0.9}";6674;"";"{""is_superhost"": false}"
12580849;Duplex Atypique avec vue sur jardin;entire_home;Paris;Père Lachaise - Ménilmontant;48.8595416464;2.40124765192;2;"[""https://a0.muscache.com/im/pictures/93664e28-139e-4069-810d-5e95fceecf1c.jpg?aki_policy=large"", ""https://a0.muscache.com/im/pictures/357c6ba7-9178-45fb-96ac-c129df0c869a.jpg?aki_policy=large"", ""https://a0.muscache.com/im/pictures/28ba5f69-1fea-4d38-925d-a59b175f3e56.jpg?aki_policy=large"", ""https://a0.muscache.com/im/pictures/25f882e2-21f0-4b09-90c0-b36687b08533.jpg?aki_policy=large"", ""https://a0.muscache.com/im/pictures/c76dceda-fb21-4524-9d1e-a53181327c30.jpg?aki_policy=large"", ""https://a0.muscache.com/im/pictures/587a55ab-55f2-4d47-bae5-e04a7af0c01c.jpg?aki_policy=large"", ""https://a0.muscache.com/im/pictures/c5463f9c-8d71-4b0f-acc1-a9d4c754a8af.jpg?aki_policy=large"", ""https://a0.muscache.com/im/pictures/a2c9c6d2-d24a-4059-abb3-2a72f42a0b32.jpg?aki_policy=large"", ""https://a0.muscache.com/im/pictures/236d087f-1a0c-43a4-b4f4-cba77a764be9.jpg?aki_policy=large"", ""https://a0.muscache.com/im/pictures/7685b465-1428-492e-9b9d-52f65360e454.jpg?aki_policy=large"", ""https://a0.muscache.com/im/pictures/8f010d5c-4aca-45ab-b2c3-b3d05f153741.jpg?aki_policy=large"", ""https://a0.muscache.com/im/pictures/a4336ef1-e181-47ef-876f-f826d036ae51.jpg?aki_policy=large"", ""https://a0.muscache.com/im/pictures/2f134e85-b84f-42c7-b0f8-c824eba73458.jpg?aki_policy=large"", ""https://a0.muscache.com/im/pictures/046e97df-729a-4ef9-9898-faa0f0c58b9e.jpg?aki_policy=large"", ""https://a0.muscache.com/im/pictures/b24e8161-ca13-45e7-ac62-742f9fcfda11.jpg?aki_policy=large"", ""https://a0.muscache.com/im/pictures/72afbb57-94a6-424c-94cc-a1b14b2d129e.jpg?aki_policy=large"", ""https://a0.muscache.com/im/pictures/be2e9712-c168-463b-82ab-220931e2f5b0.jpg?aki_policy=large"", ""https://a0.muscache.com/im/pictures/99eaac53-1402-4e04-b05d-4e24bc1e16e7.jpg?aki_policy=large"", ""https://a0.muscache.com/im/pictures/316d84f2-7490-40a7-abde-f96a1755a40b.jpg?aki_policy=large"", ""https://a0.muscache.com/im/pictures/09f14633-115f-4fae-8c73-0c089d152612.jpg?aki_policy=large"", ""https://a0.muscache.com/im/pictures/eb441727-53be-49ad-8056-f3dddc89275f.jpg?aki_policy=large"", ""https://a0.muscache.com/im/pictures/438b4e19-2fb4-4cb8-bb17-1591d125f295.jpg?aki_policy=large"", ""https://a0.muscache.com/im/pictures/8a443d57-87f1-431c-9c79-398992598810.jpg?aki_policy=large"", ""https://a0.muscache.com/im/pictures/3ba0e285-d579-429b-bc30-45a270bd58d4.jpg?aki_policy=large"", ""https://a0.muscache.com/im/pictures/f2665ae2-ebfb-4604-b38c-3c19f1c8b0ae.jpg?aki_policy=large"", ""https://a0.muscache.com/im/pictures/e06e5514-9ad3-4345-aeae-9523a0c1901b.jpg?aki_policy=large"", ""https://a0.muscache.com/im/pictures/a942acf9-9d84-40f1-803d-4960b0fd5176.jpg?aki_policy=large"", ""https://a0.muscache.com/im/pictures/4d3e146c-ae24-47c8-8d34-4618678d4c1a.jpg?aki_policy=large"", ""https://a0.muscache.com/im/pictures/7ab6744c-f4f0-4daf-9b24-44e59e919985.jpg?aki_policy=large"", ""https://a0.muscache.com/im/pictures/255afab7-2635-4a5e-8036-fc5ecc3e9798.jpg?aki_policy=large""]";"{""beds"": 1, ""bedrooms"": 1, ""bathrooms"": 1.0, ""amenity_ids"": [1, 33, 2, 34, 3, 35, 4, 36, 39, 8, 40, 104, 11, 12, 44, 77, 46, 47, 85, 30], ""is_rebookable"": false, ""is_new_listing"": false, ""is_fully_refundable"": true, ""is_host_highly_rated"": true, ""is_business_travel_ready"": false}";"{""weekly_factor"": 1.0, ""monthly_factor"": 0.8}";1677;"";"{""is_superhost"": true}"
21960586;E4GD Pink Fashion;entire_home;Paris city;Le Marais;48.86388;2.356727;2;"[""https://a0.muscache.com/im/pictures/54cd61f9-1603-4d85-813f-deb0eaff4ee0.jpg?aki_policy=large"", ""https://a0.muscache.com/im/pictures/c1672078-2241-424c-bbf7-403bca534e45.jpg?aki_policy=large"", ""https://a0.muscache.com/im/pictures/b43b5fd7-4300-4d06-8498-6b0a35c315db.jpg?aki_policy=large"", ""https://a0.muscache.com/im/pictures/ca2cd1d3-1b60-4dcc-a76a-9cc81d558d1f.jpg?aki_policy=large"", ""https://a0.muscache.com/im/pictures/e1c3be36-cf4d-4eab-b6b6-ef872dd213a7.jpg?aki_policy=large"", ""https://a0.muscache.com/im/pictures/f38ecb11-c516-48da-bad1-2bc2ee32c387.jpg?aki_policy=large"", ""https://a0.muscache.com/im/pictures/fba897af-4e3b-4906-8077-4325b09c25ef.jpg?aki_policy=large""]";"{""beds"": 1, ""bedrooms"": 1, ""bathrooms"": 1.0, ""amenity_ids"": [1, 3, 4, 71, 8, 40, 43, 45, 46, 31], ""is_rebookable"": false, ""is_new_listing"": false, ""is_fully_refundable"": true, ""is_host_highly_rated"": true, ""is_business_travel_ready"": false}";"{""weekly_factor"": 1.0, ""monthly_factor"": 1.0}";5858;"";"{""is_superhost"": false}"
12642998;Chambre adorable au coeur de Paris;private_room;Paris;Châtelet - Les Halles - Beaubourg;48.8618045898;2.34872525606;2;"[""https://a0.muscache.com/im/pictures/eef27e98-4b6f-427b-b72f-2328c53b9cf7.jpg?aki_policy=large"", ""https://a0.muscache.com/im/pictures/6a48579f-d15a-4c8b-bf3c-be7de3f47433.jpg?aki_policy=large"", ""https://a0.muscache.com/im/pictures/e05c5f57-941f-4c04-8aee-9a7ff8543c3a.jpg?aki_policy=large"", ""https://a0.muscache.com/im/pictures/f6e5c2be-c41f-4adc-8197-f14ff25c489a.jpg?aki_policy=large"", ""https://a0.muscache.com/im/pictures/e093c51e-ab4c-47ac-861c-92fe85ce424a.jpg?aki_policy=large"", ""https://a0.muscache.com/im/pictures/ab1fc422-a31e-4c8a-ac9d-9b9cf2e0c44c.jpg?aki_policy=large"", ""https://a0.muscache.com/im/pictures/01a92c30-b20b-49a9-8832-f6634e129431.jpg?aki_policy=large"", ""https://a0.muscache.com/im/pictures/487c2834-5d1f-4c22-b90a-94b4528f0356.jpg?aki_policy=large"", ""https://a0.muscache.com/im/pictures/83e41f69-8f0e-431f-ac7a-e037d19af146.jpg?aki_policy=large"", ""https://a0.muscache.com/im/pictures/746bcf08-d4ad-4c47-8be0-2effe5766727.jpg?aki_policy=large"", ""https://a0.muscache.com/im/pictures/fb4f8ce1-fca2-49bb-a0d2-60b22fcd0425.jpg?aki_policy=large"", ""https://a0.muscache.com/im/pictures/ac559fbd-371e-4f30-9b3e-e5bc46bcba72.jpg?aki_policy=large"", ""https://a0.muscache.com/im/pictures/b1776947-7b65-465c-a5be-edc81d052a93.jpg?aki_policy=large"", ""https://a0.muscache.com/im/pictures/1a622eca-1f97-463a-be60-f54cd229e6fc.jpg?aki_policy=large"", ""https://a0.muscache.com/im/pictures/381b62b1-0de0-44b5-967d-558bcb1fb2f6.jpg?aki_policy=large"", ""https://a0.muscache.com/im/pictures/a08a87f4-3342-4378-955e-11064a7ee429.jpg?aki_policy=large"", ""https://a0.muscache.com/im/pictures/2db36667-6418-4eeb-b7c0-34d2bb116d79.jpg?aki_policy=large"", ""https://a0.muscache.com/im/pictures/f562273c-03b2-4ffb-a382-895f39167b85.jpg?aki_policy=large"", ""https://a0.muscache.com/im/pictures/6441d430-d52d-479d-9921-3634e3c63a7d.jpg?aki_policy=large""]";"{""beds"": 1, ""bedrooms"": 1, ""bathrooms"": 1.0, ""amenity_ids"": [33, 34, 3, 35, 131, 4, 8, 40, 41, 10, 42, 45, 77, 46, 47, 50, 30, 31], ""is_rebookable"": false, ""is_new_listing"": false, ""is_fully_refundable"": true, ""is_host_highly_rated"": false, ""is_business_travel_ready"": false}";"{""weekly_factor"": 0.95, ""monthly_factor"": 0.9}";5576;"";"{""is_superhost"": true}"
12651904;Apt 3p, vue panoramique sur Paris, Buttes-Chaumont;entire_home;Paris;Buttes-Chaumont - Belleville;48.8752890362;2.37802800543;6;"[""https://a0.muscache.com/im/pictures/dd59ec16-e6c1-4918-9d7e-f980480af5a7.jpg?aki_policy=large"", ""https://a0.muscache.com/im/pictures/69076c85-616c-4614-a6d7-f2f56c115df9.jpg?aki_policy=large"", ""https://a0.muscache.com/im/pictures/390676b4-2ad9-45a6-9660-641c26022d09.jpg?aki_policy=large"", ""https://a0.muscache.com/im/pictures/d7971ca2-b8b5-4b6d-88db-bf04ac73b00f.jpg?aki_policy=large"", ""https://a0.muscache.com/im/pictures/4b339d39-9cfb-485d-8f95-36680299faa0.jpg?aki_policy=large"", ""https://a0.muscache.com/im/pictures/035b516c-47b3-4ceb-aed2-4fd8405764d8.jpg?aki_policy=large"", ""https://a0.muscache.com/im/pictures/ca51acf9-52ac-495f-aa87-a1256e22666d.jpg?aki_policy=large"", ""https://a0.muscache.com/im/pictures/324c8d7b-8598-4f07-8a0e-0fa88316104c.jpg?aki_policy=large"", ""https://a0.muscache.com/im/pictures/5abdf0f3-0b4e-4861-b028-d90e870ed8db.jpg?aki_policy=large"", ""https://a0.muscache.com/im/pictures/99972a3f-03cd-45e0-95b1-7a41498b5c54.jpg?aki_policy=large"", ""https://a0.muscache.com/im/pictures/ba644ca3-c6d0-4d5c-a90c-9d48f7c7770a.jpg?aki_policy=large"", ""https://a0.muscache.com/im/pictures/f4757d40-89f3-40ea-ad8a-a64d8d69b833.jpg?aki_policy=large"", ""https://a0.muscache.com/im/pictures/4e644900-228b-48c3-b16e-4197f8b07511.jpg?aki_policy=large"", ""https://a0.muscache.com/im/pictures/45a2ba09-aa91-4f6e-9731-ab297eb2b6c1.jpg?aki_policy=large"", ""https://a0.muscache.com/im/pictures/69b97548-cfd1-4442-a7b4-f5dff50aea9e.jpg?aki_policy=large"", ""https://a0.muscache.com/im/pictures/ada4aa05-07a1-4d44-a635-ddad6babacf4.jpg?aki_policy=large"", ""https://a0.muscache.com/im/pictures/fd2efc15-51c1-4988-a207-e90779e4ac17.jpg?aki_policy=large"", ""https://a0.muscache.com/im/pictures/4baa3c36-1ac0-49f3-bf4c-c2db04bf0f27.jpg?aki_policy=large"", ""https://a0.muscache.com/im/pictures/cc986460-0c13-49dd-98df-f90145536dd7.jpg?aki_policy=large"", ""https://a0.muscache.com/im/pictures/a4b1847c-145d-479a-98cd-aa4bc4b8ecfb.jpg?aki_policy=large"", ""https://a0.muscache.com/im/pictures/a1826356-a1e3-4ba5-a026-94ac9278eb80.jpg?aki_policy=large"", ""https://a0.muscache.com/im/pictures/11a68895-79f4-4286-8b23-504150748ed5.jpg?aki_policy=large"", ""https://a0.muscache.com/im/pictures/69d17865-c8c3-475b-8f0f-0e7b9df3a9bc.jpg?aki_policy=large"", ""https://a0.muscache.com/im/pictures/bae02740-335a-48d0-919d-4435eb3072a2.jpg?aki_policy=large"", ""https://a0.muscache.com/im/pictures/580d9397-7def-424d-8d53-4a4634c1f2ee.jpg?aki_policy=large"", ""https://a0.muscache.com/im/pictures/24e40f66-ca37-45b6-86fa-a9c6f34d312d.jpg?aki_policy=large"", ""https://a0.muscache.com/im/pictures/3917a14d-75eb-41cf-a2d3-371662e42000.jpg?aki_policy=large""]";"{""beds"": 3, ""bedrooms"": 2, ""bathrooms"": 1.0, ""amenity_ids"": [128, 1, 2, 4, 8, 136, 9, 137, 138, 16, 21, 30, 31, 33, 35, 36, 37, 40, 41, 44, 45, 46, 47, 56, 57, 61, 64, 66, 70, 71, 72, 73, 74, 75, 77, 85, 86, 87, 88, 89, 90, 91, 92, 93, 94, 95, 96, 101, 103, 104, 109, 110, 111, 112, 113, 114, 115, 116, 117, 118, 120, 121, 127], ""is_rebookable"": false, ""is_new_listing"": false, ""is_fully_refundable"": true, ""is_host_highly_rated"": true, ""is_business_travel_ready"": false}";"{""weekly_factor"": 0.9, ""monthly_factor"": 0.7}";8096;"";"{""is_superhost"": true}"
12666306;ID 293 - Louvre Palais Royale;entire_home;Paris;Châtelet - Les Halles - Beaubourg;48.8607521456;2.34324453013;4;"[""https://a0.muscache.com/im/pictures/61f73e08-305e-4dd1-83fa-ab1522d0ca54.jpg?aki_policy=large"", ""https://a0.muscache.com/im/pictures/82e68565-193e-49be-a3ff-53a1eb9e952c.jpg?aki_policy=large"", ""https://a0.muscache.com/im/pictures/cad5d810-0bc8-4b17-bdcc-3d763402b0c1.jpg?aki_policy=large"", ""https://a0.muscache.com/im/pictures/855b19a1-eb76-440c-90fc-b0f019f849db.jpg?aki_policy=large"", ""https://a0.muscache.com/im/pictures/bcd702d1-885c-4415-a4d6-b160102d20c8.jpg?aki_policy=large"", ""https://a0.muscache.com/im/pictures/6da62707-dc3b-4d31-8193-28bf2b5f9a79.jpg?aki_policy=large"", ""https://a0.muscache.com/im/pictures/61734bbc-bca8-4c5f-9d97-46c973baa06b.jpg?aki_policy=large"", ""https://a0.muscache.com/im/pictures/95b888f1-fbd8-43d5-aa82-1b388e7d369f.jpg?aki_policy=large"", ""https://a0.muscache.com/im/pictures/76a731bb-ce86-4953-a588-c7b0ef096c97.jpg?aki_policy=large"", ""https://a0.muscache.com/im/pictures/19d25ff0-1b26-4357-8dd7-9589b478bf7c.jpg?aki_policy=large"", ""https://a0.muscache.com/im/pictures/a815d70c-fdeb-4f2d-9219-c2b3ce837166.jpg?aki_policy=large"", ""https://a0.muscache.com/im/pictures/faceebb5-c197-49b3-ad49-31cf158afed0.jpg?aki_policy=large"", ""https://a0.muscache.com/im/pictures/154cc7e8-44ac-4843-be3f-a2294b0b0b1d.jpg?aki_policy=large"", ""https://a0.muscache.com/im/pictures/4574ac61-22a2-4b69-beb9-fde618adc275.jpg?aki_policy=large"", ""https://a0.muscache.com/im/pictures/ce41d864-35e7-4090-a2a1-a7bf9ea50b8c.jpg?aki_policy=large"", ""https://a0.muscache.com/im/pictures/f32dc3ae-09ac-4ac9-8654-3f16e9c92c63.jpg?aki_policy=large"", ""https://a0.muscache.com/im/pictures/4d996a6e-1756-4ed6-b7de-8708f08188f7.jpg?aki_policy=large"", ""https://a0.muscache.com/im/pictures/138d187f-5b7c-460e-b7ba-680c82063df5.jpg?aki_policy=large""]";"{""beds"": 2, ""bedrooms"": 1, ""bathrooms"": 1.0, ""amenity_ids"": [32, 1, 33, 2, 3, 35, 4, 5, 8, 40, 11, 43, 12, 44, 45, 46, 47, 21, 30, 31], ""is_rebookable"": false, ""is_new_listing"": false, ""is_fully_refundable"": true, ""is_host_highly_rated"": true, ""is_business_travel_ready"": false}";"{""weekly_factor"": 0.78, ""monthly_factor"": 0.37}";6005;"";"{""is_superhost"": false}"
12725313;ID 288 + ID 289 Châtelet les Halles;entire_home;Paris;Châtelet - Les Halles - Beaubourg;48.8625232231;2.34789064265;7;"[""https://a0.muscache.com/im/pictures/db8f72ac-7de5-4420-aeef-af4935c9b176.jpg?aki_policy=large"", ""https://a0.muscache.com/im/pictures/f0364baa-7afc-4a4c-8deb-730a479d0c18.jpg?aki_policy=large"", ""https://a0.muscache.com/im/pictures/6c04bcd8-7408-4351-a80a-f0ea1a682a36.jpg?aki_policy=large"", ""https://a0.muscache.com/im/pictures/71ec9866-b3ae-45a5-aca6-2134b2db1acc.jpg?aki_policy=large"", ""https://a0.muscache.com/im/pictures/eb5ec790-41e0-435f-b130-6d297196fee2.jpg?aki_policy=large"", ""https://a0.muscache.com/im/pictures/aef8e8fb-2a7a-4d5d-9394-061dbcacfdec.jpg?aki_policy=large"", ""https://a0.muscache.com/im/pictures/eb0f2b7e-1a9d-4646-8cac-aca2bb4aa334.jpg?aki_policy=large"", ""https://a0.muscache.com/im/pictures/86d0829e-2c7c-4687-9b0f-56dba33c50cd.jpg?aki_policy=large"", ""https://a0.muscache.com/im/pictures/7dd80c52-84e5-4f23-b57e-fef6cb3800be.jpg?aki_policy=large"", ""https://a0.muscache.com/im/pictures/1a6e78eb-d390-4252-9524-d317a9917273.jpg?aki_policy=large"", ""https://a0.muscache.com/im/pictures/5a638d55-4976-470d-b669-4f5be5fe7fd9.jpg?aki_policy=large"", ""https://a0.muscache.com/im/pictures/0654b325-dfb4-4811-b027-56ef83902d40.jpg?aki_policy=large"", ""https://a0.muscache.com/im/pictures/a3d1aa54-1034-4805-84a3-810177e94cd8.jpg?aki_policy=large"", ""https://a0.muscache.com/im/pictures/4f5ff48a-e028-472f-80fe-c7e406e51e4e.jpg?aki_policy=large"", ""https://a0.muscache.com/im/pictures/b5510d7e-c56d-48d6-ad35-aac702b5bcda.jpg?aki_policy=large"", ""https://a0.muscache.com/im/pictures/bab79f68-c45a-4b70-893c-285a5ba9bcb9.jpg?aki_policy=large"", ""https://a0.muscache.com/im/pictures/ce8a23f0-a75c-4ce3-97d5-128d878c4d6b.jpg?aki_policy=large"", ""https://a0.muscache.com/im/pictures/129ddaf3-5ce0-4982-889c-feb65f3a0ea4.jpg?aki_policy=large"", ""https://a0.muscache.com/im/pictures/9f929828-9307-4af4-8e92-89fd5ab6a1c8.jpg?aki_policy=large"", ""https://a0.muscache.com/im/pictures/bfd7224c-2021-4630-9efa-661d23054723.jpg?aki_policy=large"", ""https://a0.muscache.com/im/pictures/1c680008-5a74-4955-97f5-c86bc3a70369.jpg?aki_policy=large"", ""https://a0.muscache.com/im/pictures/1593efe3-c2f7-45e3-971b-d66c4fb114a4.jpg?aki_policy=large"", ""https://a0.muscache.com/im/pictures/bab35593-6c7e-4393-8203-505b4b866bad.jpg?aki_policy=large"", ""https://a0.muscache.com/im/pictures/aa825d70-cac6-480f-8b5b-5f110dc20df8.jpg?aki_policy=large"", ""https://a0.muscache.com/im/pictures/640b60f5-064d-4748-88b3-8e43e14c9a43.jpg?aki_policy=large"", ""https://a0.muscache.com/im/pictures/87a1e21a-47b6-41ab-a6b0-db954b58c084.jpg?aki_policy=large"", ""https://a0.muscache.com/im/pictures/cea143a0-2b25-4082-941a-62aa45f360ec.jpg?aki_policy=large"", ""https://a0.muscache.com/im/pictures/d77d52ab-cd60-4717-9c37-b29010a99096.jpg?aki_policy=large"", ""https://a0.muscache.com/im/pictures/b1368ef9-ed9e-42d6-9323-f20a7a41b7b3.jpg?aki_policy=large"", ""https://a0.muscache.com/im/pictures/15ebde65-f849-408d-8bc6-64788e1d25aa.jpg?aki_policy=large""]";"{""beds"": 4, ""bedrooms"": 2, ""bathrooms"": 2.0, ""amenity_ids"": [1, 33, 2, 3, 35, 4, 5, 8, 40, 11, 43, 12, 44, 45, 46, 47, 30, 31], ""is_rebookable"": false, ""is_new_listing"": false, ""is_fully_refundable"": true, ""is_host_highly_rated"": true, ""is_business_travel_ready"": false}";"{""weekly_factor"": 0.84, ""monthly_factor"": 0.47}";6005;"";"{""is_superhost"": false}"
12727412;Sweet studio in Montorgueil;entire_home;Paris;2e arrondissement;48.8690947425;2.35305170623;2;"[""https://a0.muscache.com/im/pictures/5a28d34a-40cd-4bc1-89a0-a38c19c947d7.jpg?aki_policy=large"", ""https://a0.muscache.com/im/pictures/e1eb4f0f-5ad0-4cdf-87fe-b35455733d12.jpg?aki_policy=large"", ""https://a0.muscache.com/im/pictures/9e92cfb4-7cf1-4e46-854d-26823de52298.jpg?aki_policy=large"", ""https://a0.muscache.com/im/pictures/6f8c725f-cf10-4372-a5ce-ebe90deb9810.jpg?aki_policy=large"", ""https://a0.muscache.com/im/pictures/4d928e8a-6d45-4b83-b56b-21e147f62a0f.jpg?aki_policy=large"", ""https://a0.muscache.com/im/pictures/6c9472a4-e5b7-4c92-8542-a59143038817.jpg?aki_policy=large"", ""https://a0.muscache.com/im/pictures/861210b6-30e8-4ff1-9729-45ca12cfb1d3.jpg?aki_policy=large"", ""https://a0.muscache.com/im/pictures/4c69d97c-f028-44d1-938f-9c2746752a11.jpg?aki_policy=large"", ""https://a0.muscache.com/im/pictures/0936b10f-48ed-4f2c-91d3-bfbd4c586291.jpg?aki_policy=large"", ""https://a0.muscache.com/im/pictures/8348fe43-4a95-4f2b-9c38-07e1904bc61d.jpg?aki_policy=large"", ""https://a0.muscache.com/im/pictures/4457e206-8b3a-4c15-a34f-0bf3e02e3baf.jpg?aki_policy=large"", ""https://a0.muscache.com/im/pictures/19b01b92-8d85-40f3-a5d5-e1a837d8a597.jpg?aki_policy=large"", ""https://a0.muscache.com/im/pictures/8711afa3-748b-4fb1-85ec-e5194bf9df7b.jpg?aki_policy=large"", ""https://a0.muscache.com/im/pictures/33f2079e-358d-40c5-9102-4f9d0e782a92.jpg?aki_policy=large"", ""https://a0.muscache.com/im/pictures/93b6e3c4-4426-4b73-8000-4594ffa02d2e.jpg?aki_policy=large"", ""https://a0.muscache.com/im/pictures/9d136696-e050-48c6-8397-c8992334f5ee.jpg?aki_policy=large"", ""https://a0.muscache.com/im/pictures/370a39fd-ecae-4769-bae9-552b6226295e.jpg?aki_policy=large"", ""https://a0.muscache.com/im/pictures/8e06753d-1aba-40dd-a393-6b1ab7f64ae2.jpg?aki_policy=large"", ""https://a0.muscache.com/im/pictures/3dd23ed8-f1cf-4f1e-8c72-48e27f6e6795.jpg?aki_policy=large""]";"{""beds"": 1, ""bedrooms"": 1, ""bathrooms"": 1.0, ""amenity_ids"": [1, 3, 35, 131, 4, 71, 103, 8, 40, 41, 43, 44, 45, 77, 46, 47, 30, 31], ""is_rebookable"": false, ""is_new_listing"": false, ""is_fully_refundable"": true, ""is_host_highly_rated"": true, ""is_business_travel_ready"": false}";"{""weekly_factor"": 1.0, ""monthly_factor"": 1.0}";1545;"";"{""is_superhost"": false}"
12741025;Marais Archives Nationales;entire_home;Paris;Le Marais;48.860859;2.356637;2;"[""https://a0.muscache.com/im/pictures/e2b792dc-7b8e-490e-8b18-e33d4e27f774.jpg?aki_policy=large"", ""https://a0.muscache.com/im/pictures/4ae0793f-4a70-42fb-a1b6-1deee88dc81b.jpg?aki_policy=large"", ""https://a0.muscache.com/im/pictures/2df5e916-2794-40bb-9db5-20168e866814.jpg?aki_policy=large"", ""https://a0.muscache.com/im/pictures/4a8f72aa-abe2-4279-ad95-4268df4c53ae.jpg?aki_policy=large"", ""https://a0.muscache.com/im/pictures/bc3c6416-eaab-4797-b38d-c33022bf1b61.jpg?aki_policy=large"", ""https://a0.muscache.com/im/pictures/807800ff-3dd2-4fae-aec4-5dc5277698c1.jpg?aki_policy=large"", ""https://a0.muscache.com/im/pictures/b85cb905-250f-4aa6-ad1f-30a5bba99020.jpg?aki_policy=large"", ""https://a0.muscache.com/im/pictures/12ccefda-b4e4-43d1-acb8-4404bd6817d3.jpg?aki_policy=large"", ""https://a0.muscache.com/im/pictures/f1dae769-34c7-4c66-b13d-053e3cb6cd97.jpg?aki_policy=large"", ""https://a0.muscache.com/im/pictures/93fa21a8-f856-4d5e-afb8-ac69847a60ae.jpg?aki_policy=large"", ""https://a0.muscache.com/im/pictures/6f29fdf4-e29d-4daa-9e3b-ee1f0a91c71e.jpg?aki_policy=large"", ""https://a0.muscache.com/im/pictures/f516631b-a279-4cb0-bc78-0e9abb505c4c.jpg?aki_policy=large"", ""https://a0.muscache.com/im/pictures/465eada1-c02f-4fed-abd5-cb5f75ede3c2.jpg?aki_policy=large"", ""https://a0.muscache.com/im/pictures/9462196a-4611-4060-8819-525677b25502.jpg?aki_policy=large"", ""https://a0.muscache.com/im/pictures/4521ece5-42dc-4887-b2a0-29bba1929c20.jpg?aki_policy=large"", ""https://a0.muscache.com/im/pictures/70e7f6c1-77c6-4c71-935f-e98daa9bd662.jpg?aki_policy=large"", ""https://a0.muscache.com/im/pictures/aeb5f2b6-89fd-4594-8bf3-f44abdd304e9.jpg?aki_policy=large"", ""https://a0.muscache.com/im/pictures/02414fde-87cd-4701-9e25-5c30e48e897f.jpg?aki_policy=large""]";"{""beds"": 1, ""bedrooms"": 0, ""bathrooms"": 1.0, ""amenity_ids"": [1, 129, 2, 3, 4, 8, 10, 77, 21, 85, 89, 90, 91, 28, 92, 93, 30, 94, 95, 96, 33, 34, 35, 36, 37, 38, 39, 40, 41, 43, 44, 45, 46, 47, 49, 50], ""is_rebookable"": false, ""is_new_listing"": false, ""is_fully_refundable"": true, ""is_host_highly_rated"": true, ""is_business_travel_ready"": false}";"{""weekly_factor"": 1.0, ""monthly_factor"": 1.0}";2412;"";"{""is_superhost"": false}"
12779552;Cozy Studio Belleville;entire_home;Paris-20E-Arrondissement;Buttes-Chaumont - Belleville;48.8759506561;2.40418072571;1;"[""https://a0.muscache.com/im/pictures/3cecacda-66b5-47b1-9e4a-b2762b6364e0.jpg?aki_policy=large"", ""https://a0.muscache.com/im/pictures/5af041e5-a15e-462d-94a5-e93fa2d60760.jpg?aki_policy=large"", ""https://a0.muscache.com/im/pictures/1b63d65f-314d-436c-aae8-8c36237043cd.jpg?aki_policy=large"", ""https://a0.muscache.com/im/pictures/2554d9b4-f140-41a9-8018-a4627e2adc89.jpg?aki_policy=large"", ""https://a0.muscache.com/im/pictures/e452dd4e-6eba-4423-8689-d9ca527f634c.jpg?aki_policy=large"", ""https://a0.muscache.com/im/pictures/635f1188-8a23-48b0-849d-c39e90a02640.jpg?aki_policy=large"", ""https://a0.muscache.com/im/pictures/ffed49d1-4237-41d5-875d-70fb8f7c6f50.jpg?aki_policy=large"", ""https://a0.muscache.com/im/pictures/c55a579e-a794-4276-ab0c-073c6eb9ee8a.jpg?aki_policy=large"", ""https://a0.muscache.com/im/pictures/031072ed-90dc-4c71-a2fb-4ed5f43bc8ff.jpg?aki_policy=large"", ""https://a0.muscache.com/im/pictures/a57aa4d5-2998-45a5-b33a-ca1ae305309f.jpg?aki_policy=large""]";"{""beds"": 1, ""bedrooms"": 0, ""bathrooms"": 1.0, ""amenity_ids"": [4, 21, 85, 8, 40, 43, 44, 77, 30, 31, 47], ""is_rebookable"": false, ""is_new_listing"": false, ""is_fully_refundable"": true, ""is_host_highly_rated"": false, ""is_business_travel_ready"": false}";"{""weekly_factor"": 0.9, ""monthly_factor"": 0.7}";6100;"";"{""is_superhost"": false}"
12788813;Bright cosy flat,amazing view, NEW!;entire_home;Paris;"";48.8729705537;2.33794457977;2;"[""https://a0.muscache.com/im/pictures/85b89c77-5c8a-4b25-91a5-d5675b27d448.jpg?aki_policy=large"", ""https://a0.muscache.com/im/pictures/4efea6b6-0509-4fc2-a72c-03e0b85041e0.jpg?aki_policy=large"", ""https://a0.muscache.com/im/pictures/70c4252b-6f96-44e9-8876-e0ef7deeabee.jpg?aki_policy=large"", ""https://a0.muscache.com/im/pictures/9e2853e6-b0d6-4d02-b965-58243598bc84.jpg?aki_policy=large"", ""https://a0.muscache.com/im/pictures/22387c66-aba4-4054-b5ba-abf5cb48cf61.jpg?aki_policy=large"", ""https://a0.muscache.com/im/pictures/2c023eb6-612d-4677-bef8-26e3cf17eb76.jpg?aki_policy=large"", ""https://a0.muscache.com/im/pictures/8bd6c529-0a93-40a8-a18a-f16fa3eb6c1e.jpg?aki_policy=large"", ""https://a0.muscache.com/im/pictures/4797fb36-bd7b-424f-b3ba-c13cd52520b5.jpg?aki_policy=large"", ""https://a0.muscache.com/im/pictures/7470192f-1923-4ada-92b8-b37098d88640.jpg?aki_policy=large"", ""https://a0.muscache.com/im/pictures/40e15c9f-bdb7-4aab-a2b0-bd6fc4a3bf2b.jpg?aki_policy=large"", ""https://a0.muscache.com/im/pictures/694d1e87-a9dc-45ca-91f7-2d74a37c56d2.jpg?aki_policy=large"", ""https://a0.muscache.com/im/pictures/e92bda2a-5493-4b38-8efc-c09e86351ce7.jpg?aki_policy=large"", ""https://a0.muscache.com/im/pictures/e87140ad-4b9e-4faa-9a8d-2790d0a794f6.jpg?aki_policy=large"", ""https://a0.muscache.com/im/pictures/5437d427-77fd-42ba-ad90-5e7045d65209.jpg?aki_policy=large"", ""https://a0.muscache.com/im/pictures/4c718a28-cf2e-47e8-b4ff-e29b065f0856.jpg?aki_policy=large"", ""https://a0.muscache.com/im/pictures/fe5cde0f-c876-4d80-9a3e-c319c60d04b7.jpg?aki_policy=large"", ""https://a0.muscache.com/im/pictures/c62cf5d8-6ef7-4d3c-87a1-edcde1013de4.jpg?aki_policy=large"", ""https://a0.muscache.com/im/pictures/3a40fd0f-4069-43ec-ae73-b3a30ccb21f1.jpg?aki_policy=large"", ""https://a0.muscache.com/im/pictures/3c900756-282e-4ffb-b09a-9a38e6bb8a48.jpg?aki_policy=large"", ""https://a0.muscache.com/im/pictures/c1c2b3dd-68d5-4c73-b147-26889454215a.jpg?aki_policy=large"", ""https://a0.muscache.com/im/pictures/a343a537-e4ac-41fc-ad05-bca58a6c704e.jpg?aki_policy=large"", ""https://a0.muscache.com/im/pictures/5807b406-e7ba-43fc-9a71-709e6f9f0f31.jpg?aki_policy=large"", ""https://a0.muscache.com/im/pictures/7f646caf-c79f-47bb-9921-21fd98417d61.jpg?aki_policy=large"", ""https://a0.muscache.com/im/pictures/79fcce5f-19fe-45a6-9990-21cf8081e1b1.jpg?aki_policy=large"", ""https://a0.muscache.com/im/pictures/836291cd-db67-49af-aa10-ac131802568f.jpg?aki_policy=large"", ""https://a0.muscache.com/im/pictures/1a10aac5-09ed-4a51-99f0-49c5a5f309d2.jpg?aki_policy=large"", ""https://a0.muscache.com/im/pictures/7e16195e-6b03-4b56-9f26-4bacb7e7c30a.jpg?aki_policy=large"", ""https://a0.muscache.com/im/pictures/4db57b40-148d-468b-983f-8c46302d4ffb.jpg?aki_policy=large"", ""https://a0.muscache.com/im/pictures/f7f8473b-97f9-4acf-8d6d-ce8903dbdfe3.jpg?aki_policy=large"", ""https://a0.muscache.com/im/pictures/3aca5aeb-198c-41c7-bc22-53ecb8a411b7.jpg?aki_policy=large""]";"{""beds"": 1, ""bedrooms"": 1, ""bathrooms"": 1.0, ""amenity_ids"": [33, 34, 3, 35, 4, 36, 38, 39, 8, 40, 41, 43, 44, 45, 46, 47, 50, 21, 28, 30, 31], ""is_rebookable"": false, ""is_new_listing"": false, ""is_fully_refundable"": true, ""is_host_highly_rated"": true, ""is_business_travel_ready"": false}";"{""weekly_factor"": 0.9, ""monthly_factor"": 1.0}";6586;"";"{""is_superhost"": false}"
12793662;Lovely calm flat in central Paris;entire_home;Paris;Gare du Nord - Gare de I'Est;48.8779595615;2.35756168146;4;"[""https://a0.muscache.com/im/pictures/048ca26f-38e4-4c43-b2b3-d1265220bb7f.jpg?aki_policy=large"", ""https://a0.muscache.com/im/pictures/0e1d4117-e07d-4e88-ae79-388b3540a476.jpg?aki_policy=large"", ""https://a0.muscache.com/im/pictures/33752462-6a94-4d1f-be04-52c45153ad5c.jpg?aki_policy=large"", ""https://a0.muscache.com/im/pictures/4ed31ccc-43cf-4e15-933b-a96fbf7acdac.jpg?aki_policy=large"", ""https://a0.muscache.com/im/pictures/191dd46b-3436-4a61-9cfc-d3088f3f14e7.jpg?aki_policy=large"", ""https://a0.muscache.com/im/pictures/b7c9ac16-cb92-4702-9b04-26951fbc0c69.jpg?aki_policy=large"", ""https://a0.muscache.com/im/pictures/bcd03685-b17e-4b33-9e5d-14dfd69b9eca.jpg?aki_policy=large"", ""https://a0.muscache.com/im/pictures/fcea7229-5f14-4467-a749-21216f7acd57.jpg?aki_policy=large"", ""https://a0.muscache.com/im/pictures/c9455ee1-c829-42fd-9b9c-7fa4823fc850.jpg?aki_policy=large"", ""https://a0.muscache.com/im/pictures/fc5d34f1-4f8d-4306-bf88-3e767b16d852.jpg?aki_policy=large"", ""https://a0.muscache.com/im/pictures/6dcdd006-a260-4003-8f53-f6d865ca7250.jpg?aki_policy=large"", ""https://a0.muscache.com/im/pictures/50b8e632-9e8d-4863-b06c-9e8f06736e3f.jpg?aki_policy=large"", ""https://a0.muscache.com/im/pictures/8d2ce14c-d87f-4e8b-bf29-c042148301a9.jpg?aki_policy=large""]";"{""beds"": 2, ""bedrooms"": 1, ""bathrooms"": 1.0, ""amenity_ids"": [96, 33, 3, 67, 4, 8, 40, 41, 107, 44, 45, 46, 47, 16, 21, 89, 90, 91, 28, 92, 93, 30, 94, 95], ""is_rebookable"": false, ""is_new_listing"": false, ""is_fully_refundable"": true, ""is_host_highly_rated"": false, ""is_business_travel_ready"": false}";"{""weekly_factor"": 0.77, ""monthly_factor"": 0.77}";5948;"";"{""is_superhost"": false}"
12816341;EIFFEL AT LAST!;entire_home;Paris;Tour Eiffel - Champ de Mars;48.8620469028;2.29347771984;3;"[""https://a0.muscache.com/im/pictures/e4e3221b-d3ea-4bda-949a-f1c3836cd6be.jpg?aki_policy=large"", ""https://a0.muscache.com/im/pictures/5e8de89f-43ed-4c96-ba59-297a7277d031.jpg?aki_policy=large"", ""https://a0.muscache.com/im/pictures/91aeef5c-f290-4dea-9b68-3314988bd4d9.jpg?aki_policy=large"", ""https://a0.muscache.com/im/pictures/888f7e7a-e384-4033-87c9-bb5cb6012760.jpg?aki_policy=large"", ""https://a0.muscache.com/im/pictures/5a98748d-ee6e-421f-8bd0-3dcbc6fef804.jpg?aki_policy=large"", ""https://a0.muscache.com/im/pictures/6128c940-ba2c-4b6a-8731-263c54da1065.jpg?aki_policy=large"", ""https://a0.muscache.com/im/pictures/343d6620-6d24-4391-8c48-49e8baa34f47.jpg?aki_policy=large"", ""https://a0.muscache.com/im/pictures/da819842-0370-4f2c-94c6-e59bbe77cfcc.jpg?aki_policy=large"", ""https://a0.muscache.com/im/pictures/62a7cb42-fa0b-4e4e-bf8c-20a13adbe910.jpg?aki_policy=large"", ""https://a0.muscache.com/im/pictures/b3876023-553f-4698-8bad-1cf4837bbee4.jpg?aki_policy=large"", ""https://a0.muscache.com/im/pictures/9021ad27-e016-4ee2-8668-3fd5ffa34ae9.jpg?aki_policy=large"", ""https://a0.muscache.com/im/pictures/69f1a216-d160-46da-95b8-4274bc9d4e3d.jpg?aki_policy=large"", ""https://a0.muscache.com/im/pictures/8e66dc08-5e09-44d2-a455-6219fa16a7e8.jpg?aki_policy=large"", ""https://a0.muscache.com/im/pictures/dca4673f-74b5-4066-b5aa-5d53b8e62fed.jpg?aki_policy=large"", ""https://a0.muscache.com/im/pictures/d3a1f644-1904-4428-b2f4-73eebd66f90b.jpg?aki_policy=large"", ""https://a0.muscache.com/im/pictures/a0e6d8ed-7339-40cb-bb7c-128017784f2e.jpg?aki_policy=large""]";"{""beds"": 2, ""bedrooms"": 1, ""bathrooms"": 1.5, ""amenity_ids"": [1, 33, 2, 34, 3, 4, 8, 40, 43, 44, 45, 14, 46, 21, 28, 30], ""is_rebookable"": false, ""is_new_listing"": false, ""is_fully_refundable"": true, ""is_host_highly_rated"": false, ""is_business_travel_ready"": false}";"{""weekly_factor"": 1.0, ""monthly_factor"": 1.0}";4720;"";"{""is_superhost"": false}"
12843238;Charmant petit loft Paris 11°;entire_home;Paris;République;48.8688326377;2.37510109915;2;"[""https://a0.muscache.com/im/pictures/697ffa28-c9be-40db-87c1-bea66d3b6f80.jpg?aki_policy=large"", ""https://a0.muscache.com/im/pictures/fc515da2-7a4b-4f07-8314-c8f8e41b47a8.jpg?aki_policy=large"", ""https://a0.muscache.com/im/pictures/dcb88ce9-ffae-4377-b7da-5ec099b4bbc6.jpg?aki_policy=large"", ""https://a0.muscache.com/im/pictures/70afb43e-d355-4c33-8478-4d096d94f5a5.jpg?aki_policy=large"", ""https://a0.muscache.com/im/pictures/5ea23141-fd56-4020-96d9-18eff3ae88d4.jpg?aki_policy=large"", ""https://a0.muscache.com/im/pictures/f7e0ad6b-85cc-4471-aed0-977320b3831c.jpg?aki_policy=large"", ""https://a0.muscache.com/im/pictures/2c8b922a-de73-40e3-93a5-925300187a89.jpg?aki_policy=large"", ""https://a0.muscache.com/im/pictures/1379d91b-0e09-4a59-a4ba-1ef4449423bd.jpg?aki_policy=large"", ""https://a0.muscache.com/im/pictures/7f02774a-4329-4a88-b5a5-831f31f03957.jpg?aki_policy=large"", ""https://a0.muscache.com/im/pictures/7221a4b1-0506-447c-a73a-60f330d7e5f7.jpg?aki_policy=large"", ""https://a0.muscache.com/im/pictures/dea43415-29ba-4184-82b9-dece57c3dd0d.jpg?aki_policy=large"", ""https://a0.muscache.com/im/pictures/ed704ea7-7688-4022-94be-dc163d2c1bde.jpg?aki_policy=large"", ""https://a0.muscache.com/im/pictures/084397da-5e23-41c4-9c1c-5560d9c2818f.jpg?aki_policy=large"", ""https://a0.muscache.com/im/pictures/0d1f1151-2a6e-4056-8ba3-c7a9de8f9888.jpg?aki_policy=large""]";"{""beds"": 1, ""bedrooms"": 1, ""bathrooms"": 1.0, ""amenity_ids"": [1, 33, 2, 3, 35, 4, 5, 8, 40, 41, 44, 45, 46, 47, 49, 50, 27, 30], ""is_rebookable"": false, ""is_new_listing"": false, ""is_fully_refundable"": true, ""is_host_highly_rated"": true, ""is_business_travel_ready"": false}";"{""weekly_factor"": 1.0, ""monthly_factor"": 1.0}";635;"";"{""is_superhost"": true}"
12960358;Beautiful independant appartment, mews house style;entire_home;Paris;Saint Germain des Prés - Odéon;48.857318753;2.32912213742;3;"[""https://a0.muscache.com/im/pictures/55937859-0e50-44cb-8b95-86f104c79b3c.jpg?aki_policy=large"", ""https://a0.muscache.com/im/pictures/002564cd-30c6-416b-8384-0762ae12b3dd.jpg?aki_policy=large"", ""https://a0.muscache.com/im/pictures/a5d29f0d-a342-4405-a01a-41b70a824112.jpg?aki_policy=large"", ""https://a0.muscache.com/im/pictures/03a7403a-3429-48b7-81de-49d1a281ba42.jpg?aki_policy=large"", ""https://a0.muscache.com/im/pictures/c862916c-cfd6-4af8-bbe9-4563a7c55c88.jpg?aki_policy=large"", ""https://a0.muscache.com/im/pictures/23cb4618-110e-492a-b818-5771301c6cc1.jpg?aki_policy=large"", ""https://a0.muscache.com/im/pictures/c70f62fd-bb7a-4afa-8a59-b9c07fc3cbe2.jpg?aki_policy=large"", ""https://a0.muscache.com/im/pictures/bf8f3a4b-bd48-42e8-b1a7-5a5018bcc139.jpg?aki_policy=large"", ""https://a0.muscache.com/im/pictures/91259312-2a45-4572-af4d-cda3a4a43920.jpg?aki_policy=large"", ""https://a0.muscache.com/im/pictures/ba030dd6-8404-4ff9-930f-7f0fdb461da0.jpg?aki_policy=large"", ""https://a0.muscache.com/im/pictures/77c71c12-92b4-4407-bd7b-bf202600da44.jpg?aki_policy=large"", ""https://a0.muscache.com/im/pictures/392c2216-ec10-4f57-aed8-30972fd85881.jpg?aki_policy=large"", ""https://a0.muscache.com/im/pictures/7214afa9-7b5c-4a48-9998-d85c4e754518.jpg?aki_policy=large"", ""https://a0.muscache.com/im/pictures/00981e15-ce2d-4220-beee-8f9cb25b20fb.jpg?aki_policy=large"", ""https://a0.muscache.com/im/pictures/48663d0e-22c1-4ecb-a8b3-1bb8407e5d6a.jpg?aki_policy=large"", ""https://a0.muscache.com/im/pictures/fda4c30f-bb10-4032-8a1a-948ea8471243.jpg?aki_policy=large""]";"{""beds"": 2, ""bedrooms"": 2, ""bathrooms"": 1.5, ""amenity_ids"": [1, 129, 4, 8, 11, 77, 88, 90, 91, 93, 30, 94, 95, 96, 35, 36, 40, 41, 42, 44, 45, 46, 47, 49, 50, 56], ""is_rebookable"": false, ""is_new_listing"": false, ""is_fully_refundable"": true, ""is_host_highly_rated"": true, ""is_business_travel_ready"": false}";"{""weekly_factor"": 1.0, ""monthly_factor"": 0.85}";7804;"";"{""is_superhost"": false}"
12961597;Bel appartement ensoleillé 3 chambres 95m2;entire_home;Paris;11e arrondissement;48.8512985741;2.38597118986;5;"[""https://a0.muscache.com/im/pictures/dc9a0a4c-4b20-4840-98fd-02d7f8198940.jpg?aki_policy=large"", ""https://a0.muscache.com/im/pictures/20c99719-2619-4b36-96ed-aa2e7a5db798.jpg?aki_policy=large"", ""https://a0.muscache.com/im/pictures/0bd70594-3bac-4abb-aed5-eebc8abf33e8.jpg?aki_policy=large"", ""https://a0.muscache.com/im/pictures/d0b70234-1914-4064-a9d5-47b92a0218d1.jpg?aki_policy=large"", ""https://a0.muscache.com/im/pictures/239ec50c-ed36-42f0-8ce1-be05d95963df.jpg?aki_policy=large"", ""https://a0.muscache.com/im/pictures/c06bdd2d-4f18-4f31-8518-e51f79796e0e.jpg?aki_policy=large"", ""https://a0.muscache.com/im/pictures/2711117c-5736-4f49-b582-cf0baf029dbb.jpg?aki_policy=large"", ""https://a0.muscache.com/im/pictures/9842f595-79e7-44c7-a4a4-793f83270cd4.jpg?aki_policy=large"", ""https://a0.muscache.com/im/pictures/118b7c49-3c8f-4cab-8410-8d4eb77c36da.jpg?aki_policy=large"", ""https://a0.muscache.com/im/pictures/2d9e3335-2128-47fe-9b96-d09d146cc478.jpg?aki_policy=large"", ""https://a0.muscache.com/im/pictures/47b590a0-366a-4679-a659-92e30f7266ff.jpg?aki_policy=large"", ""https://a0.muscache.com/im/pictures/4d251fa1-636a-4748-b840-63eef75b5fa9.jpg?aki_policy=large"", ""https://a0.muscache.com/im/pictures/95af1b47-1387-423e-be01-7ab18fc8e979.jpg?aki_policy=large"", ""https://a0.muscache.com/im/pictures/4256ea07-f3bb-4952-94d5-93b63196390b.jpg?aki_policy=large"", ""https://a0.muscache.com/im/pictures/7d5b4517-e6e2-443b-91d9-c2c18c5c5537.jpg?aki_policy=large"", ""https://a0.muscache.com/im/pictures/17457af1-374c-4dcc-ab0b-f3ee5cbc1c3e.jpg?aki_policy=large"", ""https://a0.muscache.com/im/pictures/28a6b8b1-8b9e-4724-87dd-07959f689f72.jpg?aki_policy=large"", ""https://a0.muscache.com/im/pictures/47e39dc7-a542-4851-97c5-747b9297b1cc.jpg?aki_policy=large"", ""https://a0.muscache.com/im/pictures/23411133-d2f0-4b35-bbb5-d242204b3b60.jpg?aki_policy=large"", ""https://a0.muscache.com/im/pictures/9a69eb00-bef3-4cdd-8640-a7cb222a8de2.jpg?aki_policy=large"", ""https://a0.muscache.com/im/pictures/26c67333-3a86-4b1d-b6c6-5ade03c98367.jpg?aki_policy=large"", ""https://a0.muscache.com/im/pictures/2f212392-6c03-4e60-8cb8-1e24067b087d.jpg?aki_policy=large""]";"{""beds"": 3, ""bedrooms"": 3, ""bathrooms"": 2.0, ""amenity_ids"": [1, 33, 129, 3, 4, 103, 8, 40, 41, 10, 44, 45, 77, 46, 47, 21, 85, 28, 30, 31], ""is_rebookable"": false, ""is_new_listing"": false, ""is_fully_refundable"": true, ""is_host_highly_rated"": true, ""is_business_travel_ready"": false}";"{""weekly_factor"": 1.0, ""monthly_factor"": 1.0}";2493;"";"{""is_superhost"": true}"
12976143;Classic Parisian Style 3BR *Marais *7 Guests;entire_home;Paris;Saint-Paul - Ile Saint-Louis;48.8562552569;2.35367775145;7;"[""https://a0.muscache.com/im/pictures/ea676765-aa8b-43dd-b135-007e7c7cf848.jpg?aki_policy=large"", ""https://a0.muscache.com/im/pictures/ce3dc496-28c4-4769-8b0b-f03ab6dd9a7b.jpg?aki_policy=large"", ""https://a0.muscache.com/im/pictures/1f09d130-e8a6-4f75-a6c8-b35335c779d1.jpg?aki_policy=large"", ""https://a0.muscache.com/im/pictures/718d13e9-5d32-4b94-b824-0840a7b31b74.jpg?aki_policy=large"", ""https://a0.muscache.com/im/pictures/8d61e060-ab62-4aee-92a9-44dab4fc93d6.jpg?aki_policy=large"", ""https://a0.muscache.com/im/pictures/909ad3f9-84df-4357-97cf-948730d8511e.jpg?aki_policy=large"", ""https://a0.muscache.com/im/pictures/b686817d-bed1-4987-82e2-aa23a1f93ed0.jpg?aki_policy=large"", ""https://a0.muscache.com/im/pictures/cdf8464e-8b6e-4307-9a74-711eff0ea002.jpg?aki_policy=large"", ""https://a0.muscache.com/im/pictures/9e3bfe51-e903-4bea-a412-e2f5b3bac67f.jpg?aki_policy=large"", ""https://a0.muscache.com/im/pictures/82ef1a3f-2c14-44f2-9448-489139df2016.jpg?aki_policy=large"", ""https://a0.muscache.com/im/pictures/8f5d2104-273c-4497-8b31-5341cac26e22.jpg?aki_policy=large"", ""https://a0.muscache.com/im/pictures/8ae58741-abc4-4a17-bdcb-cb8934fbc412.jpg?aki_policy=large"", ""https://a0.muscache.com/im/pictures/660e755f-757f-42fc-8dc9-afa52cf54283.jpg?aki_policy=large"", ""https://a0.muscache.com/im/pictures/3c92a810-4cc1-4726-b092-192481fcebff.jpg?aki_policy=large"", ""https://a0.muscache.com/im/pictures/9cc33082-e605-4f05-811c-37544c363b74.jpg?aki_policy=large"", ""https://a0.muscache.com/im/pictures/fad40852-0038-4224-8b32-bc391fabcd17.jpg?aki_policy=large"", ""https://a0.muscache.com/im/pictures/3d259eb4-65ad-420c-902b-91dacf925a8f.jpg?aki_policy=large"", ""https://a0.muscache.com/im/pictures/1f104dc4-22a6-4343-bd96-f39c8fcc30ed.jpg?aki_policy=large"", ""https://a0.muscache.com/im/pictures/23af3723-c7e3-4816-baa5-8f98bb36df24.jpg?aki_policy=large"", ""https://a0.muscache.com/im/pictures/f431fc41-a520-4c4c-8313-88701aa3b701.jpg?aki_policy=large"", ""https://a0.muscache.com/im/pictures/043a2e31-b3a5-4029-9950-8f914427e172.jpg?aki_policy=large"", ""https://a0.muscache.com/im/pictures/8c1f2924-b142-4d3c-a055-a607f0fe5076.jpg?aki_policy=large"", ""https://a0.muscache.com/im/pictures/efa281c1-e02e-4984-bf37-1a73d231b897.jpg?aki_policy=large"", ""https://a0.muscache.com/im/pictures/5ffabeb4-ef9c-42a3-b7e2-fe9026cb7b3c.jpg?aki_policy=large"", ""https://a0.muscache.com/im/pictures/99f0b165-af56-4eea-8371-add0a1abf324.jpg?aki_policy=large""]";"{""beds"": 4, ""bedrooms"": 3, ""bathrooms"": 2.0, ""amenity_ids"": [64, 1, 129, 2, 3, 4, 71, 8, 77, 21, 85, 89, 90, 27, 91, 28, 93, 30, 94, 31, 96, 33, 35, 40, 41, 45, 46, 47, 62], ""is_rebookable"": false, ""is_new_listing"": false, ""is_fully_refundable"": true, ""is_host_highly_rated"": true, ""is_business_travel_ready"": false}";"{""weekly_factor"": 0.92, ""monthly_factor"": 0.85}";4754;"";"{""is_superhost"": false}"
13074083;Joker, 1Ch/1SdB, 2 personnes;entire_home;Paris;3e arrondissement;48.8646096086;2.35716816108;2;"[""https://a0.muscache.com/im/pictures/9e49f0f6-6ccf-41b2-a463-572e6c869957.jpg?aki_policy=large"", ""https://a0.muscache.com/im/pictures/f62f62a4-2bc6-4ace-94ec-ea65a24cab4c.jpg?aki_policy=large"", ""https://a0.muscache.com/im/pictures/10c44fae-db22-4793-8a21-71fdb168a502.jpg?aki_policy=large"", ""https://a0.muscache.com/im/pictures/7219f95e-2cca-46c5-8da2-40fe43a73c28.jpg?aki_policy=large"", ""https://a0.muscache.com/im/pictures/b61fa3b1-cc15-4d40-9d92-897ffef4c11a.jpg?aki_policy=large"", ""https://a0.muscache.com/im/pictures/c2d81aeb-e8c9-4485-a893-0f9a47586b86.jpg?aki_policy=large"", ""https://a0.muscache.com/im/pictures/506f0aac-69f4-422e-8760-8292f1b8f7eb.jpg?aki_policy=large"", ""https://a0.muscache.com/im/pictures/3dd10a4e-9bc4-4b74-98a9-c073eb784534.jpg?aki_policy=large"", ""https://a0.muscache.com/im/pictures/0743596e-e46b-4442-acbf-610e347256e6.jpg?aki_policy=large"", ""https://a0.muscache.com/im/pictures/933a7d45-3f36-4d2d-9222-a84d6726f1d6.jpg?aki_policy=large"", ""https://a0.muscache.com/im/pictures/39e71321-9cf3-408d-8f5c-9773a2e6bef4.jpg?aki_policy=large""]";"{""beds"": 1, ""bedrooms"": 1, ""bathrooms"": 1.0, ""amenity_ids"": [1, 33, 2, 35, 4, 39, 8, 44, 45, 30, 46, 31], ""is_rebookable"": false, ""is_new_listing"": false, ""is_fully_refundable"": true, ""is_host_highly_rated"": true, ""is_business_travel_ready"": false}";"{""weekly_factor"": 0.88, ""monthly_factor"": 0.68}";5235;"";"{""is_superhost"": false}"
13111723;Cosy Studio in Neuilly !!!;entire_home;Neuilly-sur-Seine;16e arrondissement;48.8815160565;2.27121042348;2;"[""https://a0.muscache.com/im/pictures/fff4351b-4ff5-4c74-8788-7e12f02370d7.jpg?aki_policy=large"", ""https://a0.muscache.com/im/pictures/f759909c-2bdb-4b17-9bbe-ef15185c6778.jpg?aki_policy=large"", ""https://a0.muscache.com/im/pictures/fe6115e4-3103-4183-b772-341a4adf930b.jpg?aki_policy=large"", ""https://a0.muscache.com/im/pictures/a0519e1a-f9c2-47fd-a181-90feed30c4d6.jpg?aki_policy=large"", ""https://a0.muscache.com/im/pictures/c03cf0d9-41b3-482f-ba00-9036bb8f509a.jpg?aki_policy=large"", ""https://a0.muscache.com/im/pictures/c614cc5c-eaa3-42a3-925e-a7d5deb6fca4.jpg?aki_policy=large"", ""https://a0.muscache.com/im/pictures/1d29ac49-274c-4129-8c05-78db9c30a346.jpg?aki_policy=large"", ""https://a0.muscache.com/im/pictures/e163a817-1c4e-4a5e-bf2d-ea4737b82aa3.jpg?aki_policy=large""]";"{""beds"": 1, ""bedrooms"": 0, ""bathrooms"": 1.0, ""amenity_ids"": [1, 3, 4, 8, 30], ""is_rebookable"": false, ""is_new_listing"": false, ""is_fully_refundable"": true, ""is_host_highly_rated"": true, ""is_business_travel_ready"": false}";"{""weekly_factor"": 1.0, ""monthly_factor"": 1.0}";4570;"";"{""is_superhost"": false}"
13093102;Petit Veneur, 1Ch/1Sdb, 4 personnes.;entire_home;Paris-3E-Arrondissement;Le Marais;48.8601113561;2.36651432199;4;"[""https://a0.muscache.com/im/pictures/90a579df-6dfe-4f6f-ad01-f525400a0fde.jpg?aki_policy=large"", ""https://a0.muscache.com/im/pictures/e6c4a5cf-f39d-44cb-b6f9-6e4aabbccb52.jpg?aki_policy=large"", ""https://a0.muscache.com/im/pictures/4ae3a9fb-d2c0-4a8b-9efe-b6332a2fd9d2.jpg?aki_policy=large"", ""https://a0.muscache.com/im/pictures/5504bd5c-09bd-4a81-9ee4-3ab6b63645b0.jpg?aki_policy=large"", ""https://a0.muscache.com/im/pictures/039e49ed-7699-4a82-a4e1-a7c1db271d21.jpg?aki_policy=large"", ""https://a0.muscache.com/im/pictures/25913ac5-bc27-46f6-9bee-db28a9428058.jpg?aki_policy=large"", ""https://a0.muscache.com/im/pictures/ec67476f-230a-4492-b7e0-121dcf147f77.jpg?aki_policy=large"", ""https://a0.muscache.com/im/pictures/e321fe28-e0f6-42de-90c2-01a425d3b4ea.jpg?aki_policy=large"", ""https://a0.muscache.com/im/pictures/dc2e3d11-5717-40ff-a7ab-e2927566531d.jpg?aki_policy=large""]";"{""beds"": 2, ""bedrooms"": 1, ""bathrooms"": 1.0, ""amenity_ids"": [1, 33, 2, 3, 4, 8, 44, 45, 46, 47, 21, 30, 31], ""is_rebookable"": false, ""is_new_listing"": false, ""is_fully_refundable"": true, ""is_host_highly_rated"": true, ""is_business_travel_ready"": false}";"{""weekly_factor"": 0.86, ""monthly_factor"": 0.49}";5235;"";"{""is_superhost"": false}"
13125866;Appartement haut marais;entire_home;Paris;République;48.8645331449;2.36532613811;3;"[""https://a0.muscache.com/im/pictures/053a6eb7-8d36-4fa5-a69f-033d0a7a9b92.jpg?aki_policy=large"", ""https://a0.muscache.com/im/pictures/16afcf07-cb2a-4420-8195-ba3f0844ec4f.jpg?aki_policy=large"", ""https://a0.muscache.com/im/pictures/a669d309-aeec-4f03-89fa-a7e69a460dcf.jpg?aki_policy=large"", ""https://a0.muscache.com/im/pictures/a794415f-0455-4960-8d9f-4b0d894afcee.jpg?aki_policy=large"", ""https://a0.muscache.com/im/pictures/4a152e3d-779b-449d-80e2-0edefec1fb1c.jpg?aki_policy=large"", ""https://a0.muscache.com/im/pictures/ebae0459-57f7-4b8b-aebd-fe2913f7e66d.jpg?aki_policy=large"", ""https://a0.muscache.com/im/pictures/dbc28f7b-687d-459f-9620-7fd373c92af6.jpg?aki_policy=large"", ""https://a0.muscache.com/im/pictures/dc351b85-0bb4-41ee-a0c4-dce1d1987ed8.jpg?aki_policy=large"", ""https://a0.muscache.com/im/pictures/9b36c893-b751-4cb7-8e06-7c68c2bae05d.jpg?aki_policy=large"", ""https://a0.muscache.com/im/pictures/595daa3f-265a-4b1c-b21c-7a35ff25ee8a.jpg?aki_policy=large"", ""https://a0.muscache.com/im/pictures/83582498-84e1-4bb7-b6e6-8e668e290843.jpg?aki_policy=large"", ""https://a0.muscache.com/im/pictures/39fc20bf-a6af-4f87-a30a-d03cf07573a9.jpg?aki_policy=large"", ""https://a0.muscache.com/im/pictures/63bd9ea6-8739-4be7-82b8-edd913e6e9ab.jpg?aki_policy=large"", ""https://a0.muscache.com/im/pictures/685b22a8-2c40-4093-b28a-7a9d91d73680.jpg?aki_policy=large"", ""https://a0.muscache.com/im/pictures/d43c2450-18af-408a-801e-3a4376dc11a0.jpg?aki_policy=large"", ""https://a0.muscache.com/im/pictures/e2695499-6cd5-40c8-abab-21a6fbb3a71d.jpg?aki_policy=large"", ""https://a0.muscache.com/im/pictures/5bbb102c-963e-4828-879d-bae72984a096.jpg?aki_policy=large"", ""https://a0.muscache.com/im/pictures/a48ddbb2-9fa7-4b8e-8245-8b273d10c465.jpg?aki_policy=large"", ""https://a0.muscache.com/im/pictures/4cc60860-b213-4e93-ab1e-4660fb14c51c.jpg?aki_policy=large"", ""https://a0.muscache.com/im/pictures/86976c03-333c-45bd-94d1-8c0ea5fc48fd.jpg?aki_policy=large"", ""https://a0.muscache.com/im/pictures/3ead8e98-3ebe-406e-9596-73356a849b1e.jpg?aki_policy=large"", ""https://a0.muscache.com/im/pictures/88333334-3002-4037-9c27-7ca4f79b3e44.jpg?aki_policy=large"", ""https://a0.muscache.com/im/pictures/07af6f02-7bd5-4580-9df0-32b6a8424c64.jpg?aki_policy=large"", ""https://a0.muscache.com/im/pictures/4e442716-8ddd-4a54-9ba9-3bec35822568.jpg?aki_policy=large"", ""https://a0.muscache.com/im/pictures/b6b5e9f6-208c-4548-bbd4-afd4a5bc69ee.jpg?aki_policy=large"", ""https://a0.muscache.com/im/pictures/ecdee245-6e95-4267-a74b-549f48d5a404.jpg?aki_policy=large"", ""https://a0.muscache.com/im/pictures/a0dc5e64-3cc7-4edb-8158-cea1b25a3df6.jpg?aki_policy=large"", ""https://a0.muscache.com/im/pictures/087e3e35-4049-47bc-8c5d-62067f3b4eea.jpg?aki_policy=large"", ""https://a0.muscache.com/im/pictures/5a4f403a-58d1-4ed5-ba28-ed20ccf974d3.jpg?aki_policy=large"", ""https://a0.muscache.com/im/pictures/cc22681d-3b3f-4b25-b912-3adaeefceb77.jpg?aki_policy=large""]";"{""beds"": 2, ""bedrooms"": 1, ""bathrooms"": 1.0, ""amenity_ids"": [1, 33, 2, 3, 35, 4, 8, 40, 41, 44, 45, 77, 46, 47, 51, 21, 55, 28, 30], ""is_rebookable"": false, ""is_new_listing"": false, ""is_fully_refundable"": true, ""is_host_highly_rated"": true, ""is_business_travel_ready"": false}";"{""weekly_factor"": 0.9, ""monthly_factor"": 0.8}";711;"";"{""is_superhost"": true}"
13134593;Lovely room in a flat at the heart of Paris:);private_room;Paris;République;48.8675041194;2.37293272235;2;"[""https://a0.muscache.com/im/pictures/5a17e214-a2a7-4a78-abd7-e1313a85e04f.jpg?aki_policy=large"", ""https://a0.muscache.com/im/pictures/11cd1add-cb16-42f8-8de2-5b8894e17f25.jpg?aki_policy=large"", ""https://a0.muscache.com/im/pictures/3f3378c3-b7a9-4a81-9787-0b94ddf773b3.jpg?aki_policy=large"", ""https://a0.muscache.com/im/pictures/35fbb99f-45f3-4898-bc27-17efeb0afa7c.jpg?aki_policy=large"", ""https://a0.muscache.com/im/pictures/8e6ea45e-25b7-4b0d-b47a-76a074fd509c.jpg?aki_policy=large"", ""https://a0.muscache.com/im/pictures/92c9f9b8-ecf7-4491-afbb-8d467043c300.jpg?aki_policy=large"", ""https://a0.muscache.com/im/pictures/f5930485-826d-42c0-b259-d8ba323b1090.jpg?aki_policy=large"", ""https://a0.muscache.com/im/pictures/b1686429-df78-4851-973b-b203a22f10bf.jpg?aki_policy=large"", ""https://a0.muscache.com/im/pictures/94bf45b7-d060-4693-ab32-013769ff0107.jpg?aki_policy=large"", ""https://a0.muscache.com/im/pictures/f1513668-0e6a-4d14-ba6b-d58f339c52db.jpg?aki_policy=large"", ""https://a0.muscache.com/im/pictures/8d04eee6-e19a-4f7a-9b61-7cb1083fecd1.jpg?aki_policy=large"", ""https://a0.muscache.com/im/pictures/0cf43050-7338-4432-9acc-86e06e812449.jpg?aki_policy=large""]";"{""beds"": 1, ""bedrooms"": 1, ""bathrooms"": 1.0, ""amenity_ids"": [33, 129, 3, 4, 103, 8, 40, 41, 10, 44, 45, 77, 46, 47, 21, 28, 30, 31], ""is_rebookable"": false, ""is_new_listing"": false, ""is_fully_refundable"": true, ""is_host_highly_rated"": true, ""is_business_travel_ready"": false}";"{""weekly_factor"": 0.95, ""monthly_factor"": 0.85}";6954;"";"{""is_superhost"": false}"
13168981;PARIS / Saint Germain des Près / 5 Persons;entire_home;Paris;Saint Germain des Prés - Odéon;48.849857;2.337238;5;"[""https://a0.muscache.com/im/pictures/ec7a2954-2082-4934-aaea-d0ca167897da.jpg?aki_policy=large"", ""https://a0.muscache.com/im/pictures/e8123d2c-f323-411a-a3c7-7a782c52d897.jpg?aki_policy=large"", ""https://a0.muscache.com/im/pictures/e3b8aed2-a3c5-4f36-a872-a9a0fb9c8227.jpg?aki_policy=large"", ""https://a0.muscache.com/im/pictures/d8e7d17a-352a-45a8-9abc-a24b75e040f7.jpg?aki_policy=large"", ""https://a0.muscache.com/im/pictures/5df82fc4-27b4-4bd0-b9db-c276fa3731c4.jpg?aki_policy=large"", ""https://a0.muscache.com/im/pictures/a4b58775-d302-44bf-be0f-f4bff03beede.jpg?aki_policy=large"", ""https://a0.muscache.com/im/pictures/5e41dc14-7d3a-4289-becd-398154e7ac8f.jpg?aki_policy=large"", ""https://a0.muscache.com/im/pictures/5e7ae8a5-5854-42aa-8f4e-cd431dac3cf6.jpg?aki_policy=large"", ""https://a0.muscache.com/im/pictures/8ae6b64c-3ca5-4642-9341-121794365a69.jpg?aki_policy=large"", ""https://a0.muscache.com/im/pictures/0b3254e3-b21a-45bc-94c7-5de4a8ffb332.jpg?aki_policy=large"", ""https://a0.muscache.com/im/pictures/7efad327-0d08-4af8-8a33-86f87b1f8603.jpg?aki_policy=large"", ""https://a0.muscache.com/im/pictures/58dc7e3a-1fba-4256-98e7-a9217910e4ff.jpg?aki_policy=large"", ""https://a0.muscache.com/im/pictures/31c6787c-de99-421c-8b73-978eebe12d13.jpg?aki_policy=large"", ""https://a0.muscache.com/im/pictures/7076bb8e-25c4-4fd9-8cb6-a8dd86ee2752.jpg?aki_policy=large"", ""https://a0.muscache.com/im/pictures/878d99b3-b539-4e76-8b69-af6f84a1a309.jpg?aki_policy=large"", ""https://a0.muscache.com/im/pictures/528a88bf-ef89-446c-b095-8a998fa575a1.jpg?aki_policy=large"", ""https://a0.muscache.com/im/pictures/02f0d2df-77cd-4c53-99c8-3bec371795f2.jpg?aki_policy=large"", ""https://a0.muscache.com/im/pictures/c00d3e08-625c-49d0-9f76-12055fac2352.jpg?aki_policy=large"", ""https://a0.muscache.com/im/pictures/6c6b6075-391b-461d-8135-5b8ba4113198.jpg?aki_policy=large"", ""https://a0.muscache.com/im/pictures/a4f459dc-f5f0-4436-88e9-ad610e8d91c7.jpg?aki_policy=large"", ""https://a0.muscache.com/im/pictures/731ce545-8ca8-4cc4-9265-46d2d6999a7e.jpg?aki_policy=large"", ""https://a0.muscache.com/im/pictures/d350c6b2-ad43-4579-a63d-f354a38d3ccb.jpg?aki_policy=large"", ""https://a0.muscache.com/im/pictures/85bbb0c8-573a-4b37-b22c-d117ad57b761.jpg?aki_policy=large"", ""https://a0.muscache.com/im/pictures/7d901467-ff50-43d0-9077-03ce99e92318.jpg?aki_policy=large"", ""https://a0.muscache.com/im/pictures/78517311-0a5b-4926-98cc-666cc0a07e35.jpg?aki_policy=large"", ""https://a0.muscache.com/im/pictures/385e4869-f6ff-40d1-b2c2-86c1d6482049.jpg?aki_policy=large"", ""https://a0.muscache.com/im/pictures/591b848c-3ed7-40db-af2b-819af9919f85.jpg?aki_policy=large"", ""https://a0.muscache.com/im/pictures/ddc0c3d6-5e04-4e92-95e1-1fc4db37e513.jpg?aki_policy=large"", ""https://a0.muscache.com/im/pictures/e071ebb4-e5fa-4533-80b6-cea50f0a2b7a.jpg?aki_policy=large"", ""https://a0.muscache.com/im/pictures/5caaf825-900b-4e5e-ae48-c2537bc9960e.jpg?aki_policy=large""]";"{""beds"": 3, ""bedrooms"": 1, ""bathrooms"": 2.0, ""amenity_ids"": [1, 129, 2, 4, 8, 77, 85, 89, 90, 91, 93, 30, 94, 31, 33, 35, 36, 39, 40, 104, 41, 44, 45, 46, 47, 50], ""is_rebookable"": false, ""is_new_listing"": false, ""is_fully_refundable"": true, ""is_host_highly_rated"": false, ""is_business_travel_ready"": false}";"{""weekly_factor"": 0.95, ""monthly_factor"": 0.9}";7083;"";"{""is_superhost"": false}"
13233607;DANS PARC MONCEAU TERRASSE 130 M2 + 2 PIECES.;entire_home;Paris;Monceau;48.878649338;2.31215444239;3;"[""https://a0.muscache.com/im/pictures/a8a201e6-ca43-4530-bfcd-952ffe847a29.jpg?aki_policy=large"", ""https://a0.muscache.com/im/pictures/f7cf3521-56ff-47ab-9b0b-7bd40f40fd57.jpg?aki_policy=large"", ""https://a0.muscache.com/im/pictures/774c10f9-beb4-4e60-bd92-a3aed4cb91ae.jpg?aki_policy=large"", ""https://a0.muscache.com/im/pictures/d322ad51-331a-4526-bfbf-2046bccb67d6.jpg?aki_policy=large"", ""https://a0.muscache.com/im/pictures/fe7b238b-97a3-45a7-b715-25b2d23d0c36.jpg?aki_policy=large"", ""https://a0.muscache.com/im/pictures/138caee2-389c-46dd-bd8d-e0cd00714554.jpg?aki_policy=large"", ""https://a0.muscache.com/im/pictures/df02fa7a-f0f6-4d27-9897-f3bd91eebf1a.jpg?aki_policy=large"", ""https://a0.muscache.com/im/pictures/aee3890a-d147-483f-ad48-e638abc817ff.jpg?aki_policy=large"", ""https://a0.muscache.com/im/pictures/483a77f9-470e-4219-8cd4-4c73adf12a9d.jpg?aki_policy=large"", ""https://a0.muscache.com/im/pictures/7ef9168f-30c2-4415-9922-455ca04a084f.jpg?aki_policy=large"", ""https://a0.muscache.com/im/pictures/a1fb2145-aafd-42c1-b42e-dbc2495d9332.jpg?aki_policy=large"", ""https://a0.muscache.com/im/pictures/6631f2a0-d1d9-4f9a-9343-68a7c22d1529.jpg?aki_policy=large"", ""https://a0.muscache.com/im/pictures/e0c8b8cf-c581-40d5-987d-dec924c12572.jpg?aki_policy=large"", ""https://a0.muscache.com/im/pictures/deed496f-6b1f-46c0-960a-d9793ba89050.jpg?aki_policy=large"", ""https://a0.muscache.com/im/pictures/e9163d66-b84d-4b2a-9953-2724c2867639.jpg?aki_policy=large"", ""https://a0.muscache.com/im/pictures/7d500e6d-4e7d-4232-b36b-66c6d0e23535.jpg?aki_policy=large""]";"{""beds"": 2, ""bedrooms"": 2, ""bathrooms"": 1.0, ""amenity_ids"": [32, 33, 34, 3, 35, 4, 36, 5, 39, 40, 41, 10, 44, 45, 77, 14, 46, 47, 50, 51, 21, 55, 30, 31], ""is_rebookable"": false, ""is_new_listing"": false, ""is_fully_refundable"": true, ""is_host_highly_rated"": false, ""is_business_travel_ready"": false}";"{""weekly_factor"": 0.95, ""monthly_factor"": 0.8}";473;"";"{""is_superhost"": false}"
13267787;Renovated 2-room appartment (45m2);entire_home;Paris;Opéra - Grands Boulevards;48.8696491829;2.35175093063;4;"[""https://a0.muscache.com/im/pictures/74f54e6d-51a8-4984-bd19-3604fd54a58b.jpg?aki_policy=large"", ""https://a0.muscache.com/im/pictures/4fe1d1e4-de12-46f8-a8d5-6113b41229bd.jpg?aki_policy=large"", ""https://a0.muscache.com/im/pictures/83c123fe-cd67-4eff-9164-f6bbc9ce6c92.jpg?aki_policy=large"", ""https://a0.muscache.com/im/pictures/e3f592e5-baa7-411e-b973-8c4bb3c747ee.jpg?aki_policy=large"", ""https://a0.muscache.com/im/pictures/abd720ac-df9c-474c-888e-853743037a3e.jpg?aki_policy=large""]";"{""beds"": 2, ""bedrooms"": 1, ""bathrooms"": 1.0, ""amenity_ids"": [1, 33, 129, 3, 35, 4, 36, 39, 8, 40, 41, 10, 43, 44, 45, 77, 46, 47, 30, 31], ""is_rebookable"": false, ""is_new_listing"": false, ""is_fully_refundable"": true, ""is_host_highly_rated"": true, ""is_business_travel_ready"": false}";"{""weekly_factor"": 0.9, ""monthly_factor"": 0.73}";1286;"";"{""is_superhost"": false}"
13274675;Appartement Luxe - Paris Centre;entire_home;Paris;Invalides - Ecole Militaire;48.8588172839;2.32388356464;6;"[""https://a0.muscache.com/im/pictures/67f283b9-0767-468a-b810-ff3b708563e1.jpg?aki_policy=large"", ""https://a0.muscache.com/im/pictures/c69f9bd1-4363-4afe-9f17-3b666b2407a0.jpg?aki_policy=large"", ""https://a0.muscache.com/im/pictures/5737a2d9-a885-4235-a85b-cfb3fe678cb8.jpg?aki_policy=large"", ""https://a0.muscache.com/im/pictures/db57d6c6-fc90-40ed-9f67-9941998fead4.jpg?aki_policy=large"", ""https://a0.muscache.com/im/pictures/1715155e-fb0e-4944-a835-beba06d5f266.jpg?aki_policy=large"", ""https://a0.muscache.com/im/pictures/67ff3b47-7b1b-4171-8457-25cb7784242e.jpg?aki_policy=large"", ""https://a0.muscache.com/im/pictures/ad4954e2-d7ef-43c8-aacd-a09fb7368bf5.jpg?aki_policy=large"", ""https://a0.muscache.com/im/pictures/081cd01e-0a0e-4599-90d7-65099739851f.jpg?aki_policy=large"", ""https://a0.muscache.com/im/pictures/94dc920b-69f5-41bb-a91e-d4a122032d85.jpg?aki_policy=large"", ""https://a0.muscache.com/im/pictures/7b45e566-1605-4050-b570-98b2cef9ca63.jpg?aki_policy=large"", ""https://a0.muscache.com/im/pictures/d520d592-e56b-456a-abc8-d7f43160556b.jpg?aki_policy=large"", ""https://a0.muscache.com/im/pictures/59174a81-a834-41b7-8017-5df4eb4833f4.jpg?aki_policy=large"", ""https://a0.muscache.com/im/pictures/10e9f488-0bf8-4202-ac33-1798e17ea2ae.jpg?aki_policy=large"", ""https://a0.muscache.com/im/pictures/c3120255-3e7b-43dd-b7ea-78c473fc0aec.jpg?aki_policy=large"", ""https://a0.muscache.com/im/pictures/c69c9e50-6b75-46d9-bd32-86a30abb512a.jpg?aki_policy=large"", ""https://a0.muscache.com/im/pictures/603cb988-8334-46e9-ac4c-6e3cf3c5d5cd.jpg?aki_policy=large"", ""https://a0.muscache.com/im/pictures/ede7ae85-1228-4a6e-a5b3-1ae1f10e02e2.jpg?aki_policy=large"", ""https://a0.muscache.com/im/pictures/6fb1b095-41ee-4cdb-ac66-6b5f2014849b.jpg?aki_policy=large"", ""https://a0.muscache.com/im/pictures/1e34a624-5309-4973-8d6a-a95668c26128.jpg?aki_policy=large"", ""https://a0.muscache.com/im/pictures/67958dc6-86cb-41e1-90c0-76a6218f887d.jpg?aki_policy=large"", ""https://a0.muscache.com/im/pictures/cb6317a1-d52c-4905-9081-436f7de8ac01.jpg?aki_policy=large"", ""https://a0.muscache.com/im/pictures/f7fd8dfa-4437-443a-8aff-65a595935d9d.jpg?aki_policy=large"", ""https://a0.muscache.com/im/pictures/7887ad2b-9e6f-4032-86e7-1d9c1e5d88ae.jpg?aki_policy=large""]";"{""beds"": 3, ""bedrooms"": 3, ""bathrooms"": 2.0, ""amenity_ids"": [1, 33, 2, 34, 3, 35, 4, 36, 8, 40, 41, 43, 44, 45, 46, 47, 50, 21, 27, 30, 31], ""is_rebookable"": false, ""is_new_listing"": false, ""is_fully_refundable"": true, ""is_host_highly_rated"": false, ""is_business_travel_ready"": false}";"{""weekly_factor"": 1.0, ""monthly_factor"": 0.9}";4768;"";"{""is_superhost"": false}"
13420365;Hôtel Elysées Paris;private_room;Paris;"";48.8750932755;2.29674092495;4;"[""https://a0.muscache.com/im/pictures/c22d226e-145e-49b4-9ce5-cb089fac386a.jpg?aki_policy=large"", ""https://a0.muscache.com/im/pictures/2b64479a-efe4-4835-afcb-c2e58cfca071.jpg?aki_policy=large"", ""https://a0.muscache.com/im/pictures/ac2a1745-c33d-4bf4-9232-824d739e1f88.jpg?aki_policy=large"", ""https://a0.muscache.com/im/pictures/d9155a16-69c4-4a35-955e-d33c2e79d949.jpg?aki_policy=large"", ""https://a0.muscache.com/im/pictures/f9fce066-12fe-4f8e-9c22-50fbc762b132.jpg?aki_policy=large"", ""https://a0.muscache.com/im/pictures/e1304214-c2fd-4621-aeed-9b82e7581370.jpg?aki_policy=large"", ""https://a0.muscache.com/im/pictures/cd4ecf2a-f42b-40c8-b444-0323afa7e519.jpg?aki_policy=large"", ""https://a0.muscache.com/im/pictures/4cfe8f1b-5a52-4e0c-91f1-2d467f9e6508.jpg?aki_policy=large"", ""https://a0.muscache.com/im/pictures/cdfe3242-876f-4b1a-8803-70f5a86da734.jpg?aki_policy=large"", ""https://a0.muscache.com/im/pictures/66415acc-b31f-45d4-8396-cfb7fabfffd2.jpg?aki_policy=large"", ""https://a0.muscache.com/im/pictures/f7bd3ea6-fdfe-4d40-af13-f9aa85f29597.jpg?aki_policy=large"", ""https://a0.muscache.com/im/pictures/362b42b2-65c4-4bb2-8046-158152742976.jpg?aki_policy=large""]";"{""beds"": 4, ""bedrooms"": 2, ""bathrooms"": 1.0, ""amenity_ids"": [64, 1, 4, 5, 71, 72, 10, 77, 16, 21, 30, 31, 35, 36, 38, 39, 103, 40, 41, 42, 44, 45, 46, 47, 51, 55], ""is_rebookable"": false, ""is_new_listing"": false, ""is_fully_refundable"": true, ""is_host_highly_rated"": false, ""is_business_travel_ready"": false}";"{""weekly_factor"": 1.0, ""monthly_factor"": 1.0}";43;"";"{""is_superhost"": false}"
13489341;3 bedroom apartment near Opera P1063;entire_home;Paris;Opéra - Grands Boulevards;48.8716215959;2.34848621226;6;"[""https://a0.muscache.com/im/pictures/5f90164f-f4e1-4be4-a455-23363fbc841f.jpg?aki_policy=large"", ""https://a0.muscache.com/im/pictures/de0788ae-f619-491a-8616-f3f6b262645f.jpg?aki_policy=large"", ""https://a0.muscache.com/im/pictures/61b589da-71a9-439f-bc24-74e23dfc3ae0.jpg?aki_policy=large"", ""https://a0.muscache.com/im/pictures/02298ce2-763e-44cb-8574-edce8c1d41c3.jpg?aki_policy=large"", ""https://a0.muscache.com/im/pictures/2dd33eae-f767-4c26-86de-1c1eb3d94a8b.jpg?aki_policy=large"", ""https://a0.muscache.com/im/pictures/f5ac7e7c-6a48-4e31-97a4-d2e5e95079df.jpg?aki_policy=large"", ""https://a0.muscache.com/im/pictures/15a2f4a2-747e-4302-b3d8-22e923fab9d5.jpg?aki_policy=large"", ""https://a0.muscache.com/im/pictures/60397bdd-b7cd-4ecf-af95-3626fbd4f937.jpg?aki_policy=large"", ""https://a0.muscache.com/im/pictures/1471085d-1751-4a33-b112-4ceede6f4b59.jpg?aki_policy=large"", ""https://a0.muscache.com/im/pictures/e42ba3f4-ce01-4237-baa6-2245d53859f5.jpg?aki_policy=large"", ""https://a0.muscache.com/im/pictures/a1731e40-bfc0-4c4b-ad58-5c69a549232b.jpg?aki_policy=large"", ""https://a0.muscache.com/im/pictures/8979d1db-760f-44d1-acda-742bf0648c5b.jpg?aki_policy=large"", ""https://a0.muscache.com/im/pictures/019ebd0b-968b-426c-91e0-7e8190e0130f.jpg?aki_policy=large"", ""https://a0.muscache.com/im/pictures/e8965f70-9b9c-4287-b451-ec2138c5eb51.jpg?aki_policy=large"", ""https://a0.muscache.com/im/pictures/bae59cf6-58f2-4385-8b29-e8246fa2e093.jpg?aki_policy=large"", ""https://a0.muscache.com/im/pictures/abf5be73-47c6-455c-b885-3e08c93ab7d9.jpg?aki_policy=large"", ""https://a0.muscache.com/im/pictures/c06e1906-a02d-43f6-ae9b-cd55737331bd.jpg?aki_policy=large"", ""https://a0.muscache.com/im/pictures/38a2b3e0-80a7-4ac2-80b8-adf630f2c5dc.jpg?aki_policy=large"", ""https://a0.muscache.com/im/pictures/ead494be-d55a-4c0c-89bf-fab08cfdd2b3.jpg?aki_policy=large"", ""https://a0.muscache.com/im/pictures/6f15ae01-d7d2-4e52-b25e-50768879d3f9.jpg?aki_policy=large""]";"{""beds"": 4, ""bedrooms"": 3, ""bathrooms"": 1.5, ""amenity_ids"": [1, 129, 2, 4, 8, 72, 77, 85, 86, 87, 89, 90, 91, 92, 93, 30, 94, 31, 95, 96, 33, 35, 103, 40, 41, 44, 45, 46, 47], ""is_rebookable"": false, ""is_new_listing"": false, ""is_fully_refundable"": true, ""is_host_highly_rated"": true, ""is_business_travel_ready"": false}";"{""weekly_factor"": 0.71, ""monthly_factor"": 0.34}";1324;"";"{""is_superhost"": false}"
13491097;Charming 90m2 Apt  Republique Belleville Oberkampf;entire_home;Paris;République;48.8695431593;2.37497782824;7;"[""https://a0.muscache.com/im/pictures/257b86fd-e437-40d7-9e27-b1efdafc8925.jpg?aki_policy=large"", ""https://a0.muscache.com/im/pictures/8de46819-237d-4cf0-bb43-4fbd10d446bd.jpg?aki_policy=large"", ""https://a0.muscache.com/im/pictures/36306041-b9a1-4a8a-b2d0-cb5eedb88027.jpg?aki_policy=large"", ""https://a0.muscache.com/im/pictures/94f7c099-35be-46be-b12f-4007a0588c23.jpg?aki_policy=large"", ""https://a0.muscache.com/im/pictures/6946f923-5701-466c-a60c-b042c55c6371.jpg?aki_policy=large"", ""https://a0.muscache.com/im/pictures/f1d8ae09-1e84-4881-908c-ba536c64b656.jpg?aki_policy=large"", ""https://a0.muscache.com/im/pictures/fab4079c-ac39-495d-923e-270b12f79abf.jpg?aki_policy=large"", ""https://a0.muscache.com/im/pictures/27bdfed6-68d8-4da2-803a-59f2e1d61d3b.jpg?aki_policy=large"", ""https://a0.muscache.com/im/pictures/ee0aa3af-e0c4-479f-ae07-6e4962c9c8e9.jpg?aki_policy=large"", ""https://a0.muscache.com/im/pictures/0fa0add6-61a9-42a2-b1f3-295a626321b9.jpg?aki_policy=large"", ""https://a0.muscache.com/im/pictures/092d8a85-5ba6-4933-aa4d-699bcf651615.jpg?aki_policy=large""]";"{""beds"": 4, ""bedrooms"": 2, ""bathrooms"": 1.5, ""amenity_ids"": [1, 33, 129, 2, 34, 66, 3, 35, 4, 38, 39, 8, 40, 41, 42, 44, 45, 77, 46, 47, 21, 28, 30, 31], ""is_rebookable"": false, ""is_new_listing"": false, ""is_fully_refundable"": true, ""is_host_highly_rated"": false, ""is_business_travel_ready"": false}";"{""weekly_factor"": 0.9, ""monthly_factor"": 0.74}";2540;"";"{""is_superhost"": false}"
13627688;Cool flat in lively neighbourhood :);entire_home;Paris;10e arrondissement;48.8730853204;2.37381582991;2;"[""https://a0.muscache.com/im/pictures/b93a8465-0d2a-41f8-8bae-7f5f1c828357.jpg?aki_policy=large"", ""https://a0.muscache.com/im/pictures/6f7c0dde-542f-4f6c-88cb-b4636c373692.jpg?aki_policy=large"", ""https://a0.muscache.com/im/pictures/b5624ff0-3a17-4704-96de-abdf487d0d6d.jpg?aki_policy=large"", ""https://a0.muscache.com/im/pictures/70b27b01-886d-488f-9a78-cb5ffcd294bd.jpg?aki_policy=large"", ""https://a0.muscache.com/im/pictures/e933c745-1e61-43e6-bde0-3ef74fa6e585.jpg?aki_policy=large"", ""https://a0.muscache.com/im/pictures/4875ac7b-0d25-49dd-8cb6-b3fdacdaa576.jpg?aki_policy=large"", ""https://a0.muscache.com/im/pictures/e328e09e-3973-4400-9fb7-5ddc0a3f0a20.jpg?aki_policy=large"", ""https://a0.muscache.com/im/pictures/c74a4f9f-bf2b-41d3-8ca4-b3c697624a10.jpg?aki_policy=large"", ""https://a0.muscache.com/im/pictures/e126b325-2cfd-46d9-8086-f3e0c4c41572.jpg?aki_policy=large"", ""https://a0.muscache.com/im/pictures/b9a27bc2-3158-4472-b895-7995c005262f.jpg?aki_policy=large""]";"{""beds"": 1, ""bedrooms"": 1, ""bathrooms"": 1.0, ""amenity_ids"": [33, 3, 35, 4, 8, 40, 41, 11, 12, 44, 45, 47, 16, 49, 50, 28, 30], ""is_rebookable"": false, ""is_new_listing"": false, ""is_fully_refundable"": true, ""is_host_highly_rated"": false, ""is_business_travel_ready"": false}";"{""weekly_factor"": 0.85, ""monthly_factor"": 0.7}";3056;"";"{""is_superhost"": false}"
13618029;Paris - Havre de paix à deux pas du Marais;entire_home;Paris;Bastille;48.8582158181;2.36819407625;3;"[""https://a0.muscache.com/im/pictures/95ce5ba3-682c-4d80-8818-513c2885a4c4.jpg?aki_policy=large"", ""https://a0.muscache.com/im/pictures/fd4d117b-70a0-4b61-8719-0089978a34a2.jpg?aki_policy=large"", ""https://a0.muscache.com/im/pictures/0af51853-dea9-4150-978f-c1a6a1607c53.jpg?aki_policy=large"", ""https://a0.muscache.com/im/pictures/90687644-4e54-4c6c-bc49-0affb9d6dedb.jpg?aki_policy=large"", ""https://a0.muscache.com/im/pictures/f2d5aea8-8a9b-416e-bf4c-c14ea939a0f2.jpg?aki_policy=large"", ""https://a0.muscache.com/im/pictures/e4b7c4eb-b977-45b2-9330-673fb2a397f2.jpg?aki_policy=large"", ""https://a0.muscache.com/im/pictures/516eb0a9-9b03-4448-973f-7e7e7a198e4f.jpg?aki_policy=large"", ""https://a0.muscache.com/im/pictures/0fd23648-2497-419f-8af2-5eba12d25173.jpg?aki_policy=large"", ""https://a0.muscache.com/im/pictures/ef6479d7-ec68-4531-a377-45f797d1b5cb.jpg?aki_policy=large"", ""https://a0.muscache.com/im/pictures/e73a24c9-af16-4ff3-a26e-583a94ff820b.jpg?aki_policy=large"", ""https://a0.muscache.com/im/pictures/be3c7342-228f-4bc6-8819-796805d2907c.jpg?aki_policy=large""]";"{""beds"": 2, ""bedrooms"": 1, ""bathrooms"": 1.0, ""amenity_ids"": [96, 129, 35, 4, 103, 8, 40, 104, 41, 44, 45, 77, 46, 47, 57, 89, 90, 91, 92, 93, 30, 94, 31], ""is_rebookable"": false, ""is_new_listing"": false, ""is_fully_refundable"": true, ""is_host_highly_rated"": true, ""is_business_travel_ready"": false}";"{""weekly_factor"": 1.0, ""monthly_factor"": 0.9}";209;"";"{""is_superhost"": true}"
13797199;Lovely flat in between Eiffel Tower and Invalids;entire_home;Paris;Tour Eiffel - Champ de Mars;48.861008;2.305133;3;"[""https://a0.muscache.com/im/pictures/e3b839bf-7575-4196-9ade-50ee9fae8419.jpg?aki_policy=large"", ""https://a0.muscache.com/im/pictures/23cea443-071b-4321-a42a-411a19043a49.jpg?aki_policy=large"", ""https://a0.muscache.com/im/pictures/50e65d5b-4b76-4882-8264-9993893a29c4.jpg?aki_policy=large"", ""https://a0.muscache.com/im/pictures/bb286977-1f91-4d8f-9dc9-783b2fbbb182.jpg?aki_policy=large"", ""https://a0.muscache.com/im/pictures/c1059db3-ec0c-405e-bab7-7e59d2dccba0.jpg?aki_policy=large"", ""https://a0.muscache.com/im/pictures/a3223f7f-e08f-40bc-930d-fc6305c77027.jpg?aki_policy=large"", ""https://a0.muscache.com/im/pictures/bfe9a003-857f-4441-a3dd-9de8b81cbf86.jpg?aki_policy=large"", ""https://a0.muscache.com/im/pictures/ce3e490d-3f70-4ae6-8877-037f668dce8c.jpg?aki_policy=large"", ""https://a0.muscache.com/im/pictures/728ead7b-9503-4d5b-9698-1ff02a9c9e85.jpg?aki_policy=large"", ""https://a0.muscache.com/im/pictures/7306df28-411c-4d3d-a536-e1722aaf7577.jpg?aki_policy=large"", ""https://a0.muscache.com/im/pictures/a51cde86-4460-43cf-a80d-72b112505670.jpg?aki_policy=large"", ""https://a0.muscache.com/im/pictures/1889e930-c470-42e8-a7c5-c0ba46d19165.jpg?aki_policy=large"", ""https://a0.muscache.com/im/pictures/d89145fd-70f3-480d-950a-7cd0b55fd010.jpg?aki_policy=large"", ""https://a0.muscache.com/im/pictures/2b760022-9664-4f76-86be-52678705b2ec.jpg?aki_policy=large"", ""https://a0.muscache.com/im/pictures/b4e338d9-c248-4596-a4be-10c247f991c3.jpg?aki_policy=large"", ""https://a0.muscache.com/im/pictures/3b03f378-5a08-4675-94a1-b16e805e83c2.jpg?aki_policy=large"", ""https://a0.muscache.com/im/pictures/f71e4bd1-af80-49a5-96e2-20ef56daff5c.jpg?aki_policy=large"", ""https://a0.muscache.com/im/pictures/4e394b40-26af-420f-a277-dce7eea4f5a8.jpg?aki_policy=large"", ""https://a0.muscache.com/im/pictures/58ea7289-a532-4d45-b002-b6f18061331e.jpg?aki_policy=large"", ""https://a0.muscache.com/im/pictures/bc762360-6f50-44af-a417-35fe393f6530.jpg?aki_policy=large"", ""https://a0.muscache.com/im/pictures/ed7f9f09-5492-4350-a720-b5bdad3524ad.jpg?aki_policy=large"", ""https://a0.muscache.com/im/pictures/28bac4cd-3510-4f24-8495-3d94601fe7e6.jpg?aki_policy=large"", ""https://a0.muscache.com/im/pictures/31b29188-5282-40fe-be79-713190b17bb2.jpg?aki_policy=large"", ""https://a0.muscache.com/im/pictures/a42cddad-e76c-411f-afae-225da80a6fc9.jpg?aki_policy=large"", ""https://a0.muscache.com/im/pictures/cabe368e-e0b2-4890-b01f-522697f68f6e.jpg?aki_policy=large"", ""https://a0.muscache.com/im/pictures/c9a125ff-0c38-47c7-93a7-b306a88e7454.jpg?aki_policy=large"", ""https://a0.muscache.com/im/pictures/d00dc4c9-b5b6-450d-b105-884c7dc82be6.jpg?aki_policy=large"", ""https://a0.muscache.com/im/pictures/3ca605a3-ad8f-41f4-b95a-6531316553f2.jpg?aki_policy=large"", ""https://a0.muscache.com/im/pictures/70865b99-3915-4cfc-8ac2-2cb798b51923.jpg?aki_policy=large"", ""https://a0.muscache.com/im/pictures/22c2d2f7-ff28-4de6-a769-20524b6ee53e.jpg?aki_policy=large""]";"{""beds"": 2, ""bedrooms"": 0, ""bathrooms"": 1.0, ""amenity_ids"": [1, 33, 2, 34, 3, 4, 70, 71, 8, 40, 41, 73, 12, 44, 45, 46, 47, 57, 30, 31], ""is_rebookable"": false, ""is_new_listing"": false, ""is_fully_refundable"": true, ""is_host_highly_rated"": false, ""is_business_travel_ready"": false}";"{""weekly_factor"": 1.0, ""monthly_factor"": 0.9}";4025;"";"{""is_superhost"": false}"
13871219;Gallery, Studio/1SdB, 4 personnes;entire_home;Paris;Le Marais;48.8551932989;2.36382917489;4;"[""https://a0.muscache.com/im/pictures/72b751c9-da43-4510-a9e5-42124956599c.jpg?aki_policy=large"", ""https://a0.muscache.com/im/pictures/d976f977-8f5c-4a0d-9da4-c8c3f896530c.jpg?aki_policy=large"", ""https://a0.muscache.com/im/pictures/71a31774-741c-498b-905d-68520e3e1575.jpg?aki_policy=large"", ""https://a0.muscache.com/im/pictures/6200438c-7883-4aa0-8ca7-2a9abbea4e5e.jpg?aki_policy=large"", ""https://a0.muscache.com/im/pictures/aa313d0a-f846-41eb-96cb-f05491eed77e.jpg?aki_policy=large"", ""https://a0.muscache.com/im/pictures/5c47e8a9-f008-44c3-a92d-a220d47fd842.jpg?aki_policy=large"", ""https://a0.muscache.com/im/pictures/e5c87c91-465d-49c9-bc62-305e1d0157f5.jpg?aki_policy=large"", ""https://a0.muscache.com/im/pictures/393a526c-f602-4f13-8f1c-f334ccbb0342.jpg?aki_policy=large"", ""https://a0.muscache.com/im/pictures/679d3844-2650-4e5f-8199-62a48260ed6a.jpg?aki_policy=large"", ""https://a0.muscache.com/im/pictures/4f80aa16-c992-4d85-9024-828a156635a4.jpg?aki_policy=large""]";"{""beds"": 2, ""bedrooms"": 0, ""bathrooms"": 1.0, ""amenity_ids"": [1, 2, 35, 4, 39, 8, 44, 45, 30, 46, 31, 47], ""is_rebookable"": false, ""is_new_listing"": false, ""is_fully_refundable"": true, ""is_host_highly_rated"": true, ""is_business_travel_ready"": false}";"{""weekly_factor"": 0.86, ""monthly_factor"": 1.0}";2143;"";"{""is_superhost"": false}"
13904782;Beautiful 25 m2 studio close to Champs Elysées;entire_home;Paris;Champs-Elysées;48.8721049365;2.31020658337;4;"[""https://a0.muscache.com/im/pictures/a624b74a-cf80-4694-b863-757bb6ff15d2.jpg?aki_policy=large"", ""https://a0.muscache.com/im/pictures/422b982c-12e1-47d1-bf01-22ab8c288d41.jpg?aki_policy=large"", ""https://a0.muscache.com/im/pictures/ad4456bc-4419-4842-b78c-95fbcf86732b.jpg?aki_policy=large"", ""https://a0.muscache.com/im/pictures/7561239b-8507-4f91-8a76-f06fc5b966d2.jpg?aki_policy=large"", ""https://a0.muscache.com/im/pictures/cbc25bc7-2ff2-4693-a0da-78ff27b66e0c.jpg?aki_policy=large"", ""https://a0.muscache.com/im/pictures/1c31f0f9-ef53-4cc5-a7f9-e75fe5b1ef0e.jpg?aki_policy=large"", ""https://a0.muscache.com/im/pictures/7fc50348-27d3-4994-a117-cd0c363d0ddf.jpg?aki_policy=large"", ""https://a0.muscache.com/im/pictures/bc848200-047f-42a0-8f6a-3b267f072be6.jpg?aki_policy=large"", ""https://a0.muscache.com/im/pictures/8941715c-59ff-4098-9276-cc2733bfc9fd.jpg?aki_policy=large"", ""https://a0.muscache.com/im/pictures/43209d5a-869d-443d-8a2a-129dddb2dd5f.jpg?aki_policy=large"", ""https://a0.muscache.com/im/pictures/ee999501-c664-4c80-9023-04baa5fc30e2.jpg?aki_policy=large"", ""https://a0.muscache.com/im/pictures/c4e4e4be-00e8-4a2d-8c28-1f3998fbe688.jpg?aki_policy=large"", ""https://a0.muscache.com/im/pictures/6849f3dd-af07-4fad-a2e3-49116266feb2.jpg?aki_policy=large"", ""https://a0.muscache.com/im/pictures/19b619bf-7bd7-4b12-a8fa-028eed908df3.jpg?aki_policy=large"", ""https://a0.muscache.com/im/pictures/736b5d20-0222-48a5-a2c8-9ccc1ce66336.jpg?aki_policy=large"", ""https://a0.muscache.com/im/pictures/7feb26f5-7408-46a3-89a6-498b35d9e568.jpg?aki_policy=large"", ""https://a0.muscache.com/im/pictures/510a5711-19c4-4595-a5e5-5c5d52020ecd.jpg?aki_policy=large""]";"{""beds"": 2, ""bedrooms"": 0, ""bathrooms"": 1.0, ""amenity_ids"": [1, 33, 2, 35, 4, 36, 8, 40, 41, 43, 44, 45, 14, 46, 47, 50, 21, 30, 31], ""is_rebookable"": false, ""is_new_listing"": false, ""is_fully_refundable"": true, ""is_host_highly_rated"": true, ""is_business_travel_ready"": false}";"{""weekly_factor"": 1.0, ""monthly_factor"": 0.8}";1254;"";"{""is_superhost"": true}"
13906730;Fantastic Parisian apartment;entire_home;Paris;Saint-Michel;48.8505599945;2.34325998923;6;"[""https://a0.muscache.com/im/pictures/8e453a7f-a831-4c6e-95be-c6bedb8cc05b.jpg?aki_policy=large"", ""https://a0.muscache.com/im/pictures/5c58e0ce-1526-4249-8513-e67c4655e93e.jpg?aki_policy=large"", ""https://a0.muscache.com/im/pictures/217d7a77-bd31-4b35-8af9-0884fef3e59e.jpg?aki_policy=large"", ""https://a0.muscache.com/im/pictures/66bba37a-89ca-44dc-ab5c-73a8ab6888e8.jpg?aki_policy=large"", ""https://a0.muscache.com/im/pictures/b860bd46-67c9-4c5d-882f-01910e9ca6e8.jpg?aki_policy=large"", ""https://a0.muscache.com/im/pictures/e5d151c7-4173-47d4-9648-82a2c2879516.jpg?aki_policy=large"", ""https://a0.muscache.com/im/pictures/ee2d0a64-8860-4315-8245-57f803bfe53b.jpg?aki_policy=large"", ""https://a0.muscache.com/im/pictures/b178980a-590a-4263-b429-e066f2fabc71.jpg?aki_policy=large"", ""https://a0.muscache.com/im/pictures/eae67be9-ebaa-4549-8974-ab3b3c396911.jpg?aki_policy=large"", ""https://a0.muscache.com/im/pictures/30cd5446-c9f1-4d7a-aeef-982472e074eb.jpg?aki_policy=large"", ""https://a0.muscache.com/im/pictures/5a1a5449-1eb4-4123-b518-067587977a47.jpg?aki_policy=large"", ""https://a0.muscache.com/im/pictures/cfea360c-6474-4c01-8414-1017813efada.jpg?aki_policy=large"", ""https://a0.muscache.com/im/pictures/6b857e99-a1f6-402e-8796-b28fe537fb92.jpg?aki_policy=large"", ""https://a0.muscache.com/im/pictures/2deb9d70-6c2e-4047-96db-31d262933b90.jpg?aki_policy=large"", ""https://a0.muscache.com/im/pictures/e5822ac3-a0f9-41bf-9397-c9fefbed5bd1.jpg?aki_policy=large"", ""https://a0.muscache.com/im/pictures/3f040be3-f905-495b-94a8-77636133bb21.jpg?aki_policy=large"", ""https://a0.muscache.com/im/pictures/d6474952-4058-4d6c-b2de-2f2cbab00b2f.jpg?aki_policy=large"", ""https://a0.muscache.com/im/pictures/a81bfcd2-a1e1-4a20-9409-40c85f7e071f.jpg?aki_policy=large"", ""https://a0.muscache.com/im/pictures/647fd96a-c7ac-47df-96e3-a0099f83e9a1.jpg?aki_policy=large"", ""https://a0.muscache.com/im/pictures/2278f728-8439-463b-9177-18343ba7174d.jpg?aki_policy=large"", ""https://a0.muscache.com/im/pictures/b1b9b247-e4d8-4d47-a99c-f33025a8bf33.jpg?aki_policy=large""]";"{""beds"": 2, ""bedrooms"": 2, ""bathrooms"": 1.0, ""amenity_ids"": [1, 33, 3, 35, 4, 103, 8, 40, 41, 10, 44, 45, 46, 51, 21, 55, 28, 30, 31], ""is_rebookable"": false, ""is_new_listing"": false, ""is_fully_refundable"": true, ""is_host_highly_rated"": true, ""is_business_travel_ready"": false}";"{""weekly_factor"": 0.98, ""monthly_factor"": 0.75}";6281;"";"{""is_superhost"": true}"
13912256;Paris champs élysée9;entire_home;Paris;Champs-Elysées;48.8745737854;2.29537872507;2;"[""https://a0.muscache.com/im/pictures/0acb05da-69ad-4b16-b6c2-358503a40200.jpg?aki_policy=large"", ""https://a0.muscache.com/im/pictures/b9caede6-6d1c-4e53-95da-b030662f0b1d.jpg?aki_policy=large"", ""https://a0.muscache.com/im/pictures/a4e01491-9206-4607-920b-d47e80789d74.jpg?aki_policy=large"", ""https://a0.muscache.com/im/pictures/162a87f1-76cf-4955-943a-fd05d5aea0e8.jpg?aki_policy=large"", ""https://a0.muscache.com/im/pictures/70d5147f-b6f2-4019-adf2-b7ce6bca6909.jpg?aki_policy=large"", ""https://a0.muscache.com/im/pictures/77a5fc1a-5666-4807-badb-137842355db4.jpg?aki_policy=large"", ""https://a0.muscache.com/im/pictures/10716a39-ff39-4db8-a907-5886d2412d51.jpg?aki_policy=large"", ""https://a0.muscache.com/im/pictures/c9a4b848-dac1-4c9f-b08f-4658a63d512f.jpg?aki_policy=large"", ""https://a0.muscache.com/im/pictures/f3e00e3c-ab68-4199-9de7-86f674acd363.jpg?aki_policy=large"", ""https://a0.muscache.com/im/pictures/fd4bce33-28f5-4783-9595-65f463d81ee7.jpg?aki_policy=large"", ""https://a0.muscache.com/im/pictures/f1fb126f-bfb4-4669-aa9a-a8e19d47393c.jpg?aki_policy=large"", ""https://a0.muscache.com/im/pictures/671f95f4-29d7-4164-b1b2-b36ee2633ebb.jpg?aki_policy=large"", ""https://a0.muscache.com/im/pictures/909d138c-1839-478a-969a-93b73255a7d7.jpg?aki_policy=large"", ""https://a0.muscache.com/im/pictures/12d17281-ccc3-4fb6-978b-5d3a7427004c.jpg?aki_policy=large""]";"{""beds"": 1, ""bedrooms"": 1, ""bathrooms"": 1.0, ""amenity_ids"": [34, 35, 4, 21, 8, 40, 41, 43, 45, 30, 46], ""is_rebookable"": false, ""is_new_listing"": false, ""is_fully_refundable"": true, ""is_host_highly_rated"": true, ""is_business_travel_ready"": false}";"{""weekly_factor"": 0.9, ""monthly_factor"": 0.8}";2680;"";"{""is_superhost"": false}"
13949615;5ème ciel, Studio/SdB, 2 personnes;entire_home;Paris;Le Marais;48.8613457162;2.36242223629;2;"[""https://a0.muscache.com/im/pictures/470257c5-a81f-4b30-ba54-1ca0e6be0bc6.jpg?aki_policy=large"", ""https://a0.muscache.com/im/pictures/5234b62b-b81f-49e0-9bb6-e1634932f2ad.jpg?aki_policy=large"", ""https://a0.muscache.com/im/pictures/6df46774-af71-4dd7-9213-94e988a942f9.jpg?aki_policy=large"", ""https://a0.muscache.com/im/pictures/6615bd62-98e4-4ffd-b8c4-ed1f70896d05.jpg?aki_policy=large"", ""https://a0.muscache.com/im/pictures/f6815e46-2fbf-4b5d-a1f6-730ef86584c6.jpg?aki_policy=large"", ""https://a0.muscache.com/im/pictures/af132448-ffa1-4f49-94ab-0da7b21c7fc6.jpg?aki_policy=large"", ""https://a0.muscache.com/im/pictures/432589b2-2dae-49c1-952f-5bf557b5c7d6.jpg?aki_policy=large"", ""https://a0.muscache.com/im/pictures/f6c46972-c6ee-494f-8255-80d257179b2f.jpg?aki_policy=large"", ""https://a0.muscache.com/im/pictures/59289233-bd6f-441a-9932-c456824d7df1.jpg?aki_policy=large"", ""https://a0.muscache.com/im/pictures/4302076a-7864-43bc-b679-844561eeae69.jpg?aki_policy=large"", ""https://a0.muscache.com/im/pictures/d1031ce3-8c1f-4a3e-a0ee-5e8f50acb6af.jpg?aki_policy=large"", ""https://a0.muscache.com/im/pictures/b86af4ae-9848-497f-a10f-5b7e0e8487dd.jpg?aki_policy=large"", ""https://a0.muscache.com/im/pictures/4a024df3-2084-41f5-84a6-6a61bd984113.jpg?aki_policy=large"", ""https://a0.muscache.com/im/pictures/4a016305-1145-455c-9ae1-22af8e518275.jpg?aki_policy=large"", ""https://a0.muscache.com/im/pictures/8d11ab20-f5c4-4ea6-a888-15a1f6d895dd.jpg?aki_policy=large""]";"{""beds"": 1, ""bedrooms"": 0, ""bathrooms"": 1.0, ""amenity_ids"": [1, 33, 2, 34, 35, 4, 39, 8, 44, 45, 46, 47, 30, 31], ""is_rebookable"": false, ""is_new_listing"": false, ""is_fully_refundable"": true, ""is_host_highly_rated"": true, ""is_business_travel_ready"": false}";"{""weekly_factor"": 0.91, ""monthly_factor"": 0.54}";2388;"";"{""is_superhost"": false}"
14178982;Appartement Champs-Elysées 90m2;entire_home;Paris;Madeleine - Vendôme;48.8713442501;2.31666071664;3;"[""https://a0.muscache.com/im/pictures/9799f748-f575-45db-bd02-bad83b1a8033.jpg?aki_policy=large"", ""https://a0.muscache.com/im/pictures/89f1e5f6-40a5-4735-98fa-30d164e2da7a.jpg?aki_policy=large"", ""https://a0.muscache.com/im/pictures/98e7e07f-1db5-456f-893e-6a86c0d66665.jpg?aki_policy=large"", ""https://a0.muscache.com/im/pictures/dd6eb776-5cf7-403c-a3fa-ed352200d612.jpg?aki_policy=large"", ""https://a0.muscache.com/im/pictures/ee558a18-0646-4a13-9b96-93a778540d90.jpg?aki_policy=large"", ""https://a0.muscache.com/im/pictures/b5c61b0c-ebfa-4497-a19d-c99e7b51faac.jpg?aki_policy=large"", ""https://a0.muscache.com/im/pictures/89c58ccb-68f3-44cc-bbfb-92dd2a117afb.jpg?aki_policy=large"", ""https://a0.muscache.com/im/pictures/203a4468-a4e8-45ec-a23f-1f748b97121c.jpg?aki_policy=large"", ""https://a0.muscache.com/im/pictures/678846c2-bb20-4ab3-b28e-d0039ce142de.jpg?aki_policy=large"", ""https://a0.muscache.com/im/pictures/464c4cc9-a4dd-4e0d-90e7-8a39f15c7066.jpg?aki_policy=large"", ""https://a0.muscache.com/im/pictures/2bdc4455-42f9-45ae-91c0-2bddf34c8f75.jpg?aki_policy=large"", ""https://a0.muscache.com/im/pictures/e145f23c-782f-4565-a57d-6128e217d780.jpg?aki_policy=large"", ""https://a0.muscache.com/im/pictures/bc0ac113-426a-43dc-84e2-59e03bb7a111.jpg?aki_policy=large""]";"{""beds"": 2, ""bedrooms"": 2, ""bathrooms"": 2.0, ""amenity_ids"": [1, 129, 4, 5, 8, 9, 11, 12, 77, 21, 91, 92, 93, 30, 94, 31, 95, 96, 33, 34, 37, 38, 103, 40, 42, 44, 46, 47], ""is_rebookable"": false, ""is_new_listing"": false, ""is_fully_refundable"": true, ""is_host_highly_rated"": true, ""is_business_travel_ready"": false}";"{""weekly_factor"": 0.85, ""monthly_factor"": 0.75}";4240;"";"{""is_superhost"": false}"
14196180;"Charming studio ""Kenzo"" Marais";entire_home;Paris;Saint-Paul - Ile Saint-Louis;48.8530646251;2.3652874033;2;"[""https://a0.muscache.com/im/pictures/05be57da-d069-4cb7-83f2-9bbfbff7c617.jpg?aki_policy=large"", ""https://a0.muscache.com/im/pictures/18e31e93-897b-4ad2-ae4d-791fa9880040.jpg?aki_policy=large"", ""https://a0.muscache.com/im/pictures/7a6ed791-a8b7-45ee-82dc-cd615e0f700f.jpg?aki_policy=large"", ""https://a0.muscache.com/im/pictures/79574d88-e5af-4b12-9793-c948db175e71.jpg?aki_policy=large"", ""https://a0.muscache.com/im/pictures/c6aae661-e27c-41ed-b6cc-2e2acaf34b91.jpg?aki_policy=large"", ""https://a0.muscache.com/im/pictures/188687fa-cc22-4ebb-ad54-522c60f74ee6.jpg?aki_policy=large"", ""https://a0.muscache.com/im/pictures/71a518c9-3439-4105-b43c-0a1468b6efe6.jpg?aki_policy=large"", ""https://a0.muscache.com/im/pictures/49474624-abd5-4733-a555-4945a935a38a.jpg?aki_policy=large"", ""https://a0.muscache.com/im/pictures/668004e5-671a-4c2d-9de1-1809608c7713.jpg?aki_policy=large"", ""https://a0.muscache.com/im/pictures/f758202f-349d-44b5-a213-28788dd725e0.jpg?aki_policy=large"", ""https://a0.muscache.com/im/pictures/27bc3767-91f1-4f2c-8e44-e6793aa3eaf4.jpg?aki_policy=large"", ""https://a0.muscache.com/im/pictures/d9891be5-4465-497b-8bf3-2d4dafc28680.jpg?aki_policy=large"", ""https://a0.muscache.com/im/pictures/823e92db-2dcf-41a6-9bc9-7828c6afdff3.jpg?aki_policy=large"", ""https://a0.muscache.com/im/pictures/33511d18-4ef5-402b-ab38-5734f81eb9c1.jpg?aki_policy=large"", ""https://a0.muscache.com/im/pictures/2203b3cf-ee13-4033-b8fd-5fe05745a17d.jpg?aki_policy=large"", ""https://a0.muscache.com/im/pictures/687dd786-d04a-445c-9fdc-e94b0c8b785a.jpg?aki_policy=large"", ""https://a0.muscache.com/im/pictures/688132b1-8e52-4535-a8f5-d43f0f32e7d1.jpg?aki_policy=large"", ""https://a0.muscache.com/im/pictures/3e6966ab-1170-42ef-b84a-db37e0931d74.jpg?aki_policy=large""]";"{""beds"": 1, ""bedrooms"": 1, ""bathrooms"": 1.0, ""amenity_ids"": [1, 33, 129, 34, 3, 35, 4, 36, 8, 40, 104, 41, 10, 43, 44, 45, 77, 46, 47, 49, 50, 30], ""is_rebookable"": false, ""is_new_listing"": false, ""is_fully_refundable"": true, ""is_host_highly_rated"": true, ""is_business_travel_ready"": false}";"{""weekly_factor"": 0.9, ""monthly_factor"": 0.75}";7806;"";"{""is_superhost"": true}"
14207437;Hôtel Elysées 8*** - Chambre Exécutive;private_room;Paris;Saint-Lazare;48.8740685333;2.31776535822;3;"[""https://a0.muscache.com/im/pictures/0268e436-746f-4ecd-917c-a8846a27adc5.jpg?aki_policy=large"", ""https://a0.muscache.com/im/pictures/0f38e167-6e94-41ce-b851-d9727563ce69.jpg?aki_policy=large"", ""https://a0.muscache.com/im/pictures/09fb67b6-545c-4f45-8f7d-03318f9c3f1f.jpg?aki_policy=large"", ""https://a0.muscache.com/im/pictures/9a1aa397-fc63-4659-a508-f805d7d8b414.jpg?aki_policy=large"", ""https://a0.muscache.com/im/pictures/54f9d017-9eca-47d9-8f70-1126256acc61.jpg?aki_policy=large"", ""https://a0.muscache.com/im/pictures/1a680137-dc27-466b-8c72-6eda5b0f10e5.jpg?aki_policy=large"", ""https://a0.muscache.com/im/pictures/43abc4bd-008a-4448-8a6a-72ed15f786f8.jpg?aki_policy=large"", ""https://a0.muscache.com/im/pictures/440a211e-d83e-4a40-b25c-f6029b474bf1.jpg?aki_policy=large"", ""https://a0.muscache.com/im/pictures/ee93754e-47fe-47ed-8eaa-cb91695003c8.jpg?aki_policy=large""]";"{""beds"": 2, ""bedrooms"": 1, ""bathrooms"": 1.0, ""amenity_ids"": [1, 35, 4, 5, 40, 41, 42, 43, 44, 45, 46, 47, 16, 21, 30, 31], ""is_rebookable"": false, ""is_new_listing"": false, ""is_fully_refundable"": true, ""is_host_highly_rated"": false, ""is_business_travel_ready"": false}";"{""weekly_factor"": 1.0, ""monthly_factor"": 1.0}";6552;"";"{""is_superhost"": false}"
14208656;Appartement proche Canal Saint Martin;entire_home;Paris;République;48.8719720302;2.37208425876;2;"[""https://a0.muscache.com/im/pictures/f33e8427-9a91-4b15-bbe1-6a5229894efd.jpg?aki_policy=large"", ""https://a0.muscache.com/im/pictures/2c563931-d84e-4b4c-84bf-c5ef3db1812f.jpg?aki_policy=large"", ""https://a0.muscache.com/im/pictures/2c4f862d-97cc-4b1d-b2a0-da4b14430a56.jpg?aki_policy=large"", ""https://a0.muscache.com/im/pictures/b3ef6fe6-e025-455b-bc7c-3ac127cc12ca.jpg?aki_policy=large"", ""https://a0.muscache.com/im/pictures/0f9d165e-280c-4ea9-97bd-73b5922c76f0.jpg?aki_policy=large"", ""https://a0.muscache.com/im/pictures/af7c74fd-b61f-4332-8150-aa51034eec94.jpg?aki_policy=large"", ""https://a0.muscache.com/im/pictures/f9c0f77e-1d78-4efe-a3ce-bed61be1bda1.jpg?aki_policy=large"", ""https://a0.muscache.com/im/pictures/8196f8d4-a524-4454-81ab-373346417123.jpg?aki_policy=large"", ""https://a0.muscache.com/im/pictures/0eb1622a-3096-4aa0-bcad-46ddd67b0ab5.jpg?aki_policy=large"", ""https://a0.muscache.com/im/pictures/5f45267b-33be-4bd2-901a-6e8f1ef84c63.jpg?aki_policy=large"", ""https://a0.muscache.com/im/pictures/929336ef-caab-4dd3-8b7c-003af728ba5e.jpg?aki_policy=large"", ""https://a0.muscache.com/im/pictures/80f765ff-3b05-44c3-8644-971ea429bbef.jpg?aki_policy=large"", ""https://a0.muscache.com/im/pictures/7830063b-4378-4249-875b-494e05ecef9d.jpg?aki_policy=large""]";"{""beds"": 1, ""bedrooms"": 1, ""bathrooms"": 1.0, ""amenity_ids"": [1, 3, 4, 8, 10, 77, 85, 87, 89, 90, 91, 92, 93, 30, 94, 31, 96, 33, 34, 35, 36, 103, 40, 41, 44, 45, 46, 47, 50, 51, 55, 57], ""is_rebookable"": false, ""is_new_listing"": false, ""is_fully_refundable"": true, ""is_host_highly_rated"": true, ""is_business_travel_ready"": false}";"{""weekly_factor"": 0.95, ""monthly_factor"": 0.7}";289;"";"{""is_superhost"": false}"
14287488;Modern spacious central 2BR in Rue St Maur, 11eme;entire_home;Paris;République;48.8685727622;2.37426521069;6;"[""https://a0.muscache.com/im/pictures/9b037f1b-ae20-4af9-bd5c-c4da9ce83004.jpg?aki_policy=large"", ""https://a0.muscache.com/im/pictures/d947512c-d252-4ab6-b5a7-2d0944ff73fd.jpg?aki_policy=large"", ""https://a0.muscache.com/im/pictures/499c2b5c-642e-46e0-a17a-91855792f312.jpg?aki_policy=large"", ""https://a0.muscache.com/im/pictures/c978b349-765d-4525-89d0-2b3b14097b12.jpg?aki_policy=large"", ""https://a0.muscache.com/im/pictures/82d53671-1d82-4456-8c37-fc69692f75fb.jpg?aki_policy=large"", ""https://a0.muscache.com/im/pictures/c11a4491-8452-4b64-a367-04a80473df81.jpg?aki_policy=large"", ""https://a0.muscache.com/im/pictures/3e950eff-fdee-4497-aa69-71bdd1a0082c.jpg?aki_policy=large"", ""https://a0.muscache.com/im/pictures/d3ab3d0e-a90f-4a02-aac6-1ec347ab55e4.jpg?aki_policy=large"", ""https://a0.muscache.com/im/pictures/2954015f-001c-410f-a9f6-00085ee3ec21.jpg?aki_policy=large"", ""https://a0.muscache.com/im/pictures/eec6da05-2e6a-41a7-b6b8-a13bb7eafb4c.jpg?aki_policy=large"", ""https://a0.muscache.com/im/pictures/5a12da48-ab9f-435f-9aa8-63b7b42cdf7f.jpg?aki_policy=large"", ""https://a0.muscache.com/im/pictures/e8459384-2ae5-40db-92cb-2c5633ac92c4.jpg?aki_policy=large"", ""https://a0.muscache.com/im/pictures/2a97ef06-ad35-4edf-af73-3cde62345687.jpg?aki_policy=large"", ""https://a0.muscache.com/im/pictures/ee4750dd-c7ae-495f-8246-f3bdf7e95168.jpg?aki_policy=large"", ""https://a0.muscache.com/im/pictures/c26bcb21-6510-42d1-90a6-f6a7bc757d08.jpg?aki_policy=large"", ""https://a0.muscache.com/im/pictures/c3d34446-71fc-4d38-a4ee-468a99791465.jpg?aki_policy=large"", ""https://a0.muscache.com/im/pictures/38c2f0e5-18fc-4f84-9503-2cc1b3345366.jpg?aki_policy=large"", ""https://a0.muscache.com/im/pictures/b32d8a00-14ed-449c-af52-36571e61e782.jpg?aki_policy=large"", ""https://a0.muscache.com/im/pictures/eb59edcd-28df-4055-ac6a-7b9dcdd84bd4.jpg?aki_policy=large"", ""https://a0.muscache.com/im/pictures/5a083bdc-c12b-414d-a978-2b3eb498f63d.jpg?aki_policy=large"", ""https://a0.muscache.com/im/pictures/f72181b9-1944-4af3-a95c-8d0da848d372.jpg?aki_policy=large""]";"{""beds"": 3, ""bedrooms"": 2, ""bathrooms"": 1.0, ""amenity_ids"": [1, 33, 129, 3, 4, 8, 40, 104, 41, 44, 45, 77, 46, 47, 16, 21, 30, 31], ""is_rebookable"": false, ""is_new_listing"": false, ""is_fully_refundable"": true, ""is_host_highly_rated"": false, ""is_business_travel_ready"": false}";"{""weekly_factor"": 0.85, ""monthly_factor"": 0.75}";30;"";"{""is_superhost"": false}"
14298796;2 pièces refait à neuf proche Bastille pour 3 p;entire_home;Paris;Bastille;48.8567924113;2.37481373522;3;"[""https://a0.muscache.com/im/pictures/4609f2cf-fa62-430d-8f3f-7f4a153d041f.jpg?aki_policy=large"", ""https://a0.muscache.com/im/pictures/cdd91e50-a4e9-4379-8a45-641e87d61c76.jpg?aki_policy=large"", ""https://a0.muscache.com/im/pictures/9e55aa87-d264-4f7d-a82e-409fcb2c6f50.jpg?aki_policy=large"", ""https://a0.muscache.com/im/pictures/b06736a9-4b0f-43d5-8201-fe0feaed01f1.jpg?aki_policy=large"", ""https://a0.muscache.com/im/pictures/cbac7813-9223-4ea3-8223-0cb4de44e49d.jpg?aki_policy=large"", ""https://a0.muscache.com/im/pictures/10824807-613c-4067-9407-6950aae751ec.jpg?aki_policy=large"", ""https://a0.muscache.com/im/pictures/6a6a27aa-5947-42e1-a312-88ea74805f56.jpg?aki_policy=large"", ""https://a0.muscache.com/im/pictures/21243319-e504-4fe2-aa2d-f9da9d1d4fff.jpg?aki_policy=large"", ""https://a0.muscache.com/im/pictures/604620cf-a788-4467-a9e5-dd4645ee3fc7.jpg?aki_policy=large"", ""https://a0.muscache.com/im/pictures/6195ee8f-fc4d-497f-bc5e-5327073cccb2.jpg?aki_policy=large"", ""https://a0.muscache.com/im/pictures/a67f1d7e-b978-4782-a323-bae3e161a43d.jpg?aki_policy=large"", ""https://a0.muscache.com/im/pictures/3f5fa971-a5f5-47c9-a7e9-e37daf75e3b1.jpg?aki_policy=large"", ""https://a0.muscache.com/im/pictures/6c8f273c-d709-4481-8759-e9ef835fa653.jpg?aki_policy=large"", ""https://a0.muscache.com/im/pictures/f644a8ce-e540-49cd-8086-d72d1057e463.jpg?aki_policy=large"", ""https://a0.muscache.com/im/pictures/be90b56c-2347-4b56-bc61-ea5c8e8349e8.jpg?aki_policy=large"", ""https://a0.muscache.com/im/pictures/fb680251-85da-4589-a1a3-774550428b0a.jpg?aki_policy=large""]";"{""beds"": 1, ""bedrooms"": 1, ""bathrooms"": 1.0, ""amenity_ids"": [1, 33, 4, 8, 40, 41, 44, 45, 30, 46, 31], ""is_rebookable"": false, ""is_new_listing"": false, ""is_fully_refundable"": true, ""is_host_highly_rated"": false, ""is_business_travel_ready"": false}";"{""weekly_factor"": 0.9, ""monthly_factor"": 0.8}";6404;"";"{""is_superhost"": false}"
14325227;Chambre double dans un grand appartement;private_room;Paris;République;48.8710131869;2.35582261299;2;"[""https://a0.muscache.com/im/pictures/a1c6c451-8850-401a-8462-5c767650a771.jpg?aki_policy=large"", ""https://a0.muscache.com/im/pictures/80dc2d7d-ab4a-48cf-9912-2bf57d7a27f3.jpg?aki_policy=large"", ""https://a0.muscache.com/im/pictures/b2c8a65c-4b70-414b-b10d-5e65d3cef404.jpg?aki_policy=large""]";"{""beds"": 2, ""bedrooms"": 1, ""bathrooms"": 1.0, ""amenity_ids"": [33, 34, 35, 4, 37, 39, 8, 40, 41, 44, 45, 46, 50, 21, 30, 31], ""is_rebookable"": false, ""is_new_listing"": false, ""is_fully_refundable"": true, ""is_host_highly_rated"": false, ""is_business_travel_ready"": false}";"{""weekly_factor"": 0.9, ""monthly_factor"": 1.0}";2920;"";"{""is_superhost"": false}"
14330975;Beau 3 pièces calme et lumineux près de Jourdain;entire_home;Paris;Buttes-Chaumont - Belleville;48.8720635575;2.39498161464;4;"[""https://a0.muscache.com/im/pictures/92eb5abc-8238-4d78-9b58-4910f3490d65.jpg?aki_policy=large"", ""https://a0.muscache.com/im/pictures/8555e227-10c4-4561-af4c-88c9ab1a3b92.jpg?aki_policy=large"", ""https://a0.muscache.com/im/pictures/8b43486b-08ff-4c33-8451-16a79679f602.jpg?aki_policy=large"", ""https://a0.muscache.com/im/pictures/95806f1e-0464-4b59-b121-0abd825a62ac.jpg?aki_policy=large"", ""https://a0.muscache.com/im/pictures/89436835-ac45-4f47-9453-a05c18cbd46a.jpg?aki_policy=large"", ""https://a0.muscache.com/im/pictures/99fed799-0cc9-40e4-9595-690f7f489caa.jpg?aki_policy=large"", ""https://a0.muscache.com/im/pictures/a3296d7c-27e5-4001-93f0-462fdb82bc0d.jpg?aki_policy=large"", ""https://a0.muscache.com/im/pictures/1a3db27b-a68e-496b-82d4-5a80fb58079b.jpg?aki_policy=large"", ""https://a0.muscache.com/im/pictures/48a748b6-9bfa-47e5-821a-f62c939cb53f.jpg?aki_policy=large"", ""https://a0.muscache.com/im/pictures/6da6f946-fcb1-43a6-9a05-5678c594498a.jpg?aki_policy=large"", ""https://a0.muscache.com/im/pictures/662e2821-216f-4a8d-880c-90eea327f992.jpg?aki_policy=large"", ""https://a0.muscache.com/im/pictures/786227c9-b42b-4de2-90a1-466603471201.jpg?aki_policy=large"", ""https://a0.muscache.com/im/pictures/528d0b81-f322-42bb-81b5-32131548ecea.jpg?aki_policy=large"", ""https://a0.muscache.com/im/pictures/41103501-c63a-4d68-8ca6-bf8e74445662.jpg?aki_policy=large"", ""https://a0.muscache.com/im/pictures/b4340ab0-6209-45e5-a9ff-59caabd5ea6f.jpg?aki_policy=large"", ""https://a0.muscache.com/im/pictures/8610c4c9-bf63-4e7f-9f4b-a99e30bfea4e.jpg?aki_policy=large"", ""https://a0.muscache.com/im/pictures/5c722e83-bc85-4010-8d15-3a9ebec923a6.jpg?aki_policy=large"", ""https://a0.muscache.com/im/pictures/5c79296e-93be-42e2-82c8-844ec1be9690.jpg?aki_policy=large"", ""https://a0.muscache.com/im/pictures/6f842ae4-7d24-4291-8003-f47cc1d17153.jpg?aki_policy=large"", ""https://a0.muscache.com/im/pictures/71b19de5-d23d-4a8f-9153-8e1ecd684bb1.jpg?aki_policy=large"", ""https://a0.muscache.com/im/pictures/a5dde051-5ea2-49c9-81a6-83245f6b37f0.jpg?aki_policy=large"", ""https://a0.muscache.com/im/pictures/01492425-9c6c-43bb-9347-cf924444ab59.jpg?aki_policy=large""]";"{""beds"": 2, ""bedrooms"": 1, ""bathrooms"": 1.0, ""amenity_ids"": [33, 3, 35, 4, 36, 38, 8, 40, 41, 43, 44, 45, 46, 47, 16, 27, 28, 30, 31], ""is_rebookable"": false, ""is_new_listing"": false, ""is_fully_refundable"": true, ""is_host_highly_rated"": true, ""is_business_travel_ready"": false}";"{""weekly_factor"": 0.93, ""monthly_factor"": 0.85}";5064;"";"{""is_superhost"": false}"
14351504;Room(s) for 2, 65m2 flat, canal St martin.;private_room;Paris;Canal Saint-Martin;48.8771481917;2.37000230959;2;"[""https://a0.muscache.com/im/pictures/65ff2448-6316-4f05-826e-d1eb67da344f.jpg?aki_policy=large"", ""https://a0.muscache.com/im/pictures/5c91c9e7-4e8a-48fd-96c5-ff77b7a01594.jpg?aki_policy=large"", ""https://a0.muscache.com/im/pictures/f4b485cb-d0a7-473b-a802-b8c3857c2ac8.jpg?aki_policy=large"", ""https://a0.muscache.com/im/pictures/5576a0b2-771e-445e-aec4-424b1d6decd3.jpg?aki_policy=large"", ""https://a0.muscache.com/im/pictures/e20a71de-507a-482e-a8d4-115b30b58b24.jpg?aki_policy=large"", ""https://a0.muscache.com/im/pictures/d7894d3e-a100-4e0a-99c6-3eb07e0137d5.jpg?aki_policy=large""]";"{""beds"": 1, ""bedrooms"": 1, ""bathrooms"": 1.0, ""amenity_ids"": [33, 34, 3, 35, 4, 8, 40, 41, 11, 43, 12, 44, 46, 47, 16, 49, 50, 21, 28, 30], ""is_rebookable"": false, ""is_new_listing"": false, ""is_fully_refundable"": true, ""is_host_highly_rated"": false, ""is_business_travel_ready"": false}";"{""weekly_factor"": 0.9, ""monthly_factor"": 0.8}";5004;"";"{""is_superhost"": true}"
14412992;Opéra Septembre !;entire_home;Paris;2e arrondissement;48.870723159;2.33483379728;6;"[""https://a0.muscache.com/im/pictures/2d1b9272-9f43-4f4a-a2a7-bd481db1f686.jpg?aki_policy=large"", ""https://a0.muscache.com/im/pictures/5af3b9c4-64e0-4e46-a288-df8b669a9f11.jpg?aki_policy=large"", ""https://a0.muscache.com/im/pictures/714b0be7-73ec-429b-b81b-3b70ded5d9fa.jpg?aki_policy=large"", ""https://a0.muscache.com/im/pictures/14e1d35a-6521-4a78-8017-45b1214aff29.jpg?aki_policy=large"", ""https://a0.muscache.com/im/pictures/fe0614d7-62af-4693-ba5b-8b8db9b644f9.jpg?aki_policy=large"", ""https://a0.muscache.com/im/pictures/ba5ebcc8-9f4f-4cac-abeb-6a262b66fda1.jpg?aki_policy=large"", ""https://a0.muscache.com/im/pictures/f01464f8-cc49-4ca2-ace6-16f9297e32ad.jpg?aki_policy=large"", ""https://a0.muscache.com/im/pictures/862242ac-00a5-4857-b125-1999a044d689.jpg?aki_policy=large"", ""https://a0.muscache.com/im/pictures/c0011461-bf18-4ca1-a0c0-e83e0ead7bc3.jpg?aki_policy=large"", ""https://a0.muscache.com/im/pictures/77098877-da77-4bb4-80d3-c8a87da4ac33.jpg?aki_policy=large"", ""https://a0.muscache.com/im/pictures/f1d793c9-934d-4358-86bd-f3cedd065717.jpg?aki_policy=large"", ""https://a0.muscache.com/im/pictures/92eac582-a579-4543-a72b-eab6fc286c81.jpg?aki_policy=large"", ""https://a0.muscache.com/im/pictures/26ddeb5e-3a71-417a-8b3b-2081279b3d51.jpg?aki_policy=large"", ""https://a0.muscache.com/im/pictures/cc5109e0-caf6-47d6-88d0-73a1254e8b1e.jpg?aki_policy=large"", ""https://a0.muscache.com/im/pictures/8183f8d6-20bf-4f0d-b910-fa9ea5d0ce23.jpg?aki_policy=large"", ""https://a0.muscache.com/im/pictures/403d1b19-5139-4bf6-a1a1-7572febb1974.jpg?aki_policy=large"", ""https://a0.muscache.com/im/pictures/6dcb83a6-b104-43b8-8331-ca90c84f8ef0.jpg?aki_policy=large"", ""https://a0.muscache.com/im/pictures/898b206e-3e30-4626-aeae-831b40c44ab0.jpg?aki_policy=large"", ""https://a0.muscache.com/im/pictures/2d03b130-5a55-4bfb-a8ee-310fe9a309af.jpg?aki_policy=large"", ""https://a0.muscache.com/im/pictures/14fc1bc1-19f7-4469-bfad-e6d9990abe18.jpg?aki_policy=large""]";"{""beds"": 3, ""bedrooms"": 2, ""bathrooms"": 1.5, ""amenity_ids"": [1, 65, 129, 2, 67, 4, 8, 77, 85, 86, 89, 90, 91, 92, 93, 30, 94, 31, 95, 96, 33, 34, 35, 36, 39, 103, 40, 104, 41, 44, 45, 46, 47, 51, 54, 60], ""is_rebookable"": false, ""is_new_listing"": false, ""is_fully_refundable"": true, ""is_host_highly_rated"": true, ""is_business_travel_ready"": false}";"{""weekly_factor"": 0.95, ""monthly_factor"": 0.93}";4226;"";"{""is_superhost"": false}"
14433920;S03152 - Studio rue du temple;entire_home;Paris;3e arrondissement;48.8652971751;2.36224510388;4;"[""https://a0.muscache.com/im/pictures/39525fe1-1660-4d8f-b00f-209a7e71627e.jpg?aki_policy=large"", ""https://a0.muscache.com/im/pictures/7f067a16-4cdd-4e7f-87dd-1cb267ca11cd.jpg?aki_policy=large"", ""https://a0.muscache.com/im/pictures/a40d9e6a-a346-4eef-ad5a-b44d74102209.jpg?aki_policy=large"", ""https://a0.muscache.com/im/pictures/104fe046-cd8f-4195-b301-ae0ed7b9107b.jpg?aki_policy=large"", ""https://a0.muscache.com/im/pictures/5eee8db0-3c56-4144-a6f5-41acfbd9ec7d.jpg?aki_policy=large"", ""https://a0.muscache.com/im/pictures/5a520a7e-1e09-4b7b-b48b-18b254e6a2c9.jpg?aki_policy=large"", ""https://a0.muscache.com/im/pictures/d8a9267a-f182-4ffd-ac1e-2fd7d7a4aabb.jpg?aki_policy=large"", ""https://a0.muscache.com/im/pictures/6bd28109-599b-495b-81c0-f558152ac5e9.jpg?aki_policy=large"", ""https://a0.muscache.com/im/pictures/fecd67d7-a358-4427-8764-b6114e47bb46.jpg?aki_policy=large"", ""https://a0.muscache.com/im/pictures/74f395aa-ae3b-4a44-bbae-5362ae5be30f.jpg?aki_policy=large"", ""https://a0.muscache.com/im/pictures/7bf591d7-3c4f-4580-9ba7-81574cd62931.jpg?aki_policy=large"", ""https://a0.muscache.com/im/pictures/e2a7b48d-7b3e-47c4-bd5f-1d113fd05946.jpg?aki_policy=large"", ""https://a0.muscache.com/im/pictures/5123d36d-b267-4b86-9e3e-8e399bb9a64c.jpg?aki_policy=large"", ""https://a0.muscache.com/im/pictures/04930386-1340-4356-8b7a-e99a9ba7092f.jpg?aki_policy=large"", ""https://a0.muscache.com/im/pictures/a7abd214-b464-4d98-9cfe-f5cee41b384c.jpg?aki_policy=large"", ""https://a0.muscache.com/im/pictures/a03fa11c-56f4-4755-a1da-5a0045b779ca.jpg?aki_policy=large"", ""https://a0.muscache.com/im/pictures/d62c9aab-afab-4f17-a54f-bc3bf76d60c0.jpg?aki_policy=large""]";"{""beds"": 2, ""bedrooms"": 0, ""bathrooms"": 1.0, ""amenity_ids"": [1, 33, 129, 3, 35, 4, 36, 8, 40, 41, 44, 45, 46, 47, 21, 30, 31], ""is_rebookable"": false, ""is_new_listing"": false, ""is_fully_refundable"": true, ""is_host_highly_rated"": true, ""is_business_travel_ready"": false}";"{""weekly_factor"": 1.0, ""monthly_factor"": 1.0}";5338;"";"{""is_superhost"": false}"
28557525;Champs Elysée Christmas House;entire_home;Paris;Champs-Elysées;48.8775807899;2.29755278991;6;"[""https://a0.muscache.com/im/pictures/498541fb-d2e4-479e-bbb1-70610d958563.jpg?aki_policy=large"", ""https://a0.muscache.com/im/pictures/a30ab529-135a-4108-a8e8-8306b547ff9e.jpg?aki_policy=large"", ""https://a0.muscache.com/im/pictures/5936ce77-e749-4746-a63d-c4366a2aceef.jpg?aki_policy=large"", ""https://a0.muscache.com/im/pictures/082df57f-283d-4efb-be24-ff543d3e1857.jpg?aki_policy=large"", ""https://a0.muscache.com/im/pictures/ed627ff8-b175-473c-8c52-fd93006ee1cd.jpg?aki_policy=large"", ""https://a0.muscache.com/im/pictures/70039a25-dd69-43e8-9003-ad5e2a59ec6a.jpg?aki_policy=large"", ""https://a0.muscache.com/im/pictures/3c2beec9-66e1-4c78-8e17-2b8e8956212c.jpg?aki_policy=large"", ""https://a0.muscache.com/im/pictures/cb386e44-8660-44bc-ba4e-6279b154f854.jpg?aki_policy=large"", ""https://a0.muscache.com/im/pictures/513ecd09-96dc-4c8c-8dbc-6d340aca0009.jpg?aki_policy=large"", ""https://a0.muscache.com/im/pictures/dc7d89c6-a82e-41e6-ba84-5a35b2818ca3.jpg?aki_policy=large"", ""https://a0.muscache.com/im/pictures/6ec742b2-94f0-478b-b378-f956f67f5cee.jpg?aki_policy=large"", ""https://a0.muscache.com/im/pictures/1baa9a92-7600-4bf2-8d2e-64c97a303af0.jpg?aki_policy=large"", ""https://a0.muscache.com/im/pictures/0d17d49b-2a59-4f67-8365-419d8d31fae5.jpg?aki_policy=large"", ""https://a0.muscache.com/im/pictures/e2b4d7c1-e634-498e-8185-f27adff26a09.jpg?aki_policy=large"", ""https://a0.muscache.com/im/pictures/95b30ffc-f764-4ce1-915b-d19a64f13181.jpg?aki_policy=large"", ""https://a0.muscache.com/im/pictures/45ba496e-21e1-41da-b97f-9a9115d33677.jpg?aki_policy=large"", ""https://a0.muscache.com/im/pictures/7c90c714-c457-4483-8b14-b0ae01344585.jpg?aki_policy=large"", ""https://a0.muscache.com/im/pictures/4035b857-e514-40c7-917f-68cb91c768b4.jpg?aki_policy=large"", ""https://a0.muscache.com/im/pictures/446ccf7a-7eec-4273-b3c7-522de797391a.jpg?aki_policy=large"", ""https://a0.muscache.com/im/pictures/e46f9d46-a7a7-4c17-a66d-855ac0ad3965.jpg?aki_policy=large"", ""https://a0.muscache.com/im/pictures/4da96f8f-5538-446c-a1dd-27065004adf0.jpg?aki_policy=large"", ""https://a0.muscache.com/im/pictures/d1d1caaa-5337-4a11-802c-ab7edb63716e.jpg?aki_policy=large"", ""https://a0.muscache.com/im/pictures/7fd38315-bf32-4dcd-95a8-3266da147680.jpg?aki_policy=large"", ""https://a0.muscache.com/im/pictures/6eeca27d-a5ac-4f68-b684-a3babec2fdc9.jpg?aki_policy=large"", ""https://a0.muscache.com/im/pictures/eda30649-6ff6-4688-9cd4-179e838338b6.jpg?aki_policy=large"", ""https://a0.muscache.com/im/pictures/cb6fe51a-81ea-4078-bef1-d08b99ef8c9d.jpg?aki_policy=large""]";"{""beds"": 3, ""bedrooms"": 3, ""bathrooms"": 2.0, ""amenity_ids"": [16, 32, 1, 4, 40, 41, 44, 30, 47], ""is_rebookable"": false, ""is_new_listing"": true, ""is_fully_refundable"": true, ""is_host_highly_rated"": false, ""is_business_travel_ready"": false}";"{""weekly_factor"": 1.0, ""monthly_factor"": 1.0}";148;"";"{""is_superhost"": false}"
14486177;Paris 17e avec terrasse et vue sur Paris.;entire_home;Paris-17E-Arrondissement;Ternes;48.8808813127;2.28447721546;2;"[""https://a0.muscache.com/im/pictures/a7006e1b-66dd-4513-8cf1-099000038ddf.jpg?aki_policy=large"", ""https://a0.muscache.com/im/pictures/e2cc193a-1171-4f4d-b374-1c9eb78e5164.jpg?aki_policy=large"", ""https://a0.muscache.com/im/pictures/1defe716-e5ae-40c5-b10b-4e06c889bcf8.jpg?aki_policy=large"", ""https://a0.muscache.com/im/pictures/6720c5a0-7ece-4821-a1ed-e74ac150ef1f.jpg?aki_policy=large"", ""https://a0.muscache.com/im/pictures/8e71806c-96f0-47f2-a60b-168171b68a05.jpg?aki_policy=large"", ""https://a0.muscache.com/im/pictures/5282cd89-af42-447f-af76-11bd86008481.jpg?aki_policy=large"", ""https://a0.muscache.com/im/pictures/1790104c-6881-432d-925d-8272a3ce5c1d.jpg?aki_policy=large"", ""https://a0.muscache.com/im/pictures/6bbd1538-fe9d-43f8-8488-38e6925dfae4.jpg?aki_policy=large"", ""https://a0.muscache.com/im/pictures/b2f999dc-499d-42fd-bf44-e3a3b4ddc46c.jpg?aki_policy=large"", ""https://a0.muscache.com/im/pictures/a5a87225-4503-40e8-b896-b3987af08d23.jpg?aki_policy=large"", ""https://a0.muscache.com/im/pictures/e84933f7-5f11-4078-8b94-eb4ade668fec.jpg?aki_policy=large"", ""https://a0.muscache.com/im/pictures/96e43743-11cf-49fc-844a-2970dbbe2543.jpg?aki_policy=large"", ""https://a0.muscache.com/im/pictures/b530c91c-17ab-442f-8c98-92ab19048096.jpg?aki_policy=large"", ""https://a0.muscache.com/im/pictures/989a7485-ca91-48d9-a5e6-02fb488c1ab0.jpg?aki_policy=large"", ""https://a0.muscache.com/im/pictures/4bf1b775-97dd-4a1e-acab-8cd86c5f5030.jpg?aki_policy=large"", ""https://a0.muscache.com/im/pictures/3e0b6631-1a0e-4d98-850a-a655ddf6ed95.jpg?aki_policy=large"", ""https://a0.muscache.com/im/pictures/e63a0bb5-69b5-465a-b683-999f22b9e48d.jpg?aki_policy=large"", ""https://a0.muscache.com/im/pictures/07cea694-b783-401a-8543-310e71c8ea74.jpg?aki_policy=large"", ""https://a0.muscache.com/im/pictures/0307d181-e5e9-4baf-8bc8-d8adb73d2861.jpg?aki_policy=large"", ""https://a0.muscache.com/im/pictures/0bbc93cf-d225-47ac-bc62-caf7bd188d50.jpg?aki_policy=large"", ""https://a0.muscache.com/im/pictures/b3110133-44d8-444e-ac9f-92cbc9b2f38e.jpg?aki_policy=large"", ""https://a0.muscache.com/im/pictures/24b4b660-bad4-4865-b42b-525f3adaa562.jpg?aki_policy=large"", ""https://a0.muscache.com/im/pictures/4568a52e-f2dc-4e1a-be1d-53af1e8054c8.jpg?aki_policy=large"", ""https://a0.muscache.com/im/pictures/639bf53e-20f2-4dce-9501-9cd73570bb77.jpg?aki_policy=large"", ""https://a0.muscache.com/im/pictures/361f48f1-e21f-4a69-aa66-ba1bd89761f2.jpg?aki_policy=large"", ""https://a0.muscache.com/im/pictures/fbf6f581-e60d-430a-aa47-af73a4388607.jpg?aki_policy=large"", ""https://a0.muscache.com/im/pictures/00a2c1af-8fb7-4ec9-81c4-d92f863c04ff.jpg?aki_policy=large"", ""https://a0.muscache.com/im/pictures/84fde395-c0dc-497c-853e-f66bee23e3ed.jpg?aki_policy=large"", ""https://a0.muscache.com/im/pictures/ad5e6078-e417-4c9e-9944-fac22ae5677e.jpg?aki_policy=large"", ""https://a0.muscache.com/im/pictures/d49fdb83-68a8-4367-93ff-056847120524.jpg?aki_policy=large""]";"{""beds"": 1, ""bedrooms"": 1, ""bathrooms"": 1.0, ""amenity_ids"": [1, 33, 129, 2, 3, 35, 4, 36, 39, 8, 40, 41, 10, 44, 45, 77, 46, 47, 16, 49, 50, 21, 28, 30], ""is_rebookable"": false, ""is_new_listing"": false, ""is_fully_refundable"": true, ""is_host_highly_rated"": true, ""is_business_travel_ready"": false}";"{""weekly_factor"": 0.9, ""monthly_factor"": 1.0}";1156;"";"{""is_superhost"": true}"
14498129;LOFT MODERNE ET CHALEUREUX PROCHE CANAL ST MARTIN;entire_home;Paris;République;48.8699918373;2.3559861022;2;"[""https://a0.muscache.com/im/pictures/4bb7c449-bb22-47b0-b1e0-89497c502abf.jpg?aki_policy=large"", ""https://a0.muscache.com/im/pictures/9f5061ab-8a43-4e21-ba49-f0aee5211ed9.jpg?aki_policy=large"", ""https://a0.muscache.com/im/pictures/5ebb47b1-d91d-447c-af2a-f813e98677d4.jpg?aki_policy=large"", ""https://a0.muscache.com/im/pictures/5cfd708a-b035-492f-89f7-ff7a347fa593.jpg?aki_policy=large"", ""https://a0.muscache.com/im/pictures/d752c93d-2084-4b9f-82d9-a3455086f5fd.jpg?aki_policy=large"", ""https://a0.muscache.com/im/pictures/fb7e13ea-bd42-4b1f-9913-9c9a6f98aa1d.jpg?aki_policy=large"", ""https://a0.muscache.com/im/pictures/6fa9e68b-8bc6-4105-a29f-7e064036664e.jpg?aki_policy=large"", ""https://a0.muscache.com/im/pictures/d55c512c-bf48-462f-969a-e1b2c0a1145b.jpg?aki_policy=large"", ""https://a0.muscache.com/im/pictures/98a87eb2-de54-4f7a-8179-baf858b4651b.jpg?aki_policy=large"", ""https://a0.muscache.com/im/pictures/e6735c78-dff9-4f36-8390-7c40b1f933ec.jpg?aki_policy=large"", ""https://a0.muscache.com/im/pictures/fabcfd03-bbef-433b-aeac-397449cd0b34.jpg?aki_policy=large"", ""https://a0.muscache.com/im/pictures/c79b18bb-5cf9-47b6-95db-5e0ea869ad79.jpg?aki_policy=large"", ""https://a0.muscache.com/im/pictures/5e1b53b0-b789-4266-93c3-32565733a2b6.jpg?aki_policy=large"", ""https://a0.muscache.com/im/pictures/7ba1421d-6152-4096-bc7e-f2e9a50ff61b.jpg?aki_policy=large"", ""https://a0.muscache.com/im/pictures/af6dedf5-3602-48f9-a1a2-a32b04be0d9b.jpg?aki_policy=large"", ""https://a0.muscache.com/im/pictures/7b1ff144-3307-4c0f-859a-54d99fbf4244.jpg?aki_policy=large"", ""https://a0.muscache.com/im/pictures/0c6327c1-5290-4155-b5ba-063e52b326cd.jpg?aki_policy=large"", ""https://a0.muscache.com/im/pictures/a0bc2394-7573-4001-ba55-fb59212536d1.jpg?aki_policy=large""]";"{""beds"": 1, ""bedrooms"": 1, ""bathrooms"": 1.0, ""amenity_ids"": [1, 33, 2, 34, 3, 35, 4, 36, 38, 8, 40, 41, 43, 44, 45, 46, 47, 50, 30, 31], ""is_rebookable"": false, ""is_new_listing"": false, ""is_fully_refundable"": true, ""is_host_highly_rated"": true, ""is_business_travel_ready"": false}";"{""weekly_factor"": 0.8, ""monthly_factor"": 0.7}";2784;"";"{""is_superhost"": true}"
14584402;Modern Art, 1Ch/1Sdb, 4 personnes;entire_home;Paris;Châtelet - Les Halles - Beaubourg;48.8607320896;2.35151859691;4;"[""https://a0.muscache.com/im/pictures/51554dcd-ca91-4a1f-ac76-0f3c67c2c09c.jpg?aki_policy=large"", ""https://a0.muscache.com/im/pictures/b2199252-ec6b-415d-b0b2-723114d5ee9a.jpg?aki_policy=large"", ""https://a0.muscache.com/im/pictures/ca795d6e-da54-455b-be4f-321dc3657824.jpg?aki_policy=large"", ""https://a0.muscache.com/im/pictures/a977d9bf-d6f5-4eae-a2df-ab74a79b43fc.jpg?aki_policy=large"", ""https://a0.muscache.com/im/pictures/d597fcb0-3189-4a79-89c2-610218c9d34b.jpg?aki_policy=large"", ""https://a0.muscache.com/im/pictures/db690488-e7ef-4ce2-9204-f6f242a9f36e.jpg?aki_policy=large"", ""https://a0.muscache.com/im/pictures/94f451ab-4654-4468-b415-f346c0370aa7.jpg?aki_policy=large"", ""https://a0.muscache.com/im/pictures/cd6287d5-58ca-4f53-908c-dd6ec1329420.jpg?aki_policy=large"", ""https://a0.muscache.com/im/pictures/3e5e6857-8f36-465a-bec6-0df300e16b84.jpg?aki_policy=large"", ""https://a0.muscache.com/im/pictures/676cddd5-fbd1-403b-98c0-6b669eb8cfab.jpg?aki_policy=large"", ""https://a0.muscache.com/im/pictures/27738c40-c2ad-4fe5-8878-b951511af103.jpg?aki_policy=large"", ""https://a0.muscache.com/im/pictures/f656c85c-dc74-4783-8168-32b61a30ab7a.jpg?aki_policy=large"", ""https://a0.muscache.com/im/pictures/27bcb6ec-3492-49ac-b3c1-a512ac92f98d.jpg?aki_policy=large"", ""https://a0.muscache.com/im/pictures/efc0364d-3c95-43cf-a319-d9fa6623e865.jpg?aki_policy=large"", ""https://a0.muscache.com/im/pictures/d82f5787-a3bf-47f2-8857-cc49abd258bb.jpg?aki_policy=large""]";"{""beds"": 2, ""bedrooms"": 1, ""bathrooms"": 1.0, ""amenity_ids"": [1, 33, 2, 34, 3, 35, 4, 39, 8, 44, 45, 46, 47, 21, 30, 31], ""is_rebookable"": false, ""is_new_listing"": false, ""is_fully_refundable"": true, ""is_host_highly_rated"": true, ""is_business_travel_ready"": false}";"{""weekly_factor"": 0.86, ""monthly_factor"": 0.7}";5235;"";"{""is_superhost"": false}"
14602664;JOLI APPARTEMENT À PARIS - BASTILLE;entire_home;Paris;Bastille;48.852478526;2.37003965639;3;"[""https://a0.muscache.com/im/pictures/034929c5-2010-4d80-b270-ae14265e164f.jpg?aki_policy=large"", ""https://a0.muscache.com/im/pictures/e0fd5fb7-1ffa-46cb-bffa-685f520550c8.jpg?aki_policy=large"", ""https://a0.muscache.com/im/pictures/234a7386-c03b-46f2-84db-7cd6be052bf3.jpg?aki_policy=large"", ""https://a0.muscache.com/im/pictures/0767f183-630c-4e98-9887-1ab2efe6be08.jpg?aki_policy=large"", ""https://a0.muscache.com/im/pictures/38d39d5d-8588-466a-add5-08410028b138.jpg?aki_policy=large"", ""https://a0.muscache.com/im/pictures/a0347ba0-1dbb-40c8-b6c6-bd6c1d06e639.jpg?aki_policy=large"", ""https://a0.muscache.com/im/pictures/f6c5e0f4-eb28-43af-99cc-2ecfcb6e1320.jpg?aki_policy=large"", ""https://a0.muscache.com/im/pictures/227a9c67-8fed-427a-a745-c73fd284eee9.jpg?aki_policy=large"", ""https://a0.muscache.com/im/pictures/9ebb1762-9bbb-4865-bb30-215f0f015601.jpg?aki_policy=large"", ""https://a0.muscache.com/im/pictures/a266fe1a-82ce-4f08-8f6b-b4dc445a067b.jpg?aki_policy=large"", ""https://a0.muscache.com/im/pictures/180dddd1-bb7b-4767-98a1-246598f30cba.jpg?aki_policy=large"", ""https://a0.muscache.com/im/pictures/143aeced-1827-4805-b7b4-ae992f1c258c.jpg?aki_policy=large"", ""https://a0.muscache.com/im/pictures/b510ac50-f75e-4d01-8c16-d742602a976b.jpg?aki_policy=large"", ""https://a0.muscache.com/im/pictures/7d6bc382-62d8-409a-aa0f-fa3852cbd05f.jpg?aki_policy=large"", ""https://a0.muscache.com/im/pictures/6b39a3af-cd77-4d25-94d7-fd7df57d831f.jpg?aki_policy=large""]";"{""beds"": 2, ""bedrooms"": 0, ""bathrooms"": 1.0, ""amenity_ids"": [1, 33, 34, 3, 35, 4, 8, 40, 41, 43, 44, 46, 21, 28, 30, 31], ""is_rebookable"": false, ""is_new_listing"": false, ""is_fully_refundable"": true, ""is_host_highly_rated"": false, ""is_business_travel_ready"": false}";"{""weekly_factor"": 1.0, ""monthly_factor"": 1.0}";3644;"";"{""is_superhost"": false}"
14702080;Chambre agréable et lumineuse à Paris;private_room;Paris;Nation;48.8459390255;2.40887322685;2;"[""https://a0.muscache.com/im/pictures/bd805676-b659-4864-840b-28782a45fd65.jpg?aki_policy=large"", ""https://a0.muscache.com/im/pictures/e6346b1f-ddc7-4417-82c7-d830005f59a1.jpg?aki_policy=large"", ""https://a0.muscache.com/im/pictures/5269196b-47ef-4c85-96c9-01ac880e8646.jpg?aki_policy=large"", ""https://a0.muscache.com/im/pictures/b11c20bd-79df-4ccd-8d96-91759d473a09.jpg?aki_policy=large""]";"{""beds"": 1, ""bedrooms"": 1, ""bathrooms"": 1.0, ""amenity_ids"": [16, 50, 4, 8, 40, 41, 11, 30, 31, 47], ""is_rebookable"": false, ""is_new_listing"": false, ""is_fully_refundable"": true, ""is_host_highly_rated"": false, ""is_business_travel_ready"": false}";"{""weekly_factor"": 0.85, ""monthly_factor"": 0.7}";1113;"";"{""is_superhost"": false}"
14705624;Huge 140m² terrace for EVENTS on Parc MONCEAU;entire_home;Paris;"";48.8774415309;2.31012899961;16;"[""https://a0.muscache.com/im/pictures/ed17b722-61e1-4c4c-af62-0594ebcc5655.jpg?aki_policy=large"", ""https://a0.muscache.com/im/pictures/3d398ffa-f381-4b36-9769-a9c20a279dbd.jpg?aki_policy=large"", ""https://a0.muscache.com/im/pictures/a4280f78-f876-40ce-bc96-e59c6075ac63.jpg?aki_policy=large"", ""https://a0.muscache.com/im/pictures/69260aef-77cf-4c58-a29a-eccddb67c68b.jpg?aki_policy=large"", ""https://a0.muscache.com/im/pictures/088e3c8e-a70e-4dd3-8061-58720f4dafe3.jpg?aki_policy=large"", ""https://a0.muscache.com/im/pictures/f490f633-eadd-48b9-9df6-9b79b7d04806.jpg?aki_policy=large"", ""https://a0.muscache.com/im/pictures/1403f31b-1b30-4ad7-8bad-cc68d5361c15.jpg?aki_policy=large"", ""https://a0.muscache.com/im/pictures/99dea70f-9421-46e1-83bb-01737f5e0c78.jpg?aki_policy=large"", ""https://a0.muscache.com/im/pictures/422f24e7-543d-4226-a11b-37f6a6874568.jpg?aki_policy=large"", ""https://a0.muscache.com/im/pictures/dd22b155-455b-4e35-a5a8-066d7d5bcb5c.jpg?aki_policy=large"", ""https://a0.muscache.com/im/pictures/a073bfff-7d5e-4855-9555-9892d12b05ba.jpg?aki_policy=large"", ""https://a0.muscache.com/im/pictures/b29a566f-01e1-4112-8b01-2debb95148e5.jpg?aki_policy=large"", ""https://a0.muscache.com/im/pictures/11cc4840-3a6e-403a-9772-0045da67a26c.jpg?aki_policy=large"", ""https://a0.muscache.com/im/pictures/32e7fa36-3594-4821-ba87-504c86d9cb1c.jpg?aki_policy=large"", ""https://a0.muscache.com/im/pictures/3d780941-be10-4046-9a84-5a4bca8bbb10.jpg?aki_policy=large""]";"{""beds"": 2, ""bedrooms"": 2, ""bathrooms"": 1.0, ""amenity_ids"": [32, 33, 4, 21, 40, 41, 45, 30, 31, 47], ""is_rebookable"": false, ""is_new_listing"": false, ""is_fully_refundable"": true, ""is_host_highly_rated"": true, ""is_business_travel_ready"": false}";"{""weekly_factor"": 1.0, ""monthly_factor"": 1.0}";7457;"";"{""is_superhost"": false}"
14730797;Maison de ville au coeur de Paris;entire_home;Paris;République;48.8673512118;2.37056364205;2;"[""https://a0.muscache.com/im/pictures/0282584a-fadc-4124-981c-0fc9a0849b70.jpg?aki_policy=large"", ""https://a0.muscache.com/im/pictures/bc2e228a-9c23-4ae8-9317-948007952645.jpg?aki_policy=large"", ""https://a0.muscache.com/im/pictures/39833a64-6a38-4a16-9414-3be98277b7fe.jpg?aki_policy=large"", ""https://a0.muscache.com/im/pictures/e3f797a0-f0e4-4bd5-97a2-08ff042ff19d.jpg?aki_policy=large"", ""https://a0.muscache.com/im/pictures/803a20ea-9ca1-4330-8d66-09a7ae836c21.jpg?aki_policy=large"", ""https://a0.muscache.com/im/pictures/25f24b82-0685-4739-ab6f-8f114447a0e9.jpg?aki_policy=large"", ""https://a0.muscache.com/im/pictures/8e83ab32-01bf-4a78-bc60-029e466faeef.jpg?aki_policy=large"", ""https://a0.muscache.com/im/pictures/b90a89f8-8a1f-406c-a0ec-488d076edb90.jpg?aki_policy=large""]";"{""beds"": 1, ""bedrooms"": 1, ""bathrooms"": 1.0, ""amenity_ids"": [33, 34, 3, 4, 8, 40, 41, 11, 43, 12, 44, 45, 46, 47, 30], ""is_rebookable"": false, ""is_new_listing"": false, ""is_fully_refundable"": true, ""is_host_highly_rated"": true, ""is_business_travel_ready"": false}";"{""weekly_factor"": 0.84, ""monthly_factor"": 0.8}";5497;"";"{""is_superhost"": false}"
14752004;Cosy studette Paris - Le Marais.;entire_home;Paris;Le Marais;48.8560042247;2.3591410949;1;"[""https://a0.muscache.com/im/pictures/19d9210a-6cdf-49d0-9068-8ea8b61be1a4.jpg?aki_policy=large"", ""https://a0.muscache.com/im/pictures/00ba6f67-4443-4621-85aa-1e5749ac8471.jpg?aki_policy=large"", ""https://a0.muscache.com/im/pictures/eef57c6a-65d3-487a-8cf5-34a910e51ce7.jpg?aki_policy=large"", ""https://a0.muscache.com/im/pictures/c7a4ebee-536f-4619-a79b-9e95de008ece.jpg?aki_policy=large"", ""https://a0.muscache.com/im/pictures/5244b28d-8d99-48fd-ab7c-bc6dcbc8d374.jpg?aki_policy=large"", ""https://a0.muscache.com/im/pictures/cf69ef63-1129-4eaa-814d-fa5099a0e74b.jpg?aki_policy=large"", ""https://a0.muscache.com/im/pictures/ac345e01-dde8-47bf-9887-9cc3a059b764.jpg?aki_policy=large"", ""https://a0.muscache.com/im/pictures/97edaaa9-91b1-475b-9088-9792ee943841.jpg?aki_policy=large"", ""https://a0.muscache.com/im/pictures/22f527db-c38f-4d32-8ccd-adb77bb47be2.jpg?aki_policy=large"", ""https://a0.muscache.com/im/pictures/d3a708b1-e668-44c4-a4f3-dd59671cd2d3.jpg?aki_policy=large"", ""https://a0.muscache.com/im/pictures/2d387053-a27c-4707-ad01-8736e7ba0a74.jpg?aki_policy=large"", ""https://a0.muscache.com/im/pictures/62ca2667-04d1-42fe-9561-de0c0476d5fd.jpg?aki_policy=large""]";"{""beds"": 1, ""bedrooms"": 0, ""bathrooms"": 1.0, ""amenity_ids"": [3, 35, 131, 4, 36, 8, 40, 104, 43, 44, 45, 77, 46, 49, 50, 21, 30], ""is_rebookable"": false, ""is_new_listing"": false, ""is_fully_refundable"": true, ""is_host_highly_rated"": false, ""is_business_travel_ready"": false}";"{""weekly_factor"": 0.9, ""monthly_factor"": 0.6}";4388;"";"{""is_superhost"": false}"
14752077;Apt familial - Cosy & Design - St Georges;entire_home;Paris;Pigalle - Saint-Georges;48.8822478622;2.33370562588;6;"[""https://a0.muscache.com/im/pictures/0d4ba6eb-65f9-45d9-8d9d-f1a9a01c752a.jpg?aki_policy=large"", ""https://a0.muscache.com/im/pictures/00c1aeca-69ca-4363-84fb-f6da5360198a.jpg?aki_policy=large"", ""https://a0.muscache.com/im/pictures/a36a6fe6-4ba6-4aa4-8047-eac961551b3e.jpg?aki_policy=large"", ""https://a0.muscache.com/im/pictures/60377cfe-463e-4786-9185-c5ea8c365553.jpg?aki_policy=large"", ""https://a0.muscache.com/im/pictures/bbfd22cf-00f2-4fce-9334-00cf4dd570e9.jpg?aki_policy=large"", ""https://a0.muscache.com/im/pictures/774412e6-53d1-498c-9c74-9dc5229e6586.jpg?aki_policy=large"", ""https://a0.muscache.com/im/pictures/bcb987e4-d324-4938-8d30-54aa5e91072c.jpg?aki_policy=large"", ""https://a0.muscache.com/im/pictures/7152c059-75a0-4bbf-9bd0-3979655f83ea.jpg?aki_policy=large"", ""https://a0.muscache.com/im/pictures/5a99e291-2786-4f60-b369-54b543934d3e.jpg?aki_policy=large"", ""https://a0.muscache.com/im/pictures/069c374e-e42e-4b94-afea-878733f0824e.jpg?aki_policy=large"", ""https://a0.muscache.com/im/pictures/3ad6e083-6573-48d1-9ac2-c96d710b2565.jpg?aki_policy=large"", ""https://a0.muscache.com/im/pictures/e1611ecd-f4ba-48d3-b024-c67ae1f6436e.jpg?aki_policy=large"", ""https://a0.muscache.com/im/pictures/d87eda1b-8166-4af1-8025-0e72ff579ad2.jpg?aki_policy=large"", ""https://a0.muscache.com/im/pictures/6636e94a-a147-4ba2-b013-521633be2301.jpg?aki_policy=large"", ""https://a0.muscache.com/im/pictures/538f1123-5939-4eb3-ae93-2133b250281a.jpg?aki_policy=large"", ""https://a0.muscache.com/im/pictures/4aabd90e-fc09-49a8-86ef-dac5ce833a33.jpg?aki_policy=large"", ""https://a0.muscache.com/im/pictures/9968ec1a-7d88-4831-9343-0c9c4a27e4d3.jpg?aki_policy=large"", ""https://a0.muscache.com/im/pictures/d10ad9b9-d6df-4b3f-ad58-2ae693050f3c.jpg?aki_policy=large"", ""https://a0.muscache.com/im/pictures/ceaa82ac-c3ee-481f-8d95-9da46fbecb9d.jpg?aki_policy=large"", ""https://a0.muscache.com/im/pictures/b8b9a970-d8b3-476e-87c7-c1b85d3ddf03.jpg?aki_policy=large"", ""https://a0.muscache.com/im/pictures/7526c5e7-c119-4db6-873d-96c7e4757bbb.jpg?aki_policy=large"", ""https://a0.muscache.com/im/pictures/35d6f195-9d79-41d0-8e22-cf28fa33ae8c.jpg?aki_policy=large""]";"{""beds"": 4, ""bedrooms"": 3, ""bathrooms"": 2.5, ""amenity_ids"": [1, 33, 2, 34, 35, 4, 8, 40, 41, 44, 45, 77, 46, 21, 85, 30, 31], ""is_rebookable"": false, ""is_new_listing"": false, ""is_fully_refundable"": true, ""is_host_highly_rated"": true, ""is_business_travel_ready"": false}";"{""weekly_factor"": 1.0, ""monthly_factor"": 1.0}";7847;"";"{""is_superhost"": true}"
14769786;Charmant 2P. Canal St-Martin;entire_home;Paris;Canal Saint-Martin;48.8799184833;2.36426191925;4;"[""https://a0.muscache.com/im/pictures/54def3f2-c52c-4fae-9642-82f7528f9cbe.jpg?aki_policy=large"", ""https://a0.muscache.com/im/pictures/30bf0028-3bf8-4f42-8d8d-b9f922dadb8a.jpg?aki_policy=large"", ""https://a0.muscache.com/im/pictures/a295d63c-9bc7-4860-b5f4-7bc70f2d9cad.jpg?aki_policy=large"", ""https://a0.muscache.com/im/pictures/50301b02-381e-451b-b6ad-899004bb29e9.jpg?aki_policy=large"", ""https://a0.muscache.com/im/pictures/40417b7f-e07b-47e0-8728-b94cf795cf0e.jpg?aki_policy=large"", ""https://a0.muscache.com/im/pictures/b0f3b71f-cf85-4890-8bfb-d5ee7f60f9cd.jpg?aki_policy=large""]";"{""beds"": 2, ""bedrooms"": 1, ""bathrooms"": 1.0, ""amenity_ids"": [33, 34, 3, 4, 5, 8, 40, 41, 44, 45, 46, 47, 49, 50, 21, 30], ""is_rebookable"": false, ""is_new_listing"": false, ""is_fully_refundable"": true, ""is_host_highly_rated"": false, ""is_business_travel_ready"": false}";"{""weekly_factor"": 0.86, ""monthly_factor"": 0.75}";3463;"";"{""is_superhost"": false}"
14788864;Charming 1bdr flat in private alley;entire_home;Paris;Bastille;48.8573067476;2.37339577732;4;"[""https://a0.muscache.com/im/pictures/bee73784-5b0d-4fa6-b345-24411ea73a42.jpg?aki_policy=large"", ""https://a0.muscache.com/im/pictures/6cf5e1dd-5a3f-44a3-bb41-5a3f367c256f.jpg?aki_policy=large"", ""https://a0.muscache.com/im/pictures/b4caa324-d1c2-4a18-8c29-ecf6b3344b23.jpg?aki_policy=large"", ""https://a0.muscache.com/im/pictures/7b50fdf6-7625-4da4-8458-e0d15694e55e.jpg?aki_policy=large"", ""https://a0.muscache.com/im/pictures/159b318f-9174-4eab-bfb9-09b396dd3370.jpg?aki_policy=large"", ""https://a0.muscache.com/im/pictures/fca9096c-169c-4b91-881d-477acf697990.jpg?aki_policy=large"", ""https://a0.muscache.com/im/pictures/5587e772-3361-4f74-bfb9-20d12e76ea02.jpg?aki_policy=large"", ""https://a0.muscache.com/im/pictures/20d7eb84-b2bd-440d-bff0-75309d7a6f74.jpg?aki_policy=large"", ""https://a0.muscache.com/im/pictures/b9e4bd87-1167-4ceb-b3ab-cc7ec6ee7af6.jpg?aki_policy=large"", ""https://a0.muscache.com/im/pictures/13e43818-c488-4a76-9ff4-f659691ecb30.jpg?aki_policy=large"", ""https://a0.muscache.com/im/pictures/0531201b-5d61-4d4e-93d6-91bbe65a2886.jpg?aki_policy=large"", ""https://a0.muscache.com/im/pictures/2ae71edb-ca98-41c9-afeb-04335661a82b.jpg?aki_policy=large"", ""https://a0.muscache.com/im/pictures/40b2f2ea-1f4e-4d9d-8e3f-a5718bb04c21.jpg?aki_policy=large"", ""https://a0.muscache.com/im/pictures/5e7f4995-6e1a-40b5-90f1-6488d665ed22.jpg?aki_policy=large"", ""https://a0.muscache.com/im/pictures/82b0d40f-a0b5-4278-af54-c76312717395.jpg?aki_policy=large"", ""https://a0.muscache.com/im/pictures/4f01b76a-6bad-4f2a-9a37-e622a9881864.jpg?aki_policy=large"", ""https://a0.muscache.com/im/pictures/cb061bdc-0e4c-4da2-99da-efa564aa8440.jpg?aki_policy=large""]";"{""beds"": 1, ""bedrooms"": 1, ""bathrooms"": 1.0, ""amenity_ids"": [1, 33, 3, 35, 4, 36, 8, 40, 41, 43, 44, 45, 46, 47, 30], ""is_rebookable"": false, ""is_new_listing"": false, ""is_fully_refundable"": true, ""is_host_highly_rated"": true, ""is_business_travel_ready"": false}";"{""weekly_factor"": 1.0, ""monthly_factor"": 0.85}";1025;"";"{""is_superhost"": true}"
14819713;Chambre ensoleillée sur jardin / quartier typique;private_room;Paris-20E-Arrondissement;Buttes-Chaumont - Belleville;48.8706276148;2.38999823912;1;"[""https://a0.muscache.com/im/pictures/feefd879-8739-47ff-b1b6-47df3e0f4442.jpg?aki_policy=large"", ""https://a0.muscache.com/im/pictures/384a5834-f417-4584-ba35-80605fdca955.jpg?aki_policy=large"", ""https://a0.muscache.com/im/pictures/b2fcc3dd-6182-4878-98a5-3f8d95a80a45.jpg?aki_policy=large"", ""https://a0.muscache.com/im/pictures/b0352f57-4413-415f-8ad2-69880a14ce00.jpg?aki_policy=large"", ""https://a0.muscache.com/im/pictures/7343813a-9519-4113-a6f4-8039e11250fb.jpg?aki_policy=large"", ""https://a0.muscache.com/im/pictures/cbdfe53e-c7b0-4fd4-b35c-7de5b6c7026b.jpg?aki_policy=large"", ""https://a0.muscache.com/im/pictures/976274c5-e17a-4ea5-9921-b4e8b89379f9.jpg?aki_policy=large"", ""https://a0.muscache.com/im/pictures/090353d5-7d26-4205-b035-d966ceaf0a14.jpg?aki_policy=large"", ""https://a0.muscache.com/im/pictures/76cc634f-ad97-4862-ad89-606e47f95ec2.jpg?aki_policy=large"", ""https://a0.muscache.com/im/pictures/b5c71743-9754-4f0c-b56e-7d2e7d22641d.jpg?aki_policy=large"", ""https://a0.muscache.com/im/pictures/4b794e0d-18f7-4088-9a4f-b7a53a25a68b.jpg?aki_policy=large""]";"{""beds"": 1, ""bedrooms"": 1, ""bathrooms"": 1.0, ""amenity_ids"": [129, 4, 8, 10, 11, 77, 16, 21, 28, 30, 33, 34, 35, 37, 38, 39, 103, 40, 104, 41, 42, 44, 45, 46, 47, 49, 50], ""is_rebookable"": false, ""is_new_listing"": false, ""is_fully_refundable"": true, ""is_host_highly_rated"": true, ""is_business_travel_ready"": false}";"{""weekly_factor"": 0.85, ""monthly_factor"": 0.6}";5657;"";"{""is_superhost"": false}"
14865203;Ayers Rock, 1Ch/1Sdb, 4 personnes;entire_home;Paris;3e arrondissement;48.8668475482;2.35889829329;4;"[""https://a0.muscache.com/im/pictures/0ced9d6d-ce08-4997-8eec-72f4c72bd40f.jpg?aki_policy=large"", ""https://a0.muscache.com/im/pictures/5dc2da9f-bca5-46fc-9ba0-8697cd05688d.jpg?aki_policy=large"", ""https://a0.muscache.com/im/pictures/7dbcaf3c-cc71-4077-93bf-fab5e253bcdf.jpg?aki_policy=large"", ""https://a0.muscache.com/im/pictures/cd1757fd-1b31-4f4f-b6f1-d06d7dea6d3d.jpg?aki_policy=large"", ""https://a0.muscache.com/im/pictures/e481310d-0a3e-4952-b9a9-d8a02c70b732.jpg?aki_policy=large"", ""https://a0.muscache.com/im/pictures/907c2d14-e137-436e-8b5e-221a4d07f90b.jpg?aki_policy=large"", ""https://a0.muscache.com/im/pictures/a5644838-c34b-4bf1-8e83-8ecb2fc8d1bd.jpg?aki_policy=large"", ""https://a0.muscache.com/im/pictures/1656cef3-4c97-4878-a33c-e333c836e4fb.jpg?aki_policy=large""]";"{""beds"": 2, ""bedrooms"": 1, ""bathrooms"": 1.0, ""amenity_ids"": [1, 33, 2, 3, 35, 4, 39, 8, 44, 45, 46, 47, 30, 31], ""is_rebookable"": false, ""is_new_listing"": false, ""is_fully_refundable"": true, ""is_host_highly_rated"": true, ""is_business_travel_ready"": false}";"{""weekly_factor"": 0.86, ""monthly_factor"": 0.55}";6334;"";"{""is_superhost"": false}"
14884836;Peaceful and Family Appartment - downtown Paris;entire_home;Paris;Gare du Nord - Gare de I'Est;48.8787871996;2.34572398245;5;"[""https://a0.muscache.com/im/pictures/4039d943-66c1-4557-97b8-9fc15bcbca73.jpg?aki_policy=large"", ""https://a0.muscache.com/im/pictures/c4757d70-6739-4909-a64a-3856816c3bf2.jpg?aki_policy=large"", ""https://a0.muscache.com/im/pictures/7d7fde13-9c72-4e5e-baa2-a3b6f9683771.jpg?aki_policy=large"", ""https://a0.muscache.com/im/pictures/b0a65bec-5a17-4adb-ba37-af66d05e5487.jpg?aki_policy=large"", ""https://a0.muscache.com/im/pictures/bcbc5d92-ee19-4e8a-8773-1bc0c67279d1.jpg?aki_policy=large"", ""https://a0.muscache.com/im/pictures/27bd8edb-905c-459d-bc75-e2057dfd85bd.jpg?aki_policy=large"", ""https://a0.muscache.com/im/pictures/e37c32ae-aa8b-41e1-bed3-1e4778a26161.jpg?aki_policy=large"", ""https://a0.muscache.com/im/pictures/d09d84b6-5177-4ff6-97b7-606a298ad9dd.jpg?aki_policy=large"", ""https://a0.muscache.com/im/pictures/da3a15f4-0895-4ed0-b7c5-09e59aa29e8f.jpg?aki_policy=large"", ""https://a0.muscache.com/im/pictures/6b67874c-80eb-4dc3-894d-6bede0674ff7.jpg?aki_policy=large"", ""https://a0.muscache.com/im/pictures/13e16255-3b12-48b3-9dac-23403ee160ad.jpg?aki_policy=large"", ""https://a0.muscache.com/im/pictures/3c9bea68-f425-43f6-a829-8c8c1283b518.jpg?aki_policy=large""]";"{""beds"": 3, ""bedrooms"": 2, ""bathrooms"": 1.0, ""amenity_ids"": [1, 2, 66, 4, 8, 10, 77, 16, 21, 28, 30, 31, 33, 34, 35, 36, 37, 103, 40, 44, 45, 46, 47, 51, 55], ""is_rebookable"": false, ""is_new_listing"": false, ""is_fully_refundable"": true, ""is_host_highly_rated"": true, ""is_business_travel_ready"": false}";"{""weekly_factor"": 0.85, ""monthly_factor"": 0.51}";8090;"";"{""is_superhost"": false}"
14922653;COSY AND QUIET ONE BEDROOM FLAT IDEALLY LOCATED;entire_home;Paris;Commerce - Dupleix;48.8451569414;2.29396717489;4;"[""https://a0.muscache.com/im/pictures/5780b7de-86ed-48ae-9102-c00e33df5160.jpg?aki_policy=large"", ""https://a0.muscache.com/im/pictures/1d1c4553-5ec6-44c2-9bda-22af6815f5f5.jpg?aki_policy=large"", ""https://a0.muscache.com/im/pictures/45901332-88f3-466a-b111-81fe0c70be9d.jpg?aki_policy=large"", ""https://a0.muscache.com/im/pictures/7b977501-8a9b-410c-95b4-eb74afa8d4d6.jpg?aki_policy=large"", ""https://a0.muscache.com/im/pictures/c885a2c3-e137-460c-ae56-db4a6a6cfd0c.jpg?aki_policy=large"", ""https://a0.muscache.com/im/pictures/f405249e-ab3e-483e-b0d5-57badea25bfb.jpg?aki_policy=large"", ""https://a0.muscache.com/im/pictures/2305f345-a389-474a-b2c1-20fbb661f9c9.jpg?aki_policy=large"", ""https://a0.muscache.com/im/pictures/933638e5-3aaf-486a-bc6f-ca01c51c43cc.jpg?aki_policy=large"", ""https://a0.muscache.com/im/pictures/dbde7508-9ede-410f-9249-7c287d931e8e.jpg?aki_policy=large"", ""https://a0.muscache.com/im/pictures/578cfa19-0697-47f4-8e6b-3627e8ebf93c.jpg?aki_policy=large"", ""https://a0.muscache.com/im/pictures/d4f9534f-4b7d-46a1-a835-d118a3818527.jpg?aki_policy=large"", ""https://a0.muscache.com/im/pictures/2f5f1a1b-0b34-4fba-be10-06a1bd1c2212.jpg?aki_policy=large"", ""https://a0.muscache.com/im/pictures/af4f95f4-000e-471d-aab3-631815d2a774.jpg?aki_policy=large"", ""https://a0.muscache.com/im/pictures/dc383b89-c113-4019-965a-8a0bf1dff14b.jpg?aki_policy=large"", ""https://a0.muscache.com/im/pictures/f2fc5e93-21ff-4540-b208-03ed76cb1385.jpg?aki_policy=large"", ""https://a0.muscache.com/im/pictures/1733b321-dd89-4da0-affa-2a5b16927072.jpg?aki_policy=large"", ""https://a0.muscache.com/im/pictures/55abfe3c-a504-4865-b40b-7b9b76823acd.jpg?aki_policy=large"", ""https://a0.muscache.com/im/pictures/9404176f-37c3-4e31-840c-76e5a36a89a2.jpg?aki_policy=large"", ""https://a0.muscache.com/im/pictures/fec4d281-8096-4180-9811-b9fa01b287d1.jpg?aki_policy=large"", ""https://a0.muscache.com/im/pictures/96329100-9bec-469c-bfb2-be42a783e28d.jpg?aki_policy=large"", ""https://a0.muscache.com/im/pictures/d03073fa-63a2-49b7-8544-b07d6437dd9c.jpg?aki_policy=large"", ""https://a0.muscache.com/im/pictures/58c62c45-39cb-4134-a603-4cedc9eca8e3.jpg?aki_policy=large"", ""https://a0.muscache.com/im/pictures/b01911d9-61ae-4201-a03d-d88a48d2826d.jpg?aki_policy=large"", ""https://a0.muscache.com/im/pictures/a306784f-c14b-46e1-b2d4-30294179732f.jpg?aki_policy=large"", ""https://a0.muscache.com/im/pictures/a4767eb1-0bd8-4c23-ab32-ebdcb9f46003.jpg?aki_policy=large"", ""https://a0.muscache.com/im/pictures/c5df691f-6e8d-4b77-9ec3-f9ae580a011d.jpg?aki_policy=large"", ""https://a0.muscache.com/im/pictures/2a2450d4-2222-4de6-8bf1-abbfed37c8d3.jpg?aki_policy=large"", ""https://a0.muscache.com/im/pictures/ad5ddf9a-a984-4eec-9d32-fde6041861c1.jpg?aki_policy=large"", ""https://a0.muscache.com/im/pictures/cdebd70c-dbf1-48a0-9ac4-f24ce585191d.jpg?aki_policy=large"", ""https://a0.muscache.com/im/pictures/216d0962-ce40-478e-95ea-19ca66aaf99f.jpg?aki_policy=large""]";"{""beds"": 3, ""bedrooms"": 1, ""bathrooms"": 1.0, ""amenity_ids"": [1, 2, 3, 4, 5, 71, 8, 10, 77, 28, 30, 31, 33, 35, 36, 38, 40, 104, 41, 43, 44, 45, 46, 110, 47, 51, 115, 55, 120, 62], ""is_rebookable"": false, ""is_new_listing"": false, ""is_fully_refundable"": true, ""is_host_highly_rated"": true, ""is_business_travel_ready"": false}";"{""weekly_factor"": 1.0, ""monthly_factor"": 0.95}";3515;"";"{""is_superhost"": true}"
14929010;Quartier Latin 1 bedroom apartment G05477;entire_home;Paris;Saint-Michel;48.8522452242;2.34523450583;4;"[""https://a0.muscache.com/im/pictures/4ea71d56-f692-4994-a1aa-b2e680bda2a1.jpg?aki_policy=large"", ""https://a0.muscache.com/im/pictures/c5e3a5a5-527c-4df8-b7ad-f6bca930996c.jpg?aki_policy=large"", ""https://a0.muscache.com/im/pictures/005b5366-c424-4a9b-9887-69115a5f995d.jpg?aki_policy=large"", ""https://a0.muscache.com/im/pictures/44927328-6d74-48d3-9732-1e4b596421c3.jpg?aki_policy=large"", ""https://a0.muscache.com/im/pictures/77d2f025-e773-46e0-acb7-fdb29e01ce1e.jpg?aki_policy=large"", ""https://a0.muscache.com/im/pictures/a4445140-7175-496c-9127-77fbe3bd8f6d.jpg?aki_policy=large"", ""https://a0.muscache.com/im/pictures/733d4f0b-de51-4fea-8a8d-eabc7ffea27c.jpg?aki_policy=large"", ""https://a0.muscache.com/im/pictures/540eb7c9-dd41-42e1-a1c3-20650ba37138.jpg?aki_policy=large"", ""https://a0.muscache.com/im/pictures/63ad0609-f60f-4ae5-8985-f64943e46bbc.jpg?aki_policy=large"", ""https://a0.muscache.com/im/pictures/684f381e-2125-4fd4-9727-697cffe829d5.jpg?aki_policy=large"", ""https://a0.muscache.com/im/pictures/678bba7a-d6f2-42cb-a3db-f0e8463bef3f.jpg?aki_policy=large"", ""https://a0.muscache.com/im/pictures/0db11a71-9a82-4e89-9b00-8dfe81743c18.jpg?aki_policy=large"", ""https://a0.muscache.com/im/pictures/148f29c9-8bfd-425d-bcf1-589ebe29ef4c.jpg?aki_policy=large"", ""https://a0.muscache.com/im/pictures/2158fbde-e8e5-45a8-a608-fa5638831cb4.jpg?aki_policy=large"", ""https://a0.muscache.com/im/pictures/ad8e9f64-a4df-40d9-ad31-535e36469359.jpg?aki_policy=large"", ""https://a0.muscache.com/im/pictures/6f65d793-ebe2-4fb5-878d-5ce32635f1cc.jpg?aki_policy=large""]";"{""beds"": 2, ""bedrooms"": 1, ""bathrooms"": 1.0, ""amenity_ids"": [1, 33, 2, 3, 35, 4, 8, 40, 41, 43, 44, 45, 46, 47, 21, 30, 31], ""is_rebookable"": false, ""is_new_listing"": false, ""is_fully_refundable"": true, ""is_host_highly_rated"": true, ""is_business_travel_ready"": false}";"{""weekly_factor"": 0.71, ""monthly_factor"": 0.59}";2724;"";"{""is_superhost"": false}"
14992207;chambre spacieuse dans grand loft;private_room;Paris;République;48.861700328;2.37070347051;2;"[""https://a0.muscache.com/im/pictures/6d338e0e-4352-49eb-b45b-c7d1e9b63fb9.jpg?aki_policy=large"", ""https://a0.muscache.com/im/pictures/1975be8e-8e90-4de7-8b4a-36fd47d548e4.jpg?aki_policy=large"", ""https://a0.muscache.com/im/pictures/6e939c4c-59d9-4d03-af30-6202d936db2b.jpg?aki_policy=large"", ""https://a0.muscache.com/im/pictures/6651ffed-7cfa-41c0-a758-6ad001d13f61.jpg?aki_policy=large"", ""https://a0.muscache.com/im/pictures/b61ad036-8ae6-47f6-83d2-5112b29963b9.jpg?aki_policy=large""]";"{""beds"": 1, ""bedrooms"": 1, ""bathrooms"": 1.0, ""amenity_ids"": [1, 129, 35, 4, 103, 8, 40, 41, 42, 44, 45, 77, 46, 47, 50, 85, 86, 88, 30, 31], ""is_rebookable"": false, ""is_new_listing"": false, ""is_fully_refundable"": true, ""is_host_highly_rated"": true, ""is_business_travel_ready"": false}";"{""weekly_factor"": 0.84, ""monthly_factor"": 0.7}";2824;"";"{""is_superhost"": true}"
14941473;Luxury loft - Champs Elysées;entire_home;Paris;Champs-Elysées;48.8698567202;2.29613235243;4;"[""https://a0.muscache.com/im/pictures/8162a6cc-0ba6-45f5-9f35-e58ea2e98853.jpg?aki_policy=large"", ""https://a0.muscache.com/im/pictures/91cdc78c-21a9-42fc-beb1-257fd7ee010d.jpg?aki_policy=large"", ""https://a0.muscache.com/im/pictures/47bedf74-0b99-4a89-aa4c-1ffaf0ee4356.jpg?aki_policy=large"", ""https://a0.muscache.com/im/pictures/07bf7658-e315-4f47-a16e-930a3be44d6a.jpg?aki_policy=large"", ""https://a0.muscache.com/im/pictures/bcdd1369-6c3c-4b4b-a067-e03a03e6e4c1.jpg?aki_policy=large"", ""https://a0.muscache.com/im/pictures/b43c904c-70c8-4300-ac7f-54e3300c591a.jpg?aki_policy=large"", ""https://a0.muscache.com/im/pictures/0bd83bf5-a3ae-4b63-acf2-8757d3cb964e.jpg?aki_policy=large"", ""https://a0.muscache.com/im/pictures/1b0ebfd8-c1b6-478c-82b3-9b289e1f8aa3.jpg?aki_policy=large"", ""https://a0.muscache.com/im/pictures/10b82865-4a83-48aa-b67a-baf5c1abd648.jpg?aki_policy=large"", ""https://a0.muscache.com/im/pictures/5ae9758e-2d9b-4e57-8d3e-3412d3e5cc1c.jpg?aki_policy=large"", ""https://a0.muscache.com/im/pictures/61378ad5-4c5b-4f53-a765-75b5a8868253.jpg?aki_policy=large""]";"{""beds"": 3, ""bedrooms"": 2, ""bathrooms"": 1.0, ""amenity_ids"": [1, 33, 4, 8, 40, 44, 61, 30, 46], ""is_rebookable"": false, ""is_new_listing"": false, ""is_fully_refundable"": true, ""is_host_highly_rated"": false, ""is_business_travel_ready"": false}";"{""weekly_factor"": 0.85, ""monthly_factor"": 0.7}";2654;"";"{""is_superhost"": false}"
14949290;Sunny, peaceful loft next to the Canal St-Martin;entire_home;Paris;République;48.8696989709;2.36586443452;4;"[""https://a0.muscache.com/im/pictures/f06e07d1-a8b7-4f8b-9155-d51feea9bc62.jpg?aki_policy=large"", ""https://a0.muscache.com/im/pictures/c30fcad1-3fda-4a25-a7d6-8623ab1fcf4b.jpg?aki_policy=large"", ""https://a0.muscache.com/im/pictures/153f7bbb-cd3a-45ec-9363-df13d2dd54e4.jpg?aki_policy=large"", ""https://a0.muscache.com/im/pictures/fc34f1dd-f868-4ab1-809c-661823c25b34.jpg?aki_policy=large"", ""https://a0.muscache.com/im/pictures/a372dbdf-90d7-40f5-9ca1-4701bc246d9a.jpg?aki_policy=large"", ""https://a0.muscache.com/im/pictures/9c11c750-0d9c-419f-8cc1-b553e53df7fa.jpg?aki_policy=large"", ""https://a0.muscache.com/im/pictures/d326d5a0-4c30-4a82-ab2e-bf990440a5b2.jpg?aki_policy=large"", ""https://a0.muscache.com/im/pictures/913166f8-b5df-4930-9a69-61eceb6812c4.jpg?aki_policy=large"", ""https://a0.muscache.com/im/pictures/31381203-9876-472a-97c5-367c20ad4d99.jpg?aki_policy=large"", ""https://a0.muscache.com/im/pictures/b924be0d-6575-4e0d-9f86-48f3d81b05b0.jpg?aki_policy=large"", ""https://a0.muscache.com/im/pictures/930f0cd7-9899-4e76-8003-5fa410f12333.jpg?aki_policy=large"", ""https://a0.muscache.com/im/pictures/57db2091-d667-4269-a2f3-cf1ce3a053a4.jpg?aki_policy=large"", ""https://a0.muscache.com/im/pictures/463f1000-4ba4-40e6-a1c7-800ef928ab66.jpg?aki_policy=large"", ""https://a0.muscache.com/im/pictures/ac491986-fdf0-450d-aa00-5d132ad3cec6.jpg?aki_policy=large"", ""https://a0.muscache.com/im/pictures/b20613e3-da92-42a3-9c45-980dd42fe66a.jpg?aki_policy=large"", ""https://a0.muscache.com/im/pictures/0ffbd6d9-39a6-4ac2-983f-b65c816753a9.jpg?aki_policy=large"", ""https://a0.muscache.com/im/pictures/e4a4e835-3f43-41df-8cea-8e583c7730be.jpg?aki_policy=large"", ""https://a0.muscache.com/im/pictures/99e87946-8812-4b0f-9b8b-52df09f4f29c.jpg?aki_policy=large"", ""https://a0.muscache.com/im/pictures/cdc6eb44-4f75-4560-b23b-a41a25e99ec6.jpg?aki_policy=large"", ""https://a0.muscache.com/im/pictures/e93095f4-49f9-4b67-9b35-a24dbe95a5bf.jpg?aki_policy=large"", ""https://a0.muscache.com/im/pictures/125152fd-b8c4-4ceb-aac2-5bdd5abbebfa.jpg?aki_policy=large"", ""https://a0.muscache.com/im/pictures/1c14f023-e946-4c3d-9a03-95d8cb2b0f35.jpg?aki_policy=large""]";"{""beds"": 2, ""bedrooms"": 2, ""bathrooms"": 1.0, ""amenity_ids"": [65, 4, 8, 10, 12, 77, 85, 89, 90, 91, 92, 93, 30, 94, 31, 95, 96, 33, 35, 36, 40, 41, 44, 45, 46, 47, 49, 51, 54], ""is_rebookable"": false, ""is_new_listing"": false, ""is_fully_refundable"": true, ""is_host_highly_rated"": true, ""is_business_travel_ready"": false}";"{""weekly_factor"": 1.0, ""monthly_factor"": 1.0}";3918;"";"{""is_superhost"": true}"
14956561;Lovely & Charming Parisian Flat in Montorgueil !;entire_home;Paris;Châtelet - Les Halles - Beaubourg;48.864796;2.347249;5;"[""https://a0.muscache.com/im/pictures/7b0df9c7-2113-4fb6-a694-3ded939feeec.jpg?aki_policy=large"", ""https://a0.muscache.com/im/pictures/ef98bc0a-8fe2-49e7-9491-ace3ffe8756e.jpg?aki_policy=large"", ""https://a0.muscache.com/im/pictures/2f44a678-d59f-453a-9525-bf1d3aa55ee4.jpg?aki_policy=large"", ""https://a0.muscache.com/im/pictures/1a5a554c-21a3-432b-b08c-5f6559ed09ca.jpg?aki_policy=large"", ""https://a0.muscache.com/im/pictures/1e1f7f9d-16a2-4fcc-be09-d05143513849.jpg?aki_policy=large"", ""https://a0.muscache.com/im/pictures/cec3942a-43ef-44c6-8ac3-3e8897e79723.jpg?aki_policy=large"", ""https://a0.muscache.com/im/pictures/08d43c9c-90b3-4077-a3b8-617b58546614.jpg?aki_policy=large"", ""https://a0.muscache.com/im/pictures/aaaef834-d662-48d2-8fb6-6a23522d96a4.jpg?aki_policy=large"", ""https://a0.muscache.com/im/pictures/8e72e906-d641-4a1b-855c-ce610cf3bc27.jpg?aki_policy=large"", ""https://a0.muscache.com/im/pictures/896456c5-c109-4cae-a26e-f003a99c4a7f.jpg?aki_policy=large"", ""https://a0.muscache.com/im/pictures/ff3b17c3-86cf-4942-8e0f-0830080b9953.jpg?aki_policy=large"", ""https://a0.muscache.com/im/pictures/c177c199-ecb4-4a09-8a58-4ae0f1908e82.jpg?aki_policy=large"", ""https://a0.muscache.com/im/pictures/b96f05d2-e2bf-4d1b-bbd7-6b2ab170a522.jpg?aki_policy=large"", ""https://a0.muscache.com/im/pictures/e2a78784-566b-4e41-8b3c-d73d0910c47c.jpg?aki_policy=large"", ""https://a0.muscache.com/im/pictures/c918c992-4b29-4cbe-bba2-bae7abb5b6d4.jpg?aki_policy=large"", ""https://a0.muscache.com/im/pictures/50729d03-8645-4a55-9367-65fe52a704a6.jpg?aki_policy=large"", ""https://a0.muscache.com/im/pictures/d7686e5c-2fa1-40f9-a51f-0bbdf6ae9999.jpg?aki_policy=large""]";"{""beds"": 1, ""bedrooms"": 1, ""bathrooms"": 1.0, ""amenity_ids"": [1, 33, 129, 35, 4, 36, 8, 40, 72, 41, 10, 43, 44, 45, 77, 46, 47, 30, 31], ""is_rebookable"": false, ""is_new_listing"": false, ""is_fully_refundable"": true, ""is_host_highly_rated"": true, ""is_business_travel_ready"": false}";"{""weekly_factor"": 1.0, ""monthly_factor"": 1.0}";4902;"";"{""is_superhost"": false}"
15012661;Fashion Designer Appartment, heart of Le Marais.;entire_home;Paris;Le Marais;48.8592827528;2.35682746396;4;"[""https://a0.muscache.com/im/pictures/ebaf88f4-bfa1-40ea-bf21-e5090ae1fc90.jpg?aki_policy=large"", ""https://a0.muscache.com/im/pictures/e5da3e03-2f6a-4d75-a74f-bf4a4d38685d.jpg?aki_policy=large"", ""https://a0.muscache.com/im/pictures/67a62b14-9855-413a-8d34-6c7c8a158508.jpg?aki_policy=large"", ""https://a0.muscache.com/im/pictures/b31559ba-db93-4845-ba41-5dcf674db03a.jpg?aki_policy=large"", ""https://a0.muscache.com/im/pictures/ba783de1-c501-41f9-b937-64a3bc66291f.jpg?aki_policy=large"", ""https://a0.muscache.com/im/pictures/4cdd82c3-2c89-4db6-a50e-aa00b28cfd5a.jpg?aki_policy=large"", ""https://a0.muscache.com/im/pictures/771c7ea2-4157-48cf-b30d-f0cdb5f648a8.jpg?aki_policy=large"", ""https://a0.muscache.com/im/pictures/7d3fcb0f-26ec-4217-89c9-9ea3717f19ff.jpg?aki_policy=large"", ""https://a0.muscache.com/im/pictures/095dd01c-aae6-484e-a197-5f5c5d3a56ab.jpg?aki_policy=large"", ""https://a0.muscache.com/im/pictures/09641521-c4f1-4a50-83eb-966d1f6bea2c.jpg?aki_policy=large"", ""https://a0.muscache.com/im/pictures/9c61f4fa-b6cd-4166-8189-a3010a23db28.jpg?aki_policy=large"", ""https://a0.muscache.com/im/pictures/f606eda8-2cde-4f4e-b6f9-791e97abbb97.jpg?aki_policy=large"", ""https://a0.muscache.com/im/pictures/3cdd03e4-12b5-4f36-95fe-02fb1c1080a6.jpg?aki_policy=large"", ""https://a0.muscache.com/im/pictures/834a81de-a18a-4012-a170-23bd00c29424.jpg?aki_policy=large"", ""https://a0.muscache.com/im/pictures/88462f6d-1766-4850-be6e-6a80cad8a2a7.jpg?aki_policy=large"", ""https://a0.muscache.com/im/pictures/0fae7c7b-ff3c-4261-9e4c-76d23bd504e9.jpg?aki_policy=large"", ""https://a0.muscache.com/im/pictures/1ad7d0f3-847b-4b64-b073-8a754a381dfb.jpg?aki_policy=large"", ""https://a0.muscache.com/im/pictures/84afec62-bdca-4038-b77a-fa6ab9f34dcb.jpg?aki_policy=large""]";"{""beds"": 2, ""bedrooms"": 1, ""bathrooms"": 1.0, ""amenity_ids"": [1, 33, 34, 35, 4, 37, 39, 8, 40, 41, 42, 43, 44, 45, 46, 47, 16, 49, 30, 31], ""is_rebookable"": false, ""is_new_listing"": false, ""is_fully_refundable"": true, ""is_host_highly_rated"": true, ""is_business_travel_ready"": false}";"{""weekly_factor"": 0.85, ""monthly_factor"": 0.8}";5670;"";"{""is_superhost"": false}"
15162820;Studio Design entre Auteuil et Passy;entire_home;Paris-16E-Arrondissement;Auteuil;48.8539250282;2.2711305482;2;"[""https://a0.muscache.com/im/pictures/2eec2e6c-4c0f-4198-b7a3-c09aba6b0887.jpg?aki_policy=large"", ""https://a0.muscache.com/im/pictures/27aa2fd1-129f-465c-a603-ac9492a3e0a1.jpg?aki_policy=large"", ""https://a0.muscache.com/im/pictures/2c15d03a-a05f-49a5-8c72-6f8e5749dcc0.jpg?aki_policy=large"", ""https://a0.muscache.com/im/pictures/9c224750-2750-4cda-91ed-5c6cb14a4829.jpg?aki_policy=large"", ""https://a0.muscache.com/im/pictures/81849c49-5a6b-4a1c-b888-43820553934a.jpg?aki_policy=large"", ""https://a0.muscache.com/im/pictures/d4dea375-3736-4763-9ebf-aaf375040faa.jpg?aki_policy=large"", ""https://a0.muscache.com/im/pictures/7a8f04d7-4a34-4dea-9b7b-e54ea1a81b91.jpg?aki_policy=large"", ""https://a0.muscache.com/im/pictures/8e3c7f92-bfd5-410d-a587-3cdda6cc77e6.jpg?aki_policy=large"", ""https://a0.muscache.com/im/pictures/d114fd8d-288f-40aa-b771-97ecc146f506.jpg?aki_policy=large"", ""https://a0.muscache.com/im/pictures/16808c6a-8863-483b-a1a1-eaa5a67ccda4.jpg?aki_policy=large"", ""https://a0.muscache.com/im/pictures/871958f7-59f3-4883-95c4-095002b8d63d.jpg?aki_policy=large"", ""https://a0.muscache.com/im/pictures/f340d25c-03ab-4e6b-8f1b-e643b57c8bad.jpg?aki_policy=large"", ""https://a0.muscache.com/im/pictures/613bc73c-52a7-43ac-9fa6-06958de253f8.jpg?aki_policy=large"", ""https://a0.muscache.com/im/pictures/6cae539c-e0db-4f63-8fe6-2b3500114ed0.jpg?aki_policy=large"", ""https://a0.muscache.com/im/pictures/5cc30f25-7232-4bea-aeaa-f868e2a01738.jpg?aki_policy=large"", ""https://a0.muscache.com/im/pictures/c1f26bd9-8bce-4cc2-a613-9738d4b0e94f.jpg?aki_policy=large"", ""https://a0.muscache.com/im/pictures/76f77aa2-7a09-4ffd-ac6a-6a390c6b55ec.jpg?aki_policy=large"", ""https://a0.muscache.com/im/pictures/f4609536-3751-4d2f-a490-ff8fcdcfcf51.jpg?aki_policy=large"", ""https://a0.muscache.com/im/pictures/00f83f90-9615-45a1-9565-4c512654ca35.jpg?aki_policy=large"", ""https://a0.muscache.com/im/pictures/9cc3b8f0-131a-4ca5-ac03-8f5a3d4dfce4.jpg?aki_policy=large"", ""https://a0.muscache.com/im/pictures/2ed0bba1-d572-4071-8ff9-3883c5ec8ed2.jpg?aki_policy=large""]";"{""beds"": 1, ""bedrooms"": 0, ""bathrooms"": 0.5, ""amenity_ids"": [1, 131, 4, 8, 40, 104, 41, 10, 12, 44, 45, 77, 46, 47, 16, 50, 21, 30, 31], ""is_rebookable"": false, ""is_new_listing"": false, ""is_fully_refundable"": true, ""is_host_highly_rated"": true, ""is_business_travel_ready"": false}";"{""weekly_factor"": 1.0, ""monthly_factor"": 0.72}";1941;"";"{""is_superhost"": false}"
15225871;Bel appartement bohème avec cour privée dans Paris;entire_home;Paris;Gare du Nord - Gare de I'Est;48.8801931083;2.35166080683;2;"[""https://a0.muscache.com/im/pictures/6ac7ac33-2b84-41d9-ac9c-1a492dac9e94.jpg?aki_policy=large"", ""https://a0.muscache.com/im/pictures/6b537975-f8f2-4ec1-961e-d564031f7a38.jpg?aki_policy=large"", ""https://a0.muscache.com/im/pictures/f349f0a2-f153-4c6b-a4a8-2a56aa139dfd.jpg?aki_policy=large"", ""https://a0.muscache.com/im/pictures/643f63f2-9412-43ec-a18c-dbe872018b52.jpg?aki_policy=large"", ""https://a0.muscache.com/im/pictures/7a9189be-33a4-4ecd-a2d7-d3170d8d685c.jpg?aki_policy=large"", ""https://a0.muscache.com/im/pictures/152fef5d-c7e9-4ae8-a4c2-9a0184cc70a2.jpg?aki_policy=large"", ""https://a0.muscache.com/im/pictures/111b7f06-87ef-4b22-b495-9761de9ceb85.jpg?aki_policy=large"", ""https://a0.muscache.com/im/pictures/9e213216-f74c-4f5c-8478-418ec29caec8.jpg?aki_policy=large"", ""https://a0.muscache.com/im/pictures/2851f767-afa9-4d8c-abf8-17a8d496cca2.jpg?aki_policy=large"", ""https://a0.muscache.com/im/pictures/8291e733-f6ba-46a9-8f0b-7dea7aafeefb.jpg?aki_policy=large"", ""https://a0.muscache.com/im/pictures/31307388-5789-4d3a-b5bf-94d22105fa46.jpg?aki_policy=large"", ""https://a0.muscache.com/im/pictures/b2d9353a-a273-43c0-8bcb-8f97ad4944e8.jpg?aki_policy=large"", ""https://a0.muscache.com/im/pictures/a4c0382b-d7fe-4735-9998-cfbea5e348d5.jpg?aki_policy=large"", ""https://a0.muscache.com/im/pictures/9c8372b7-926f-45c2-87d0-687ed5ef1afe.jpg?aki_policy=large"", ""https://a0.muscache.com/im/pictures/8ba035cd-a4a5-451b-8ae0-ef25a06e76c7.jpg?aki_policy=large"", ""https://a0.muscache.com/im/pictures/a157578f-23ea-4503-8c78-4f64a071fc92.jpg?aki_policy=large"", ""https://a0.muscache.com/im/pictures/3f69def5-1ddb-4478-88db-453e00918fdb.jpg?aki_policy=large"", ""https://a0.muscache.com/im/pictures/c90ea7f8-c232-4d7d-9ae7-884588f900c6.jpg?aki_policy=large"", ""https://a0.muscache.com/im/pictures/0ad60a61-dcb2-4742-9283-a204a5ebec61.jpg?aki_policy=large"", ""https://a0.muscache.com/im/pictures/2c24679a-a6c5-481b-bf98-ed2e6969ab53.jpg?aki_policy=large"", ""https://a0.muscache.com/im/pictures/07c087d5-acab-431c-94bd-37e329a505dc.jpg?aki_policy=large"", ""https://a0.muscache.com/im/pictures/de3d1799-59e8-47a3-b901-4dc5a17aa1ef.jpg?aki_policy=large"", ""https://a0.muscache.com/im/pictures/fc9151de-4288-4557-8744-da129f0ad027.jpg?aki_policy=large"", ""https://a0.muscache.com/im/pictures/45749850-0973-4323-b4c7-d27e6e68e66e.jpg?aki_policy=large"", ""https://a0.muscache.com/im/pictures/64222d98-18d5-45c0-b9f7-edca65629dee.jpg?aki_policy=large"", ""https://a0.muscache.com/im/pictures/f93cf75a-a494-4344-9fbb-bab815aafd90.jpg?aki_policy=large"", ""https://a0.muscache.com/im/pictures/6dc444ae-1adc-4a14-8fce-05b079dffadb.jpg?aki_policy=large"", ""https://a0.muscache.com/im/pictures/06ac934f-28bb-4214-b190-d4e4e0af812e.jpg?aki_policy=large"", ""https://a0.muscache.com/im/pictures/1f454cb9-f1fc-4075-9e12-154046ff972a.jpg?aki_policy=large"", ""https://a0.muscache.com/im/pictures/0b9409f5-883a-49c1-a550-ff14abee2176.jpg?aki_policy=large""]";"{""beds"": 1, ""bedrooms"": 1, ""bathrooms"": 1.0, ""amenity_ids"": [1, 3, 4, 8, 21, 90, 27, 91, 28, 93, 30, 94, 95, 96, 33, 35, 101, 40, 41, 44, 45, 46, 47, 49, 50], ""is_rebookable"": false, ""is_new_listing"": false, ""is_fully_refundable"": true, ""is_host_highly_rated"": true, ""is_business_travel_ready"": false}";"{""weekly_factor"": 0.9, ""monthly_factor"": 0.71}";1872;"";"{""is_superhost"": true}"
15256134;Duplex - 10 min walk Eiffel Tower / Long stay okay;entire_home;Paris, Île-de-France, FR;Invalides - Ecole Militaire;48.8596601696;2.31217438219;2;"[""https://a0.muscache.com/im/pictures/c4cc2452-a401-45df-a9d8-684f745fa268.jpg?aki_policy=large"", ""https://a0.muscache.com/im/pictures/39654d01-c017-4223-8480-b247a194c518.jpg?aki_policy=large"", ""https://a0.muscache.com/im/pictures/04260974-c42a-4c54-8d17-ee8346881f8b.jpg?aki_policy=large"", ""https://a0.muscache.com/im/pictures/ccc71e1c-1a17-40dc-8a74-a94f1c2f3493.jpg?aki_policy=large"", ""https://a0.muscache.com/im/pictures/ba7ec633-8db2-484b-8075-5e276dc1ca14.jpg?aki_policy=large"", ""https://a0.muscache.com/im/pictures/8449e74b-7f4b-4084-ad97-e7f240433317.jpg?aki_policy=large"", ""https://a0.muscache.com/im/pictures/7690f67e-401b-4d59-8c8b-0316d8c64b96.jpg?aki_policy=large"", ""https://a0.muscache.com/im/pictures/f4345a8e-0761-4fc4-bfac-6be122eaf668.jpg?aki_policy=large"", ""https://a0.muscache.com/im/pictures/7fa0cece-33d4-41d7-84d2-5078aedd3dc2.jpg?aki_policy=large"", ""https://a0.muscache.com/im/pictures/3c21e27a-aa56-4ccd-8599-b0efa0efa285.jpg?aki_policy=large"", ""https://a0.muscache.com/im/pictures/f462c341-22c5-48e6-9329-245f35ccee0d.jpg?aki_policy=large"", ""https://a0.muscache.com/im/pictures/d58c9309-97ba-4504-9c96-ebf46569484d.jpg?aki_policy=large"", ""https://a0.muscache.com/im/pictures/7e3c1602-b138-498e-bb89-a3bead0ccd05.jpg?aki_policy=large"", ""https://a0.muscache.com/im/pictures/818183c8-9b99-43ed-8c64-7051d6d44972.jpg?aki_policy=large"", ""https://a0.muscache.com/im/pictures/1e930259-efcb-46af-98ac-77b135d2e689.jpg?aki_policy=large""]";"{""beds"": 3, ""bedrooms"": 1, ""bathrooms"": 1.0, ""amenity_ids"": [32, 1, 33, 129, 2, 34, 3, 35, 4, 38, 103, 8, 40, 41, 10, 43, 44, 45, 77, 46, 47, 30, 31], ""is_rebookable"": false, ""is_new_listing"": false, ""is_fully_refundable"": true, ""is_host_highly_rated"": true, ""is_business_travel_ready"": false}";"{""weekly_factor"": 1.0, ""monthly_factor"": 1.0}";1450;"";"{""is_superhost"": false}"
15268282;Family duplex in the heart of Marais;entire_home;Paris;Le Marais;48.8585712836;2.35817043362;5;"[""https://a0.muscache.com/im/pictures/a0855f93-84d1-43e0-beb1-1fb77c26027f.jpg?aki_policy=large"", ""https://a0.muscache.com/im/pictures/e05b9e10-a9ad-444d-b3c0-f71dcc753bfe.jpg?aki_policy=large"", ""https://a0.muscache.com/im/pictures/b32ceb86-ade7-43d7-8255-66e658984848.jpg?aki_policy=large"", ""https://a0.muscache.com/im/pictures/f545c2db-0ca6-4e67-b034-f286c83c9647.jpg?aki_policy=large"", ""https://a0.muscache.com/im/pictures/1cf7cf02-01b2-47e7-a8c3-701b252e34b2.jpg?aki_policy=large"", ""https://a0.muscache.com/im/pictures/0c77ffcd-68b5-48f2-8589-b5e70f7dc4d7.jpg?aki_policy=large"", ""https://a0.muscache.com/im/pictures/4445ef9d-8e27-4ba1-b6e7-08b41eb999b2.jpg?aki_policy=large"", ""https://a0.muscache.com/im/pictures/9f6be614-b911-4568-af57-da72a6674d4b.jpg?aki_policy=large"", ""https://a0.muscache.com/im/pictures/e31df50d-bfea-4281-b55f-6b6b5bd2c2fd.jpg?aki_policy=large"", ""https://a0.muscache.com/im/pictures/c023b878-3b3e-455c-a231-313fe4a3b901.jpg?aki_policy=large"", ""https://a0.muscache.com/im/pictures/c676679e-a750-4fdc-bf5a-5653c43f42bb.jpg?aki_policy=large"", ""https://a0.muscache.com/im/pictures/c7b896ad-2fd3-4a43-a953-04df14adbf9a.jpg?aki_policy=large"", ""https://a0.muscache.com/im/pictures/bfc3af34-56e9-4ced-a24e-65784bb53c7e.jpg?aki_policy=large"", ""https://a0.muscache.com/im/pictures/f5e26967-b31a-4409-8fe6-71cce0fac495.jpg?aki_policy=large""]";"{""beds"": 4, ""bedrooms"": 3, ""bathrooms"": 1.0, ""amenity_ids"": [1, 33, 129, 34, 3, 4, 8, 40, 41, 12, 44, 45, 46, 50, 30, 31], ""is_rebookable"": false, ""is_new_listing"": false, ""is_fully_refundable"": true, ""is_host_highly_rated"": false, ""is_business_travel_ready"": false}";"{""weekly_factor"": 0.85, ""monthly_factor"": 0.7}";5426;"";"{""is_superhost"": false}"
15272520;Saint Honore Vendome;entire_home;Paris;Louvre - Tuileries;48.8652426288;2.32819865206;3;"[""https://a0.muscache.com/im/pictures/714d708b-8ae5-443b-9fe5-75b354cacaec.jpg?aki_policy=large"", ""https://a0.muscache.com/im/pictures/ac420b46-5d27-4d90-bf1f-a6bf9a079f4d.jpg?aki_policy=large"", ""https://a0.muscache.com/im/pictures/25f7117b-63d1-4c5a-8817-0b65bf3e5f73.jpg?aki_policy=large"", ""https://a0.muscache.com/im/pictures/e1a988c1-ea37-405e-9e7f-32639ca996b7.jpg?aki_policy=large"", ""https://a0.muscache.com/im/pictures/28a47a19-20f5-4e99-be13-671417c1c76a.jpg?aki_policy=large"", ""https://a0.muscache.com/im/pictures/561c4d14-a0ce-4265-bdd3-a0a3f9440992.jpg?aki_policy=large"", ""https://a0.muscache.com/im/pictures/2d69adcd-585a-4d25-91b4-1ed0f24ec87b.jpg?aki_policy=large"", ""https://a0.muscache.com/im/pictures/95101dbe-2866-4ede-aa61-14c4f06a77ce.jpg?aki_policy=large"", ""https://a0.muscache.com/im/pictures/b5c3f214-630a-4eb1-b86f-ad70a1e92ec2.jpg?aki_policy=large"", ""https://a0.muscache.com/im/pictures/64c6bc23-3ac6-4a7c-b421-f2057129998b.jpg?aki_policy=large"", ""https://a0.muscache.com/im/pictures/c3d93605-ff30-4218-94c8-d9fdb1c70a30.jpg?aki_policy=large"", ""https://a0.muscache.com/im/pictures/9a0e5ce2-a827-488c-8bed-02a44dc04539.jpg?aki_policy=large"", ""https://a0.muscache.com/im/pictures/322d9066-149f-4dbe-9a67-7c0d14527271.jpg?aki_policy=large"", ""https://a0.muscache.com/im/pictures/bd913b96-39e6-4b8b-b3e3-9765193292da.jpg?aki_policy=large"", ""https://a0.muscache.com/im/pictures/6b7a3f6f-92c1-47be-aeea-c6fdacb8ea04.jpg?aki_policy=large"", ""https://a0.muscache.com/im/pictures/85bfdf52-8116-4b4b-a373-ac5079749ffb.jpg?aki_policy=large"", ""https://a0.muscache.com/im/pictures/0b558320-c7be-433c-a130-6a81609ec30d.jpg?aki_policy=large"", ""https://a0.muscache.com/im/pictures/8a6c32a8-0ac0-4509-8048-04f0ac37a372.jpg?aki_policy=large"", ""https://a0.muscache.com/im/pictures/56d371c4-d8af-4044-b745-90219e742716.jpg?aki_policy=large"", ""https://a0.muscache.com/im/pictures/051f3c2a-cdba-452b-a2a2-c631492afa2d.jpg?aki_policy=large"", ""https://a0.muscache.com/im/pictures/ef1fcdb0-da96-44f1-bc2d-4099e9460c45.jpg?aki_policy=large"", ""https://a0.muscache.com/im/pictures/d4012b8c-047d-4ffa-8ad6-2676e09320d1.jpg?aki_policy=large"", ""https://a0.muscache.com/im/pictures/3a186203-4375-466b-8038-6c4cd5f91252.jpg?aki_policy=large"", ""https://a0.muscache.com/im/pictures/912557e2-3b20-497c-80fe-1364b8555237.jpg?aki_policy=large"", ""https://a0.muscache.com/im/pictures/52d1a6f3-3bfc-4b7e-bb9c-2b093754527d.jpg?aki_policy=large"", ""https://a0.muscache.com/im/pictures/307380c9-7caf-4c7e-90e6-ae0581780a9b.jpg?aki_policy=large""]";"{""beds"": 2, ""bedrooms"": 1, ""bathrooms"": 1.0, ""amenity_ids"": [1, 33, 129, 2, 34, 3, 35, 4, 103, 8, 40, 104, 10, 44, 45, 77, 46, 21, 28, 30], ""is_rebookable"": false, ""is_new_listing"": false, ""is_fully_refundable"": true, ""is_host_highly_rated"": false, ""is_business_travel_ready"": false}";"{""weekly_factor"": 1.0, ""monthly_factor"": 0.75}";889;"";"{""is_superhost"": false}"
15392759;Design and Modern Flat in Oberkampf;entire_home;Paris;11e arrondissement;48.8655739088;2.38004590043;4;"[""https://a0.muscache.com/im/pictures/b46ee543-c019-42d2-9ae9-8b00b467b2e8.jpg?aki_policy=large"", ""https://a0.muscache.com/im/pictures/e34cce93-5a9d-4868-9356-8e03a204cbfa.jpg?aki_policy=large"", ""https://a0.muscache.com/im/pictures/c88541b5-2f82-4c70-b711-fbbc57e69b0f.jpg?aki_policy=large"", ""https://a0.muscache.com/im/pictures/88c71583-1e43-47c6-9389-db0c92142a0a.jpg?aki_policy=large"", ""https://a0.muscache.com/im/pictures/5f4b28a7-8715-421b-a25a-77f8077f9c4b.jpg?aki_policy=large"", ""https://a0.muscache.com/im/pictures/9d45faec-fa96-475e-b813-8288c64acd7c.jpg?aki_policy=large"", ""https://a0.muscache.com/im/pictures/08409d35-b027-4f54-bc2d-7523b8a07909.jpg?aki_policy=large"", ""https://a0.muscache.com/im/pictures/aff532c8-2bb6-4da0-83af-8da0d4691358.jpg?aki_policy=large"", ""https://a0.muscache.com/im/pictures/f7881a41-5978-414d-8401-93b02c91954d.jpg?aki_policy=large"", ""https://a0.muscache.com/im/pictures/15565cea-6bfc-44a6-9608-b1f3fffb6f52.jpg?aki_policy=large"", ""https://a0.muscache.com/im/pictures/7be298c6-5b95-458c-a7e8-340cff88b631.jpg?aki_policy=large"", ""https://a0.muscache.com/im/pictures/042b65fe-c2c2-4717-8020-c37f186c17be.jpg?aki_policy=large"", ""https://a0.muscache.com/im/pictures/7e174fdb-0392-465c-bb0c-0106d3b788cc.jpg?aki_policy=large"", ""https://a0.muscache.com/im/pictures/6247c94d-a5ea-4941-9ad0-e42663b87936.jpg?aki_policy=large"", ""https://a0.muscache.com/im/pictures/76a11017-75b0-447b-aba8-93edc0f23e09.jpg?aki_policy=large"", ""https://a0.muscache.com/im/pictures/392526ab-670e-4c35-aa52-bdeb2b8cd095.jpg?aki_policy=large"", ""https://a0.muscache.com/im/pictures/3eed8082-b77d-4746-8d4c-146fda1efd4e.jpg?aki_policy=large"", ""https://a0.muscache.com/im/pictures/4ef79b8e-7836-4e6c-a0b1-7c54b685d393.jpg?aki_policy=large"", ""https://a0.muscache.com/im/pictures/f2624b25-9a1a-4469-bd91-7898ab2d9d16.jpg?aki_policy=large"", ""https://a0.muscache.com/im/pictures/ba5e3f8d-3047-4147-81b2-ed1123fede43.jpg?aki_policy=large"", ""https://a0.muscache.com/im/pictures/23e39830-0e87-43c4-a22a-edb5d2532f00.jpg?aki_policy=large"", ""https://a0.muscache.com/im/pictures/07bd5626-884f-430b-87c5-96def41e4c2d.jpg?aki_policy=large"", ""https://a0.muscache.com/im/pictures/00787707-2df7-4d6e-9936-e6e865b27400.jpg?aki_policy=large"", ""https://a0.muscache.com/im/pictures/cd850c79-c03f-4dce-bc43-a9289fb2d014.jpg?aki_policy=large"", ""https://a0.muscache.com/im/pictures/748c21ab-4489-44b0-bc67-d8f1019cd71a.jpg?aki_policy=large"", ""https://a0.muscache.com/im/pictures/faf09df3-b505-4490-9956-e9362a0d56f6.jpg?aki_policy=large"", ""https://a0.muscache.com/im/pictures/340b0a78-21dc-43c1-bf03-411dbce5863d.jpg?aki_policy=large"", ""https://a0.muscache.com/im/pictures/2bedb217-217d-4e16-b5bc-50d787ee7282.jpg?aki_policy=large"", ""https://a0.muscache.com/im/pictures/4713d081-e6c8-4f7d-8116-89d9d61d7129.jpg?aki_policy=large"", ""https://a0.muscache.com/im/pictures/b779a7cd-2846-42bc-a791-0d38a9d60e7a.jpg?aki_policy=large""]";"{""beds"": 2, ""bedrooms"": 1, ""bathrooms"": 1.0, ""amenity_ids"": [33, 34, 3, 35, 4, 36, 38, 8, 40, 41, 42, 44, 45, 77, 46, 47, 16, 85, 86, 88, 27, 30, 31], ""is_rebookable"": false, ""is_new_listing"": false, ""is_fully_refundable"": true, ""is_host_highly_rated"": false, ""is_business_travel_ready"": false}";"{""weekly_factor"": 0.85, ""monthly_factor"": 0.75}";4246;"";"{""is_superhost"": false}"
15447351;Bel appartement parisien , près de la Tour Eiffel;entire_home;Paris;Tour Eiffel - Champ de Mars;48.8494322716;2.2998423065;5;"[""https://a0.muscache.com/im/pictures/492b4b58-58b8-4cbd-b743-c741c7b3f160.jpg?aki_policy=large"", ""https://a0.muscache.com/im/pictures/f791c902-2e15-4b4e-a460-1aadc4dd420a.jpg?aki_policy=large"", ""https://a0.muscache.com/im/pictures/947edf1e-74f9-405a-b9a6-1a14b40a8dbb.jpg?aki_policy=large"", ""https://a0.muscache.com/im/pictures/40fe465f-aee7-4e7b-85d1-1ee335d04c2f.jpg?aki_policy=large"", ""https://a0.muscache.com/im/pictures/cdd0c7c3-a1aa-4412-8b18-3198e0d64af1.jpg?aki_policy=large"", ""https://a0.muscache.com/im/pictures/69eed189-ea3f-4ac0-8744-8ba74064c07f.jpg?aki_policy=large"", ""https://a0.muscache.com/im/pictures/36fef2a9-be74-4bec-9143-81d9c5620bab.jpg?aki_policy=large"", ""https://a0.muscache.com/im/pictures/d0c1b054-37aa-441d-81f4-e5b83f0636e0.jpg?aki_policy=large"", ""https://a0.muscache.com/im/pictures/f5807d88-8764-4ca8-a49f-7cef8326354e.jpg?aki_policy=large"", ""https://a0.muscache.com/im/pictures/5a7a8329-5367-4f10-9b22-4cc692a2e52b.jpg?aki_policy=large""]";"{""beds"": 3, ""bedrooms"": 3, ""bathrooms"": 1.0, ""amenity_ids"": [1, 33, 129, 4, 8, 40, 41, 44, 45, 46, 16, 21, 61, 30], ""is_rebookable"": false, ""is_new_listing"": false, ""is_fully_refundable"": true, ""is_host_highly_rated"": false, ""is_business_travel_ready"": false}";"{""weekly_factor"": 0.8, ""monthly_factor"": 1.0}";7902;"";"{""is_superhost"": false}"
15495194;Charming nest under roof Paris Aligre/Bastille;entire_home;Paris;Bastille;48.850842;2.379247;2;"[""https://a0.muscache.com/im/pictures/d412bc79-1a42-4a7d-a3c3-4057de2fb2dc.jpg?aki_policy=large"", ""https://a0.muscache.com/im/pictures/bb18aa40-d4b8-4ff9-afd7-304a8203ae3c.jpg?aki_policy=large"", ""https://a0.muscache.com/im/pictures/a34c1a0b-4711-4926-a484-b7e491f998cc.jpg?aki_policy=large"", ""https://a0.muscache.com/im/pictures/b72a48e3-6c0f-4eb8-a0bd-af9ed85e86b4.jpg?aki_policy=large"", ""https://a0.muscache.com/im/pictures/50c97160-b850-47f2-8bc0-de77649fbec1.jpg?aki_policy=large"", ""https://a0.muscache.com/im/pictures/8b16669c-0dd9-460b-b015-e7443d1291b8.jpg?aki_policy=large"", ""https://a0.muscache.com/im/pictures/67821222-8bb3-4bb0-8be6-e7e5fe537396.jpg?aki_policy=large"", ""https://a0.muscache.com/im/pictures/158bd7c1-aba0-4457-b8ca-e21f956a7468.jpg?aki_policy=large"", ""https://a0.muscache.com/im/pictures/71a6d74d-50ac-47b7-96f7-4bf5ba67a7d6.jpg?aki_policy=large"", ""https://a0.muscache.com/im/pictures/51cbe4bd-110a-4ae9-ab5f-6b8736e4bed2.jpg?aki_policy=large"", ""https://a0.muscache.com/im/pictures/6af27ac4-6e2b-48ab-8edd-b060a9923355.jpg?aki_policy=large""]";"{""beds"": 1, ""bedrooms"": 0, ""bathrooms"": 1.0, ""amenity_ids"": [1, 2, 3, 35, 4, 8, 40, 41, 10, 42, 44, 45, 77, 46, 47, 51, 54, 57, 30, 31], ""is_rebookable"": false, ""is_new_listing"": false, ""is_fully_refundable"": true, ""is_host_highly_rated"": true, ""is_business_travel_ready"": false}";"{""weekly_factor"": 1.0, ""monthly_factor"": 1.0}";4217;"";"{""is_superhost"": false}"
15504591;Chambre dans colocation, quartier Gambetta;private_room;Paris;Père Lachaise - Ménilmontant;48.869811498;2.39473786406;2;"[""https://a0.muscache.com/im/pictures/bb9b69fe-bcfa-48df-9aa7-6d96eda0af3b.jpg?aki_policy=large"", ""https://a0.muscache.com/im/pictures/988f0da3-9ac2-437c-8e95-4587b44f2a36.jpg?aki_policy=large"", ""https://a0.muscache.com/im/pictures/96ff80f8-be58-4d73-b9c7-19382b72e445.jpg?aki_policy=large"", ""https://a0.muscache.com/im/pictures/f3a76144-edf1-49fd-a1cd-1511a87cbbd2.jpg?aki_policy=large"", ""https://a0.muscache.com/im/pictures/4e4fa685-50de-4f98-92c9-d2e4f38ea2a3.jpg?aki_policy=large"", ""https://a0.muscache.com/im/pictures/40312b45-32f9-4095-a510-fd97dfa390d9.jpg?aki_policy=large"", ""https://a0.muscache.com/im/pictures/8f06d063-e93e-4f69-a98a-30b1805f7e01.jpg?aki_policy=large""]";"{""beds"": 1, ""bedrooms"": 1, ""bathrooms"": 1.0, ""amenity_ids"": [1, 33, 4, 8, 40, 41, 11, 45, 46, 47, 49, 50, 30], ""is_rebookable"": false, ""is_new_listing"": false, ""is_fully_refundable"": true, ""is_host_highly_rated"": false, ""is_business_travel_ready"": false}";"{""weekly_factor"": 0.9, ""monthly_factor"": 0.7}";236;"";"{""is_superhost"": false}"
15548864;BRAND NEW 2BR APARTMENT HEART MARAIS MODERN DESIGN;entire_home;Paris;Le Marais;48.8558780727;2.35977462147;5;"[""https://a0.muscache.com/im/pictures/67919fd2-e89b-48e1-a5f5-2383664bf1f5.jpg?aki_policy=large"", ""https://a0.muscache.com/im/pictures/e4a35612-25f1-4e32-9ec6-ff942e768d76.jpg?aki_policy=large"", ""https://a0.muscache.com/im/pictures/76cd33f8-7445-4821-9dab-706db027cce3.jpg?aki_policy=large"", ""https://a0.muscache.com/im/pictures/ae257726-60c8-42f8-866a-f407f0081481.jpg?aki_policy=large"", ""https://a0.muscache.com/im/pictures/5fa222bf-40e2-489d-85e4-5d385dda14bc.jpg?aki_policy=large"", ""https://a0.muscache.com/im/pictures/2e3be81f-4421-44ea-bd34-f04eabe17a8e.jpg?aki_policy=large"", ""https://a0.muscache.com/im/pictures/24a8409b-5b36-4e87-9b66-57da5ce31d54.jpg?aki_policy=large"", ""https://a0.muscache.com/im/pictures/c1b9864e-623a-4d9e-8721-3d06f3b18262.jpg?aki_policy=large"", ""https://a0.muscache.com/im/pictures/995419d4-6429-49ae-b2f1-2fe0cf21c124.jpg?aki_policy=large"", ""https://a0.muscache.com/im/pictures/66e50f88-e4a4-40c1-98c1-0fb4615e9005.jpg?aki_policy=large""]";"{""beds"": 3, ""bedrooms"": 2, ""bathrooms"": 1.0, ""amenity_ids"": [33, 2, 34, 35, 4, 38, 8, 40, 41, 42, 43, 44, 45, 46, 30, 31], ""is_rebookable"": false, ""is_new_listing"": false, ""is_fully_refundable"": true, ""is_host_highly_rated"": true, ""is_business_travel_ready"": false}";"{""weekly_factor"": 0.96, ""monthly_factor"": 1.0}";7929;"";"{""is_superhost"": true}"
15574312;Magnifique atelier d'artiste au centre de Paris;entire_home;Paris;Palais Royal;48.8660290363;2.33604461454;4;"[""https://a0.muscache.com/im/pictures/5c5785e1-8d8a-461e-9420-53e94b737ec2.jpg?aki_policy=large"", ""https://a0.muscache.com/im/pictures/5ad91e19-7221-41a1-a38f-2c5c996795dc.jpg?aki_policy=large"", ""https://a0.muscache.com/im/pictures/efdf2d8b-bfb1-48e3-980b-99a82d45a9e4.jpg?aki_policy=large"", ""https://a0.muscache.com/im/pictures/4928fb10-bebf-4fc1-a4c3-3f80191645fe.jpg?aki_policy=large"", ""https://a0.muscache.com/im/pictures/285a27aa-d85c-4063-babe-957471d6e783.jpg?aki_policy=large"", ""https://a0.muscache.com/im/pictures/34b8b130-5ea8-48df-becf-c2013f049961.jpg?aki_policy=large"", ""https://a0.muscache.com/im/pictures/4f6c051c-47df-4877-bcde-9b4894080a28.jpg?aki_policy=large"", ""https://a0.muscache.com/im/pictures/32342dae-7af3-41a0-9865-34335b35d1d8.jpg?aki_policy=large"", ""https://a0.muscache.com/im/pictures/8c7c7352-ffd7-4223-95e1-63b52dc94a05.jpg?aki_policy=large""]";"{""beds"": 3, ""bedrooms"": 2, ""bathrooms"": 1.0, ""amenity_ids"": [3, 4, 71, 8, 72, 11, 90, 91, 92, 93, 30, 94, 31, 95, 96, 33, 34, 35, 36, 103, 40, 41, 44, 45, 46, 47, 51, 53, 57], ""is_rebookable"": false, ""is_new_listing"": false, ""is_fully_refundable"": true, ""is_host_highly_rated"": false, ""is_business_travel_ready"": false}";"{""weekly_factor"": 0.9, ""monthly_factor"": 0.75}";424;"";"{""is_superhost"": false}"
15603494;2 pièces atypique 50 m2;entire_home;Paris;Père Lachaise - Ménilmontant;48.866951509;2.39988984983;3;"[""https://a0.muscache.com/im/pictures/0a93fd52-a1c4-4227-b180-797151d60d70.jpg?aki_policy=large"", ""https://a0.muscache.com/im/pictures/b3b897f6-1b75-4fdb-87bf-84eecaf7ed72.jpg?aki_policy=large"", ""https://a0.muscache.com/im/pictures/0d22578c-74ef-4e66-972c-bb0021e5b1c0.jpg?aki_policy=large"", ""https://a0.muscache.com/im/pictures/663e246f-68c7-46d7-90cc-6ec4b02927f4.jpg?aki_policy=large"", ""https://a0.muscache.com/im/pictures/c4df762b-092b-4d62-b374-e2796871330f.jpg?aki_policy=large"", ""https://a0.muscache.com/im/pictures/ea8648de-0753-4558-a31f-43a990cbf182.jpg?aki_policy=large"", ""https://a0.muscache.com/im/pictures/08929e87-177d-44db-ae40-7bdc5b06d853.jpg?aki_policy=large"", ""https://a0.muscache.com/im/pictures/e96139eb-dbc5-4ea6-8c24-1b141afdef8b.jpg?aki_policy=large""]";"{""beds"": 1, ""bedrooms"": 1, ""bathrooms"": 1.0, ""amenity_ids"": [33, 34, 35, 4, 8, 40, 41, 12, 44, 45, 31], ""is_rebookable"": false, ""is_new_listing"": false, ""is_fully_refundable"": true, ""is_host_highly_rated"": false, ""is_business_travel_ready"": false}";"{""weekly_factor"": 1.0, ""monthly_factor"": 1.0}";2450;"";"{""is_superhost"": false}"
15631578;Charmant appartement dans le 11ieme;entire_home;Paris;11e arrondissement;48.8611358478;2.38487248645;2;"[""https://a0.muscache.com/im/pictures/9c6f77d5-36ec-4961-a4f6-394d65c0a10b.jpg?aki_policy=large"", ""https://a0.muscache.com/im/pictures/b6db2b21-850a-4864-ac9d-82991f5729cd.jpg?aki_policy=large"", ""https://a0.muscache.com/im/pictures/0d752752-94ee-4281-a0eb-fc736c1ed7fc.jpg?aki_policy=large"", ""https://a0.muscache.com/im/pictures/20271e8f-2093-4d0d-b1a5-f533aadbe379.jpg?aki_policy=large"", ""https://a0.muscache.com/im/pictures/acf3dc7c-a77f-4a3b-bd4e-e2c90b6388c9.jpg?aki_policy=large"", ""https://a0.muscache.com/im/pictures/1c8eef75-ee5b-4e2f-bade-495d4469aeee.jpg?aki_policy=large"", ""https://a0.muscache.com/im/pictures/0653eec9-6845-4cc8-8df2-fbb5c47606e0.jpg?aki_policy=large"", ""https://a0.muscache.com/im/pictures/4478c9ff-2a8c-4a78-9d42-5f54f5c8aec6.jpg?aki_policy=large"", ""https://a0.muscache.com/im/pictures/a00449b3-a135-4e8e-a629-2ac2224a0eff.jpg?aki_policy=large"", ""https://a0.muscache.com/im/pictures/134f1b0f-77e7-4fa1-a211-9baa3dba0ba7.jpg?aki_policy=large"", ""https://a0.muscache.com/im/pictures/787a4fce-329d-4ca0-8b47-39b6ca65b5d1.jpg?aki_policy=large"", ""https://a0.muscache.com/im/pictures/f1b28c4c-76b5-44e7-a894-ab0b1028c0b0.jpg?aki_policy=large""]";"{""beds"": 1, ""bedrooms"": 1, ""bathrooms"": 1.0, ""amenity_ids"": [16, 1, 33, 50, 35, 4, 8, 40, 41, 30, 31], ""is_rebookable"": false, ""is_new_listing"": false, ""is_fully_refundable"": true, ""is_host_highly_rated"": false, ""is_business_travel_ready"": false}";"{""weekly_factor"": 1.0, ""monthly_factor"": 1.0}";1904;"";"{""is_superhost"": false}"
15644901;ONLY FOR EVENTS Appartement proche Louvre;entire_home;Paris;Palais Royal;48.8622073002;2.34024867318;16;"[""https://a0.muscache.com/im/pictures/5438b91e-4abe-4d32-a1b9-b470d6144f6a.jpg?aki_policy=large"", ""https://a0.muscache.com/im/pictures/0d0fd5f3-86ed-46a1-be06-c29254952d91.jpg?aki_policy=large"", ""https://a0.muscache.com/im/pictures/bf466530-60a5-4ff8-860b-a531a59fd8ec.jpg?aki_policy=large"", ""https://a0.muscache.com/im/pictures/7aea9637-524b-4039-82a7-05e5a2cc1f4f.jpg?aki_policy=large"", ""https://a0.muscache.com/im/pictures/72fab557-3ab1-4b6b-95a9-8e1d50f1cc1f.jpg?aki_policy=large"", ""https://a0.muscache.com/im/pictures/9243ea0d-f32d-43f8-9865-e71cf2dcb4fb.jpg?aki_policy=large"", ""https://a0.muscache.com/im/pictures/4c3df3b5-18ab-479f-ad26-31151a2b7f66.jpg?aki_policy=large"", ""https://a0.muscache.com/im/pictures/ac20849e-a0f5-4f02-a1b6-ef657e5ac4a6.jpg?aki_policy=large"", ""https://a0.muscache.com/im/pictures/b9191f9a-2301-40c2-9c28-0b24865156f4.jpg?aki_policy=large"", ""https://a0.muscache.com/im/pictures/25dca792-cd17-410d-b949-7aee9995ae7f.jpg?aki_policy=large"", ""https://a0.muscache.com/im/pictures/b5fadffb-a198-484a-835b-cb31a6c8672b.jpg?aki_policy=large"", ""https://a0.muscache.com/im/pictures/1c6816ca-c3d5-451e-9caf-102cd7f5942b.jpg?aki_policy=large"", ""https://a0.muscache.com/im/pictures/fa261b11-4870-4177-8db2-1bdef54e9997.jpg?aki_policy=large""]";"{""beds"": 3, ""bedrooms"": 3, ""bathrooms"": 2.0, ""amenity_ids"": [32, 1, 129, 35, 4, 8, 40, 41, 10, 44, 45, 77, 46, 47, 49, 50, 21, 27, 28, 30], ""is_rebookable"": false, ""is_new_listing"": false, ""is_fully_refundable"": true, ""is_host_highly_rated"": false, ""is_business_travel_ready"": false}";"{""weekly_factor"": 1.0, ""monthly_factor"": 1.0}";2377;"";"{""is_superhost"": false}"
15645282;Spacious room & amazing view !;private_room;Paris;République;48.870669628;2.37354843559;1;"[""https://a0.muscache.com/im/pictures/819107d7-670c-4c43-8531-d751191d1f1c.jpg?aki_policy=large"", ""https://a0.muscache.com/im/pictures/b361e999-42ec-4da9-8bba-65ac400715c8.jpg?aki_policy=large"", ""https://a0.muscache.com/im/pictures/a05db202-f573-484a-96d7-52891aaf7e7e.jpg?aki_policy=large"", ""https://a0.muscache.com/im/pictures/8d900d4c-583c-45b6-9a10-537459809921.jpg?aki_policy=large"", ""https://a0.muscache.com/im/pictures/eae04d1a-8895-4d55-80ff-a480d056b8ef.jpg?aki_policy=large"", ""https://a0.muscache.com/im/pictures/d86a30bb-a4ad-4d32-9f50-d0d2acf25125.jpg?aki_policy=large"", ""https://a0.muscache.com/im/pictures/4dde0482-ebf2-438b-a352-9cb0f58c2f5b.jpg?aki_policy=large"", ""https://a0.muscache.com/im/pictures/f6d6c2c2-ac10-4ecc-9613-f7a9b3d9c1cd.jpg?aki_policy=large"", ""https://a0.muscache.com/im/pictures/f8404844-b09f-4f2a-816d-95dfef2e6fe9.jpg?aki_policy=large"", ""https://a0.muscache.com/im/pictures/33900807-1e8b-4641-8c71-b0118aa77f00.jpg?aki_policy=large""]";"{""beds"": 1, ""bedrooms"": 1, ""bathrooms"": 1.5, ""amenity_ids"": [33, 3, 4, 8, 40, 41, 44, 45, 47, 49, 50, 21, 30], ""is_rebookable"": false, ""is_new_listing"": false, ""is_fully_refundable"": true, ""is_host_highly_rated"": true, ""is_business_travel_ready"": false}";"{""weekly_factor"": 0.9, ""monthly_factor"": 1.0}";4659;"";"{""is_superhost"": true}"
15655780;★ The Perfect Parisian Architect Studio;entire_home;Paris;République;48.8691113944;2.37950302255;2;"[""https://a0.muscache.com/im/pictures/8d30e28d-4a56-4514-be2d-193a322cb98c.jpg?aki_policy=large"", ""https://a0.muscache.com/im/pictures/14e5828b-1a87-4cb3-a43d-71b77001abef.jpg?aki_policy=large"", ""https://a0.muscache.com/im/pictures/7a10065e-d563-4713-ac42-d0cb5068ed80.jpg?aki_policy=large"", ""https://a0.muscache.com/im/pictures/3c16ed80-c9d7-462b-b0a5-f2a00e31f5c8.jpg?aki_policy=large"", ""https://a0.muscache.com/im/pictures/d2e88acc-6100-4e66-9dc1-821cd2575e46.jpg?aki_policy=large"", ""https://a0.muscache.com/im/pictures/3b1db060-a4a8-4100-b9e3-0c29f537c2b0.jpg?aki_policy=large"", ""https://a0.muscache.com/im/pictures/ee6f8ff7-039e-495f-8f7f-8475d09b2ee0.jpg?aki_policy=large"", ""https://a0.muscache.com/im/pictures/a4e95983-cf89-4390-bfa7-823261d087aa.jpg?aki_policy=large"", ""https://a0.muscache.com/im/pictures/6d9b2c42-a21f-47cd-957f-ab6199293a26.jpg?aki_policy=large"", ""https://a0.muscache.com/im/pictures/e2cb80d0-eb0d-4870-86de-dcdae8e8179e.jpg?aki_policy=large"", ""https://a0.muscache.com/im/pictures/fe085c72-db92-45b9-a827-a594a553e918.jpg?aki_policy=large"", ""https://a0.muscache.com/im/pictures/3780764c-96aa-44a1-8854-efe72ec43331.jpg?aki_policy=large"", ""https://a0.muscache.com/im/pictures/8fbfe464-ad85-4968-8a2e-d64e3bb17f51.jpg?aki_policy=large"", ""https://a0.muscache.com/im/pictures/4133be1e-63a6-41c1-a150-10c6fd98d6e8.jpg?aki_policy=large"", ""https://a0.muscache.com/im/pictures/9c3fb123-8adb-424d-bace-764abc637e7a.jpg?aki_policy=large"", ""https://a0.muscache.com/im/pictures/fadf746a-2667-4553-bea0-a5ff0b7a2dd3.jpg?aki_policy=large"", ""https://a0.muscache.com/im/pictures/899fdf27-5879-40ef-88d1-7ca8e4ae5fb7.jpg?aki_policy=large"", ""https://a0.muscache.com/im/pictures/380beefa-c595-487c-ba36-52481a493966.jpg?aki_policy=large"", ""https://a0.muscache.com/im/pictures/0f2afc57-ff70-4861-938a-7de9c3214c3f.jpg?aki_policy=large"", ""https://a0.muscache.com/im/pictures/f4f348b3-5890-459c-9b22-0baf8da4ab3c.jpg?aki_policy=large"", ""https://a0.muscache.com/im/pictures/9185a2d0-3030-4352-a8a1-1140a06fa50f.jpg?aki_policy=large"", ""https://a0.muscache.com/im/pictures/00b1ea4e-b99b-4936-8b85-0769303939fe.jpg?aki_policy=large""]";"{""beds"": 1, ""bedrooms"": 0, ""bathrooms"": 1.0, ""amenity_ids"": [3, 35, 4, 36, 8, 40, 41, 43, 44, 45, 46, 47, 16, 50, 51, 54, 30, 31], ""is_rebookable"": false, ""is_new_listing"": false, ""is_fully_refundable"": true, ""is_host_highly_rated"": false, ""is_business_travel_ready"": false}";"{""weekly_factor"": 1.0, ""monthly_factor"": 1.0}";3728;"";"{""is_superhost"": false}"
15701977;Luxury apartment in paris. THE LOUVRE, VENDÔME.;entire_home;Paris;Madeleine - Vendôme;48.8682525543;2.33201108176;6;"[""https://a0.muscache.com/im/pictures/ffce480a-d82a-49da-803f-f96dc7be8817.jpg?aki_policy=large"", ""https://a0.muscache.com/im/pictures/428fc36a-6843-45aa-8f9e-a19e5238843a.jpg?aki_policy=large"", ""https://a0.muscache.com/im/pictures/ecd829c0-ccbe-4ded-87a9-806d5bfaf3d0.jpg?aki_policy=large"", ""https://a0.muscache.com/im/pictures/0413237b-5b34-42da-bb96-c1a6da80690d.jpg?aki_policy=large"", ""https://a0.muscache.com/im/pictures/cfee1f63-00e2-49de-82ca-60f52986870d.jpg?aki_policy=large"", ""https://a0.muscache.com/im/pictures/188ea2a6-1bbd-4a3c-b882-49ed8ff9927d.jpg?aki_policy=large"", ""https://a0.muscache.com/im/pictures/66a11a4d-3ef6-4d71-9a65-5ca5258e3c15.jpg?aki_policy=large"", ""https://a0.muscache.com/im/pictures/ab6cf584-cd6f-4994-b214-a56889ee3cd9.jpg?aki_policy=large"", ""https://a0.muscache.com/im/pictures/cc816a5e-4916-4cd7-a95f-bfb7b1b4c6b3.jpg?aki_policy=large"", ""https://a0.muscache.com/im/pictures/a09cf245-f038-40ac-896b-dea865f1a59a.jpg?aki_policy=large"", ""https://a0.muscache.com/im/pictures/7b21f4d7-7566-44ae-ad20-71f80e65fd22.jpg?aki_policy=large"", ""https://a0.muscache.com/im/pictures/e7df2d84-5211-484f-8cc4-9b154b4fa59c.jpg?aki_policy=large"", ""https://a0.muscache.com/im/pictures/f3440721-1183-44ae-8c7b-60633b0e28a3.jpg?aki_policy=large"", ""https://a0.muscache.com/im/pictures/83adf5eb-105e-42b1-9c96-d4c8360d2dbc.jpg?aki_policy=large"", ""https://a0.muscache.com/im/pictures/f360f3d7-316c-48a9-93a5-86f308e92d65.jpg?aki_policy=large"", ""https://a0.muscache.com/im/pictures/e986701d-7bc2-4641-945e-3b2717087566.jpg?aki_policy=large"", ""https://a0.muscache.com/im/pictures/fe0decdb-456c-49cb-8a7b-11bae332b30c.jpg?aki_policy=large"", ""https://a0.muscache.com/im/pictures/ca6184ec-3f61-4e2a-8a53-64439c4f22b9.jpg?aki_policy=large"", ""https://a0.muscache.com/im/pictures/d24e72b4-7933-47ea-92ee-ead2d8ce1071.jpg?aki_policy=large"", ""https://a0.muscache.com/im/pictures/699060da-60b5-4b05-b752-f5dbf6db839b.jpg?aki_policy=large"", ""https://a0.muscache.com/im/pictures/68bd910a-9a48-4593-9fe2-173c073f0754.jpg?aki_policy=large"", ""https://a0.muscache.com/im/pictures/208b88b2-9992-4894-80ab-5b5fd3af07f1.jpg?aki_policy=large"", ""https://a0.muscache.com/im/pictures/300be263-e386-4255-9fc7-f2773df67d18.jpg?aki_policy=large"", ""https://a0.muscache.com/im/pictures/73d56ce5-6f21-4efe-9dd7-65913f4923fc.jpg?aki_policy=large"", ""https://a0.muscache.com/im/pictures/12ba76aa-055c-461a-88ba-6105a77fe330.jpg?aki_policy=large""]";"{""beds"": 2, ""bedrooms"": 2, ""bathrooms"": 1.0, ""amenity_ids"": [1, 33, 35, 4, 36, 5, 38, 39, 8, 40, 42, 44, 45, 46, 47, 30, 31], ""is_rebookable"": false, ""is_new_listing"": false, ""is_fully_refundable"": true, ""is_host_highly_rated"": true, ""is_business_travel_ready"": false}";"{""weekly_factor"": 1.0, ""monthly_factor"": 1.0}";6825;"";"{""is_superhost"": false}"
15826210;Les Showrooms du Marais - Commines (85 m2);entire_home;Paris;3e arrondissement;48.8625529074;2.36577320483;15;"[""https://a0.muscache.com/im/pictures/66ca8615-aca5-4818-a0f0-e634acd4b54e.jpg?aki_policy=large"", ""https://a0.muscache.com/im/pictures/db87b2de-b844-460f-bd5f-25e62da2b54f.jpg?aki_policy=large"", ""https://a0.muscache.com/im/pictures/4baa7c86-c883-4c84-9373-0551a5eaaf43.jpg?aki_policy=large""]";"{""beds"": 1, ""bedrooms"": 1, ""bathrooms"": 0.0, ""amenity_ids"": [32, 35, 4, 36, 37, 38, 39, 8, 11, 12, 47, 49, 50, 21, 30], ""is_rebookable"": false, ""is_new_listing"": false, ""is_fully_refundable"": true, ""is_host_highly_rated"": false, ""is_business_travel_ready"": false}";"{""weekly_factor"": 1.0, ""monthly_factor"": 1.0}";3516;"";"{""is_superhost"": false}"
15853260;Appartement design Paris Nation / Bastille;entire_home;Paris;"";48.844372;2.390312;8;"[""https://a0.muscache.com/im/pictures/62c4a920-a348-4de9-8ed6-621809593167.jpg?aki_policy=large"", ""https://a0.muscache.com/im/pictures/7d75b243-31d3-491d-aed7-a30f1afa54d3.jpg?aki_policy=large"", ""https://a0.muscache.com/im/pictures/b12b90f9-810e-43fc-aed2-91b958f22bf2.jpg?aki_policy=large"", ""https://a0.muscache.com/im/pictures/2ed705ac-4f1c-4022-9a96-64e4554404c7.jpg?aki_policy=large"", ""https://a0.muscache.com/im/pictures/3d1396f5-3217-4770-8ee7-23b65bcb77f8.jpg?aki_policy=large"", ""https://a0.muscache.com/im/pictures/16cd6661-1f3e-4170-a2bc-9a3085c91a51.jpg?aki_policy=large"", ""https://a0.muscache.com/im/pictures/45ee5c24-4db6-451d-b118-849f71e84ff3.jpg?aki_policy=large"", ""https://a0.muscache.com/im/pictures/94577af7-04c9-4eaa-954a-64833fc01ef0.jpg?aki_policy=large"", ""https://a0.muscache.com/im/pictures/bba6e492-3192-4853-a42c-82bdff14a73b.jpg?aki_policy=large"", ""https://a0.muscache.com/im/pictures/5e1eff01-78a3-45ee-9a57-deab01bdd688.jpg?aki_policy=large"", ""https://a0.muscache.com/im/pictures/551a6c78-5d11-4fd1-a816-40d6921a08d6.jpg?aki_policy=large"", ""https://a0.muscache.com/im/pictures/26a0d77d-5f0d-4470-987e-ba5c95250bc3.jpg?aki_policy=large"", ""https://a0.muscache.com/im/pictures/a1a7181f-d34c-4d88-a369-6bc861e74225.jpg?aki_policy=large"", ""https://a0.muscache.com/im/pictures/2de1475a-6a37-4997-b88f-09002cdc7099.jpg?aki_policy=large"", ""https://a0.muscache.com/im/pictures/7cd58bee-80cb-48e5-aa81-025d4ce698bd.jpg?aki_policy=large"", ""https://a0.muscache.com/im/pictures/2ee93643-9af1-4a0f-9e45-ebcccf5195d3.jpg?aki_policy=large"", ""https://a0.muscache.com/im/pictures/06b10bfe-0f5b-4dab-863b-ff1a96fd5295.jpg?aki_policy=large"", ""https://a0.muscache.com/im/pictures/a8bd1d90-9c93-4072-8358-5767a2a0e29a.jpg?aki_policy=large"", ""https://a0.muscache.com/im/pictures/bff45980-9baf-479f-9aa5-c36ca5afb9ca.jpg?aki_policy=large"", ""https://a0.muscache.com/im/pictures/df64ae34-9a86-45d3-8b1b-f5c5cdd7f2e8.jpg?aki_policy=large"", ""https://a0.muscache.com/im/pictures/67538d07-38f2-44bf-ba68-6c5e30330757.jpg?aki_policy=large"", ""https://a0.muscache.com/im/pictures/0ea94519-4214-4188-924f-81e0634d7a55.jpg?aki_policy=large"", ""https://a0.muscache.com/im/pictures/be180ba8-d5b5-4621-a84b-01d97f6d152f.jpg?aki_policy=large"", ""https://a0.muscache.com/im/pictures/56d57afd-521c-4ca8-b00c-99d5f4627ec0.jpg?aki_policy=large"", ""https://a0.muscache.com/im/pictures/35d4d54c-f20d-4ed2-848b-39902fb3a570.jpg?aki_policy=large"", ""https://a0.muscache.com/im/pictures/2662563d-a925-4a9d-b6a4-2730e9d21db9.jpg?aki_policy=large"", ""https://a0.muscache.com/im/pictures/3f2b27ca-1830-4e74-834c-dc61500c1801.jpg?aki_policy=large"", ""https://a0.muscache.com/im/pictures/dac27d70-7b70-441d-9ff4-5065cce4a44a.jpg?aki_policy=large"", ""https://a0.muscache.com/im/pictures/d9c21079-fac9-4bd8-bd33-45754b918165.jpg?aki_policy=large"", ""https://a0.muscache.com/im/pictures/7872af48-58c4-4c80-8f7f-26383f3a10b4.jpg?aki_policy=large""]";"{""beds"": 4, ""bedrooms"": 2, ""bathrooms"": 2.0, ""amenity_ids"": [1, 2, 3, 4, 8, 10, 77, 85, 25, 89, 90, 91, 92, 93, 30, 94, 31, 95, 33, 34, 98, 35, 40, 104, 41, 43, 44, 45, 46, 47, 51, 54], ""is_rebookable"": false, ""is_new_listing"": false, ""is_fully_refundable"": true, ""is_host_highly_rated"": true, ""is_business_travel_ready"": false}";"{""weekly_factor"": 0.95, ""monthly_factor"": 0.9}";1253;"";"{""is_superhost"": false}"
15902750;Eiffel View Loft + 2 FREE RIVER CRUISE TICKETS;entire_home;Paris;Invalides - Ecole Militaire;48.8511167988;2.32300503965;3;"[""https://a0.muscache.com/im/pictures/fea4e2f8-6974-49d5-8739-faa1fd9d0e70.jpg?aki_policy=large"", ""https://a0.muscache.com/im/pictures/fce614d7-9d9b-4fbe-8618-fc091e686029.jpg?aki_policy=large"", ""https://a0.muscache.com/im/pictures/75814d50-ccc5-47d6-9d17-872de1aa35ee.jpg?aki_policy=large"", ""https://a0.muscache.com/im/pictures/85e24f10-a5ce-4a43-935f-583ad03cd5fa.jpg?aki_policy=large"", ""https://a0.muscache.com/im/pictures/ab1c0f9e-fa76-4eb7-9e55-de8be9d9d658.jpg?aki_policy=large"", ""https://a0.muscache.com/im/pictures/51d218b0-0fee-4801-9396-03273c403eb2.jpg?aki_policy=large"", ""https://a0.muscache.com/im/pictures/d3d5d44f-ee29-41bc-8dc1-dea883c19f4b.jpg?aki_policy=large"", ""https://a0.muscache.com/im/pictures/c17a4431-57e8-4a66-bff9-254aa05e212c.jpg?aki_policy=large"", ""https://a0.muscache.com/im/pictures/4e815a18-ddb3-44a8-935a-2e50c2dd2917.jpg?aki_policy=large"", ""https://a0.muscache.com/im/pictures/6f8c881a-1914-432b-b739-f27caaa77d2f.jpg?aki_policy=large"", ""https://a0.muscache.com/im/pictures/6396839c-9852-4d01-8f0c-e47075af9c30.jpg?aki_policy=large"", ""https://a0.muscache.com/im/pictures/138a2836-e027-4e85-a90d-963f857af73b.jpg?aki_policy=large"", ""https://a0.muscache.com/im/pictures/2d1afb1e-4f52-4271-8ab6-c10b8e0547ac.jpg?aki_policy=large"", ""https://a0.muscache.com/im/pictures/f1fd9c35-f055-4a35-b4e0-2f837e8ff189.jpg?aki_policy=large"", ""https://a0.muscache.com/im/pictures/719616a0-1fc4-4ba7-b2f1-60294fd5c96a.jpg?aki_policy=large"", ""https://a0.muscache.com/im/pictures/f631deba-1be0-4e15-82b8-4c5fad9bcd98.jpg?aki_policy=large"", ""https://a0.muscache.com/im/pictures/a8440dca-d2d1-4196-9c1c-26b2fdcc122b.jpg?aki_policy=large"", ""https://a0.muscache.com/im/pictures/250144a4-5d21-4b28-9f4c-715f52ef99d8.jpg?aki_policy=large"", ""https://a0.muscache.com/im/pictures/d42c8afc-aa1e-4ae9-94c1-5388a346767b.jpg?aki_policy=large"", ""https://a0.muscache.com/im/pictures/9800cc56-b920-4edb-abb0-9a9a1cc7aa8f.jpg?aki_policy=large"", ""https://a0.muscache.com/im/pictures/25d15d22-f22c-46c7-a702-6c72bb0d029a.jpg?aki_policy=large"", ""https://a0.muscache.com/im/pictures/c0f5d369-db73-41f9-b490-b73662d9a1d7.jpg?aki_policy=large"", ""https://a0.muscache.com/im/pictures/d2ee44a1-9a95-4e89-9fb5-1c27ba005aba.jpg?aki_policy=large"", ""https://a0.muscache.com/im/pictures/b915a9d0-53ee-4335-a3cc-54b2dfe656f3.jpg?aki_policy=large"", ""https://a0.muscache.com/im/pictures/4c63318d-d716-4f4e-b7cb-04d604a28e2a.jpg?aki_policy=large"", ""https://a0.muscache.com/im/pictures/a56460e9-1bc9-45e6-8dac-70f80918791c.jpg?aki_policy=large"", ""https://a0.muscache.com/im/pictures/b39b1812-c28b-403e-bd47-576de9a8bedc.jpg?aki_policy=large"", ""https://a0.muscache.com/im/pictures/fa6cbc2f-40c7-49b8-8b80-b0f68fe87b3c.jpg?aki_policy=large"", ""https://a0.muscache.com/im/pictures/3c37476f-1db5-4c87-b45a-7097e1d4c9d6.jpg?aki_policy=large"", ""https://a0.muscache.com/im/pictures/0f24ef11-703c-4439-b0ae-91e968afe6e2.jpg?aki_policy=large""]";"{""beds"": 2, ""bedrooms"": 0, ""bathrooms"": 1.0, ""amenity_ids"": [1, 33, 129, 2, 34, 3, 35, 4, 36, 103, 8, 40, 104, 41, 43, 44, 45, 77, 46, 47, 30, 31], ""is_rebookable"": false, ""is_new_listing"": false, ""is_fully_refundable"": true, ""is_host_highly_rated"": true, ""is_business_travel_ready"": false}";"{""weekly_factor"": 0.85, ""monthly_factor"": 0.75}";1472;"";"{""is_superhost"": false}"
15954352;Central charming flat in the heart of Paris;entire_home;Paris;Opéra - Grands Boulevards;48.8732465812;2.35192476158;4;"[""https://a0.muscache.com/im/pictures/25c8ec33-d784-4aba-be3a-86994ede8dfc.jpg?aki_policy=large"", ""https://a0.muscache.com/im/pictures/725d88c5-3983-4921-8f92-7005ceae89ed.jpg?aki_policy=large"", ""https://a0.muscache.com/im/pictures/66cab17b-3bd6-4cca-8c97-4874c5f85d36.jpg?aki_policy=large"", ""https://a0.muscache.com/im/pictures/5ae0cb6c-3a86-4112-84bd-4707980d5f12.jpg?aki_policy=large"", ""https://a0.muscache.com/im/pictures/d654f3fa-2f45-4925-86aa-2280fc595993.jpg?aki_policy=large"", ""https://a0.muscache.com/im/pictures/b3e6cbc9-688e-404e-ab2e-436fd9be8eb7.jpg?aki_policy=large"", ""https://a0.muscache.com/im/pictures/4e78935c-7c63-4603-8f1a-0924f53dd7a5.jpg?aki_policy=large"", ""https://a0.muscache.com/im/pictures/fd28db94-0372-448f-9c81-145eada48eb0.jpg?aki_policy=large"", ""https://a0.muscache.com/im/pictures/e54a6245-2da3-47d7-890f-d744a2732ca3.jpg?aki_policy=large"", ""https://a0.muscache.com/im/pictures/fb2b9ed9-d5dc-4103-a564-a541d6bb41d8.jpg?aki_policy=large"", ""https://a0.muscache.com/im/pictures/2ac8702c-bec6-4a25-8706-82969736402e.jpg?aki_policy=large"", ""https://a0.muscache.com/im/pictures/15adcd1c-1f2c-4a8f-8136-742dff30c0e7.jpg?aki_policy=large"", ""https://a0.muscache.com/im/pictures/7bfa80d6-b758-403c-9e09-b8c35f8331aa.jpg?aki_policy=large"", ""https://a0.muscache.com/im/pictures/941a498f-20ac-48ff-9f05-4fbe4f27128c.jpg?aki_policy=large"", ""https://a0.muscache.com/im/pictures/13705c07-4533-4bcd-b0d7-14d9b6fa0635.jpg?aki_policy=large"", ""https://a0.muscache.com/im/pictures/ba36018f-b058-40dd-bc2c-5eab0716b254.jpg?aki_policy=large"", ""https://a0.muscache.com/im/pictures/56264255-c403-42d2-9ddc-92b519e16669.jpg?aki_policy=large""]";"{""beds"": 2, ""bedrooms"": 0, ""bathrooms"": 1.0, ""amenity_ids"": [32, 33, 3, 35, 131, 4, 39, 103, 8, 40, 41, 10, 43, 44, 45, 77, 46, 47, 50, 30, 31], ""is_rebookable"": false, ""is_new_listing"": false, ""is_fully_refundable"": true, ""is_host_highly_rated"": false, ""is_business_travel_ready"": false}";"{""weekly_factor"": 1.0, ""monthly_factor"": 1.0}";1242;"";"{""is_superhost"": false}"
15963836;Hôtel de Castiglione 4* -  Chambre Prestige;private_room;Paris;Madeleine - Vendôme;48.869175;2.320581;2;"[""https://a0.muscache.com/im/pictures/0ef5add1-400c-4d13-ad7e-eed2d9e8e475.jpg?aki_policy=large"", ""https://a0.muscache.com/im/pictures/98295dc9-9144-4c50-bd43-3f874aa9167b.jpg?aki_policy=large"", ""https://a0.muscache.com/im/pictures/28edd925-4694-454c-b93d-f771c5746744.jpg?aki_policy=large"", ""https://a0.muscache.com/im/pictures/8b3ad6fb-87db-456c-84bd-69ce9cee177b.jpg?aki_policy=large"", ""https://a0.muscache.com/im/pictures/230e46a4-bac8-47af-a38b-54a68d971776.jpg?aki_policy=large"", ""https://a0.muscache.com/im/pictures/4223e104-dea0-4700-9ba4-7a20d9ddc3c8.jpg?aki_policy=large"", ""https://a0.muscache.com/im/pictures/bd041f0d-1200-43d8-9a99-f019db708acc.jpg?aki_policy=large"", ""https://a0.muscache.com/im/pictures/bcb9d7e2-1c86-4c0b-b2de-b07694170874.jpg?aki_policy=large"", ""https://a0.muscache.com/im/pictures/86dfbb6b-674b-4a64-986f-f3c4f290981c.jpg?aki_policy=large"", ""https://a0.muscache.com/im/pictures/2271097a-7756-419d-90fa-fe3f880986ae.jpg?aki_policy=large""]";"{""beds"": 1, ""bedrooms"": 1, ""bathrooms"": 1.0, ""amenity_ids"": [64, 128, 1, 4, 5, 71, 72, 73, 10, 11, 77, 16, 21, 85, 86, 30, 31, 33, 34, 35, 37, 38, 39, 103, 40, 104, 296, 41, 42, 43, 107, 44, 45, 109, 46, 110, 47, 111, 112, 113, 51, 116, 55, 61, 127], ""is_rebookable"": false, ""is_new_listing"": false, ""is_fully_refundable"": true, ""is_host_highly_rated"": false, ""is_business_travel_ready"": false}";"{""weekly_factor"": 1.0, ""monthly_factor"": 1.0}";950;"";"{""is_superhost"": false}"
15982715;Appartement cosy, plein coeur de Paris, Place Répu;entire_home;Paris;République;48.8696952018;2.36020687527;2;"[""https://a0.muscache.com/im/pictures/5f56cad5-2494-4f3f-a3aa-79c2318606ef.jpg?aki_policy=large"", ""https://a0.muscache.com/im/pictures/e3ad70d4-9f33-408f-87e8-863d73559274.jpg?aki_policy=large"", ""https://a0.muscache.com/im/pictures/b8650876-fdee-44b7-a56e-3191deae26bd.jpg?aki_policy=large"", ""https://a0.muscache.com/im/pictures/ee843ad9-241e-4a25-b88f-e9c7181c71da.jpg?aki_policy=large"", ""https://a0.muscache.com/im/pictures/32e4fde2-d69e-4ecf-8cde-4393dc3ccedb.jpg?aki_policy=large"", ""https://a0.muscache.com/im/pictures/6074be77-84fb-4136-9c60-925cb82383c0.jpg?aki_policy=large"", ""https://a0.muscache.com/im/pictures/51eee8dd-fd37-4835-be22-ac75560f2cbd.jpg?aki_policy=large"", ""https://a0.muscache.com/im/pictures/e0403f96-330e-479e-903a-edac7ec25d8b.jpg?aki_policy=large"", ""https://a0.muscache.com/im/pictures/1eb79a50-0f8c-41e1-b3d7-c41f1a281ee3.jpg?aki_policy=large""]";"{""beds"": 1, ""bedrooms"": 1, ""bathrooms"": 1.0, ""amenity_ids"": [96, 33, 34, 35, 4, 36, 8, 40, 41, 42, 45, 77, 46, 49, 50, 85, 86, 90, 91, 93, 30, 94], ""is_rebookable"": false, ""is_new_listing"": false, ""is_fully_refundable"": true, ""is_host_highly_rated"": false, ""is_business_travel_ready"": false}";"{""weekly_factor"": 1.0, ""monthly_factor"": 1.0}";5311;"";"{""is_superhost"": false}"
15983788;Studio confortable et son Lit Futon;entire_home;Paris;Gare du Nord - Gare de I'Est;48.8749361527;2.34717884559;2;"[""https://a0.muscache.com/im/pictures/4fe8bae2-39de-4873-85cf-6b057c5ff1c8.jpg?aki_policy=large"", ""https://a0.muscache.com/im/pictures/2ba30754-0c90-4ab1-ac69-32d189591675.jpg?aki_policy=large"", ""https://a0.muscache.com/im/pictures/1cb6cacf-e40c-4276-a1d1-b200437adc59.jpg?aki_policy=large"", ""https://a0.muscache.com/im/pictures/db20a3a9-c4eb-476b-a59d-72b73999e66d.jpg?aki_policy=large""]";"{""beds"": 1, ""bedrooms"": 1, ""bathrooms"": 1.0, ""amenity_ids"": [33, 129, 35, 4, 39, 8, 40, 41, 10, 45, 77, 49, 50, 21, 57, 28, 61, 30], ""is_rebookable"": false, ""is_new_listing"": false, ""is_fully_refundable"": true, ""is_host_highly_rated"": false, ""is_business_travel_ready"": false}";"{""weekly_factor"": 0.9, ""monthly_factor"": 0.8}";6046;"";"{""is_superhost"": false}"
16021853;STUDIO AU COEUR DE PARIS PROXIMITE MARAIS;entire_home;Paris;11e arrondissement;48.8636009876;2.37855454739;2;"[""https://a0.muscache.com/im/pictures/b2e9d1a0-386b-4cf7-8b74-eb447ae05477.jpg?aki_policy=large"", ""https://a0.muscache.com/im/pictures/efe2f711-6706-4039-9852-78750cf3d932.jpg?aki_policy=large"", ""https://a0.muscache.com/im/pictures/ea416a1f-9452-4b25-b9a1-589355fd0b53.jpg?aki_policy=large"", ""https://a0.muscache.com/im/pictures/710d5ab5-9a43-4349-819e-4c33a52ecaaf.jpg?aki_policy=large"", ""https://a0.muscache.com/im/pictures/01732b0b-7521-4fac-bf8a-7ca32258606c.jpg?aki_policy=large"", ""https://a0.muscache.com/im/pictures/23b7c619-c01c-4275-8668-0433a6734374.jpg?aki_policy=large""]";"{""beds"": 1, ""bedrooms"": 0, ""bathrooms"": 1.0, ""amenity_ids"": [1, 35, 4, 36, 21, 40, 11, 12, 44, 30], ""is_rebookable"": false, ""is_new_listing"": false, ""is_fully_refundable"": true, ""is_host_highly_rated"": false, ""is_business_travel_ready"": false}";"{""weekly_factor"": 0.9, ""monthly_factor"": 0.85}";3410;"";"{""is_superhost"": false}"
28581819;Magnifique studio moderne et lumineux à Dupleix;entire_home;Paris;Commerce - Dupleix;48.8497128791;2.29456766044;1;"[""https://a0.muscache.com/im/pictures/64aa1ef8-00d3-4008-951d-522d4db5e602.jpg?aki_policy=large"", ""https://a0.muscache.com/im/pictures/fd9570b6-1d7a-4cfc-be10-0c2075cf3240.jpg?aki_policy=large"", ""https://a0.muscache.com/im/pictures/78ac7535-37b4-467b-89ea-8868a55361b0.jpg?aki_policy=large"", ""https://a0.muscache.com/im/pictures/30c5962e-ec92-4a00-aff3-f39eb55743eb.jpg?aki_policy=large"", ""https://a0.muscache.com/im/pictures/44bc928c-1e99-4969-ba48-53f2177e2f70.jpg?aki_policy=large"", ""https://a0.muscache.com/im/pictures/f7d8b4a9-551a-422c-9175-8dd9658974fe.jpg?aki_policy=large"", ""https://a0.muscache.com/im/pictures/3669c7ca-8e55-4f87-bafc-fd48e90d33c7.jpg?aki_policy=large"", ""https://a0.muscache.com/im/pictures/9e88d7d8-b9af-4e6e-8a28-14c0c830b5e9.jpg?aki_policy=large"", ""https://a0.muscache.com/im/pictures/747356e0-440e-4b78-9e20-e2cf94f7c837.jpg?aki_policy=large"", ""https://a0.muscache.com/im/pictures/879ccf8b-0f3c-4574-8f59-b9c2ee8ca15c.jpg?aki_policy=large"", ""https://a0.muscache.com/im/pictures/595a20c5-d474-47bc-9669-3ec3c17a4a0d.jpg?aki_policy=large"", ""https://a0.muscache.com/im/pictures/73860c77-4a14-4c28-bdf7-7ab60a10e03a.jpg?aki_policy=large"", ""https://a0.muscache.com/im/pictures/420e3265-fabf-480b-b26c-f912bfb6968a.jpg?aki_policy=large"", ""https://a0.muscache.com/im/pictures/6c28b73e-818f-4e3d-b37e-7d94a4edb086.jpg?aki_policy=large"", ""https://a0.muscache.com/im/pictures/018eebec-9525-4afb-9072-3d0ec82f7c79.jpg?aki_policy=large"", ""https://a0.muscache.com/im/pictures/ab151489-d11d-4b13-b3ba-08319132152d.jpg?aki_policy=large"", ""https://a0.muscache.com/im/pictures/09d67eae-fcf8-4fa5-9b1c-9fa1d8296c92.jpg?aki_policy=large""]";"{""beds"": 1, ""bedrooms"": 0, ""bathrooms"": 1.0, ""amenity_ids"": [96, 35, 8, 40, 41, 44, 77, 47, 51, 85, 54, 57, 91, 93, 30], ""is_rebookable"": false, ""is_new_listing"": true, ""is_fully_refundable"": true, ""is_host_highly_rated"": false, ""is_business_travel_ready"": false}";"{""weekly_factor"": 0.95, ""monthly_factor"": 0.85}";3560;"";"{""is_superhost"": false}"
16049460;Chic & Trendy Loft in Le Marais!;entire_home;Paris;Le Marais;48.861816;2.36095;2;"[""https://a0.muscache.com/im/pictures/3fd6d374-09df-40d7-8c90-97791e0877ba.jpg?aki_policy=large"", ""https://a0.muscache.com/im/pictures/0479b64f-1194-4629-90fc-2f139c426f64.jpg?aki_policy=large"", ""https://a0.muscache.com/im/pictures/4b58cbbf-9005-4a0d-a168-a94ab50d940a.jpg?aki_policy=large"", ""https://a0.muscache.com/im/pictures/41f93ebd-db36-42aa-bfeb-490554143b3f.jpg?aki_policy=large"", ""https://a0.muscache.com/im/pictures/91ecb8a1-729e-4f10-8f05-e3f16cd2f2b1.jpg?aki_policy=large"", ""https://a0.muscache.com/im/pictures/9f5e927b-48dd-4f17-af03-235195af1e93.jpg?aki_policy=large"", ""https://a0.muscache.com/im/pictures/a7b9bdea-6753-4971-a033-c0252da68684.jpg?aki_policy=large"", ""https://a0.muscache.com/im/pictures/125c79cb-2b25-41a3-9bde-a88780793698.jpg?aki_policy=large"", ""https://a0.muscache.com/im/pictures/256e2314-4b2c-4237-842a-7035c885e75b.jpg?aki_policy=large"", ""https://a0.muscache.com/im/pictures/b3757d9a-066e-4187-89f8-99945b793997.jpg?aki_policy=large"", ""https://a0.muscache.com/im/pictures/906953dd-76fa-4073-a30f-6f64bb0dc98b.jpg?aki_policy=large"", ""https://a0.muscache.com/im/pictures/79807c3c-8359-4cb8-95bd-bc243dc50388.jpg?aki_policy=large"", ""https://a0.muscache.com/im/pictures/9349a96a-28c1-4dba-a7d8-a272b27cfada.jpg?aki_policy=large"", ""https://a0.muscache.com/im/pictures/142c5723-dc72-4aec-97f6-bb01eec9d769.jpg?aki_policy=large"", ""https://a0.muscache.com/im/pictures/a30d2378-382b-4a44-bbcf-e4394b3d6434.jpg?aki_policy=large""]";"{""beds"": 1, ""bedrooms"": 1, ""bathrooms"": 1.0, ""amenity_ids"": [1, 33, 129, 35, 4, 36, 5, 39, 8, 40, 72, 41, 10, 44, 45, 77, 46, 47, 50, 23, 30, 31], ""is_rebookable"": false, ""is_new_listing"": false, ""is_fully_refundable"": true, ""is_host_highly_rated"": true, ""is_business_travel_ready"": false}";"{""weekly_factor"": 1.0, ""monthly_factor"": 1.0}";4902;"";"{""is_superhost"": false}"
16053210;Lovely Appartment near Opera;entire_home;Paris;Pigalle - Saint-Georges;48.8753671759;2.33951037308;4;"[""https://a0.muscache.com/im/pictures/eae90c00-d988-44ab-8aca-91aa6bcc03f3.jpg?aki_policy=large"", ""https://a0.muscache.com/im/pictures/4fcb8ed4-d2d3-4160-af49-bcc16a93201f.jpg?aki_policy=large"", ""https://a0.muscache.com/im/pictures/2f75cd5d-8556-4269-9221-105bb9a68cb3.jpg?aki_policy=large"", ""https://a0.muscache.com/im/pictures/c68b9f31-64ca-48a1-8174-3117c362f01a.jpg?aki_policy=large"", ""https://a0.muscache.com/im/pictures/4717ba69-9241-466d-8236-661bd39b2ed6.jpg?aki_policy=large"", ""https://a0.muscache.com/im/pictures/2742509b-a20a-4795-a9e4-9a00b21bef8a.jpg?aki_policy=large"", ""https://a0.muscache.com/im/pictures/5159191b-31e1-4e04-851e-13ae35be85f3.jpg?aki_policy=large"", ""https://a0.muscache.com/im/pictures/14ff6a58-6ba8-4c60-8651-8d8628b288f2.jpg?aki_policy=large"", ""https://a0.muscache.com/im/pictures/7efaacb8-1a7a-42ab-a889-893b25f17d78.jpg?aki_policy=large"", ""https://a0.muscache.com/im/pictures/1aa0c5f4-669f-4b42-a629-a3449207a95f.jpg?aki_policy=large"", ""https://a0.muscache.com/im/pictures/b4c2cf8a-6ff0-44de-80f9-b985358ae38f.jpg?aki_policy=large"", ""https://a0.muscache.com/im/pictures/f1c62c06-12a7-4b0a-b043-1763d941ad77.jpg?aki_policy=large""]";"{""beds"": 2, ""bedrooms"": 2, ""bathrooms"": 1.0, ""amenity_ids"": [1, 2, 4, 8, 77, 21, 85, 86, 87, 89, 90, 91, 93, 30, 94, 95, 96, 33, 35, 103, 40, 104, 41, 42, 44, 45, 46, 47, 49, 50, 61], ""is_rebookable"": false, ""is_new_listing"": false, ""is_fully_refundable"": true, ""is_host_highly_rated"": true, ""is_business_travel_ready"": false}";"{""weekly_factor"": 1.0, ""monthly_factor"": 1.0}";6532;"";"{""is_superhost"": false}"
16112784;Appartement 32m carré;entire_home;Paris;10e arrondissement;48.8732026749;2.37189042452;2;"[""https://a0.muscache.com/im/pictures/06162e5c-0816-45cc-a0b5-f34b5d7c2e3b.jpg?aki_policy=large"", ""https://a0.muscache.com/im/pictures/083d0720-d734-49bf-93ef-8e41620e15fd.jpg?aki_policy=large"", ""https://a0.muscache.com/im/pictures/722cd161-5115-4059-aefb-1b2bb5611a2d.jpg?aki_policy=large"", ""https://a0.muscache.com/im/pictures/eebf0f70-f1be-46d6-bc89-6f3920ff8bfd.jpg?aki_policy=large"", ""https://a0.muscache.com/im/pictures/4cb41f91-7b84-4a2d-aae1-b3ef8e92616e.jpg?aki_policy=large"", ""https://a0.muscache.com/im/pictures/d88c2af3-eac9-425a-afbd-06bbf71d8348.jpg?aki_policy=large"", ""https://a0.muscache.com/im/pictures/9396624c-0624-4e65-81fd-5b3baedeb9b9.jpg?aki_policy=large"", ""https://a0.muscache.com/im/pictures/9a797a70-05bd-4ec3-b3b4-0f0ccc410505.jpg?aki_policy=large"", ""https://a0.muscache.com/im/pictures/7500079a-863f-420e-ad6d-9ccfde7156e5.jpg?aki_policy=large"", ""https://a0.muscache.com/im/pictures/9888e6f4-a299-4e28-b86d-84c75c851d9c.jpg?aki_policy=large"", ""https://a0.muscache.com/im/pictures/db108d9f-6b9a-41a2-913c-8bc04e258794.jpg?aki_policy=large"", ""https://a0.muscache.com/im/pictures/306323a1-f246-430d-90d6-ab1641593686.jpg?aki_policy=large"", ""https://a0.muscache.com/im/pictures/ebe21e2d-5998-4aa1-88ba-d9430372d0e2.jpg?aki_policy=large""]";"{""beds"": 1, ""bedrooms"": 1, ""bathrooms"": 1.0, ""amenity_ids"": [1, 4, 5, 8, 77, 21, 85, 86, 87, 88, 90, 91, 93, 30, 94, 95, 96, 33, 34, 35, 37, 40, 104, 41, 46, 47, 49, 50, 51, 55], ""is_rebookable"": false, ""is_new_listing"": false, ""is_fully_refundable"": true, ""is_host_highly_rated"": false, ""is_business_travel_ready"": false}";"{""weekly_factor"": 0.9, ""monthly_factor"": 1.0}";1315;"";"{""is_superhost"": false}"
16128371;The heart of Le Marais! Bright&Calm 1BD flat, 41m2;entire_home;Paris;Le Marais;48.8644411025;2.35618317618;4;"[""https://a0.muscache.com/im/pictures/c6c1c6c0-8f18-46c1-95a6-1f780e895534.jpg?aki_policy=large"", ""https://a0.muscache.com/im/pictures/309aa637-18fb-491e-85a5-9bba12a95328.jpg?aki_policy=large"", ""https://a0.muscache.com/im/pictures/4c0a9488-b788-4abf-bfaf-57cf342360d3.jpg?aki_policy=large"", ""https://a0.muscache.com/im/pictures/c2d6c35c-b8a0-4cf6-9400-a68413ce39f6.jpg?aki_policy=large"", ""https://a0.muscache.com/im/pictures/cdf7ab14-5b06-49ed-9700-984b4e563b6a.jpg?aki_policy=large"", ""https://a0.muscache.com/im/pictures/82c69bf0-ccd0-4aac-83cd-b640901f304b.jpg?aki_policy=large"", ""https://a0.muscache.com/im/pictures/ba8e57f7-7693-41d0-ac10-053eda0657e3.jpg?aki_policy=large"", ""https://a0.muscache.com/im/pictures/b9f21ab9-dd57-4105-98f3-a88f62ab6d2e.jpg?aki_policy=large"", ""https://a0.muscache.com/im/pictures/83b58f83-20ac-4c1b-adb4-22e46b9c7e09.jpg?aki_policy=large"", ""https://a0.muscache.com/im/pictures/00f7c7d2-14a2-4f41-bd0f-461f61345f45.jpg?aki_policy=large"", ""https://a0.muscache.com/im/pictures/597d416c-ffbe-41da-b924-f4e0960e14f4.jpg?aki_policy=large"", ""https://a0.muscache.com/im/pictures/6278c29d-4935-41b9-acbb-4451ad47b1dc.jpg?aki_policy=large"", ""https://a0.muscache.com/im/pictures/2ae26f1a-8469-46c7-95f0-af9543dda522.jpg?aki_policy=large"", ""https://a0.muscache.com/im/pictures/de63aee6-9cc8-409a-b23f-9e01537bc214.jpg?aki_policy=large"", ""https://a0.muscache.com/im/pictures/53004078-8a7b-4468-a5c8-1ba150946846.jpg?aki_policy=large"", ""https://a0.muscache.com/im/pictures/7ee79aa7-a8d5-473e-88bd-280a3ea8fa1a.jpg?aki_policy=large"", ""https://a0.muscache.com/im/pictures/1411946b-dc60-46d9-b5e2-0cfcb7452167.jpg?aki_policy=large"", ""https://a0.muscache.com/im/pictures/d730d760-981b-4ff6-a646-0afa7dee78e1.jpg?aki_policy=large"", ""https://a0.muscache.com/im/pictures/be073696-e61d-4307-9fbe-0595f9304f76.jpg?aki_policy=large"", ""https://a0.muscache.com/im/pictures/5a1946f3-fb74-49b9-86da-2bcdd27304f0.jpg?aki_policy=large"", ""https://a0.muscache.com/im/pictures/c636540d-15cb-43d7-8168-1713b9ddcda7.jpg?aki_policy=large""]";"{""beds"": 2, ""bedrooms"": 1, ""bathrooms"": 1.0, ""amenity_ids"": [34, 3, 4, 8, 40, 41, 11, 45, 46, 47, 50, 61, 30, 31], ""is_rebookable"": false, ""is_new_listing"": false, ""is_fully_refundable"": true, ""is_host_highly_rated"": true, ""is_business_travel_ready"": false}";"{""weekly_factor"": 0.82, ""monthly_factor"": 0.7}";5111;"";"{""is_superhost"": true}"
16241256;High standing place near Marais;entire_home;Paris;4e arrondissement;48.8492823063;2.36360613251;3;"[""https://a0.muscache.com/im/pictures/8804db6e-be2f-41e3-add5-4f3005c5f478.jpg?aki_policy=large"", ""https://a0.muscache.com/im/pictures/72ea8f5a-974f-4d1d-8eab-fe3ba2ad7461.jpg?aki_policy=large"", ""https://a0.muscache.com/im/pictures/d33c73ff-d919-4b88-ab89-2e55cd501a20.jpg?aki_policy=large"", ""https://a0.muscache.com/im/pictures/c5f4042c-15bb-4ae5-bf96-ac9213603025.jpg?aki_policy=large"", ""https://a0.muscache.com/im/pictures/e1c3fe2c-379b-48fc-bad7-bd75371aca15.jpg?aki_policy=large"", ""https://a0.muscache.com/im/pictures/88ab881c-2a67-4d13-a4ec-87d03a505837.jpg?aki_policy=large"", ""https://a0.muscache.com/im/pictures/91536da2-81f0-4ef4-a1cb-e7600964f01e.jpg?aki_policy=large"", ""https://a0.muscache.com/im/pictures/007671a2-f94c-4550-a209-92b4927fbfe3.jpg?aki_policy=large"", ""https://a0.muscache.com/im/pictures/5c424b1f-7389-4825-8522-1f0d073af3fb.jpg?aki_policy=large""]";"{""beds"": 2, ""bedrooms"": 2, ""bathrooms"": 2.0, ""amenity_ids"": [1, 33, 49, 3, 4, 5, 21, 8, 40, 41, 30], ""is_rebookable"": false, ""is_new_listing"": false, ""is_fully_refundable"": true, ""is_host_highly_rated"": true, ""is_business_travel_ready"": false}";"{""weekly_factor"": 1.0, ""monthly_factor"": 1.0}";6273;"";"{""is_superhost"": false}"
16297346;SoChic Suite 2 chambres Monceau Villiers;entire_home;Paris;Monceau;48.8802885658;2.31332212023;6;"[""https://a0.muscache.com/im/pictures/160d8911-e214-4324-851a-986b9145202f.jpg?aki_policy=large"", ""https://a0.muscache.com/im/pictures/7112d701-685f-409c-bc37-1f556665c9c3.jpg?aki_policy=large"", ""https://a0.muscache.com/im/pictures/48343290-6828-4a79-a659-15eabc9cbda8.jpg?aki_policy=large"", ""https://a0.muscache.com/im/pictures/f2f03b50-7bbe-4a99-981a-ecce1656e59a.jpg?aki_policy=large"", ""https://a0.muscache.com/im/pictures/2c159e9c-e4b9-4b3c-bd6b-755d6ba9ef63.jpg?aki_policy=large"", ""https://a0.muscache.com/im/pictures/e1048c60-e941-4561-8e95-584390485551.jpg?aki_policy=large"", ""https://a0.muscache.com/im/pictures/fe2dde67-df0d-45e5-b6a9-16fa8daca70c.jpg?aki_policy=large"", ""https://a0.muscache.com/im/pictures/170fc564-e47d-4de8-8414-02d2804b6a96.jpg?aki_policy=large"", ""https://a0.muscache.com/im/pictures/49cb0412-5b6e-42a2-afaf-cce6dac96f28.jpg?aki_policy=large"", ""https://a0.muscache.com/im/pictures/c8b7b376-ae0f-4a3f-8b50-f3ed63ad1c1a.jpg?aki_policy=large"", ""https://a0.muscache.com/im/pictures/9b5d6df0-6fac-464c-bb02-f10bb3e6ed40.jpg?aki_policy=large"", ""https://a0.muscache.com/im/pictures/c93bf428-fc6c-424c-ad5d-5b18bf086b1a.jpg?aki_policy=large"", ""https://a0.muscache.com/im/pictures/d94cb1fa-1a28-4ee0-ba28-07f2d5cd3960.jpg?aki_policy=large"", ""https://a0.muscache.com/im/pictures/d126de46-1fa8-4e2f-af99-3185cc99547b.jpg?aki_policy=large""]";"{""beds"": 4, ""bedrooms"": 2, ""bathrooms"": 1.0, ""amenity_ids"": [1, 129, 2, 3, 4, 8, 72, 10, 77, 85, 87, 89, 90, 27, 91, 92, 93, 30, 94, 31, 95, 96, 33, 34, 35, 36, 40, 104, 41, 44, 45, 46, 47], ""is_rebookable"": false, ""is_new_listing"": false, ""is_fully_refundable"": true, ""is_host_highly_rated"": true, ""is_business_travel_ready"": false}";"{""weekly_factor"": 0.93, ""monthly_factor"": 0.5}";7837;"";"{""is_superhost"": false}"
16309255;One bedroom apartment Miromesnil area Paris 8;entire_home;Paris;Madeleine - Vendôme;48.8730785798;2.31645924101;4;"[""https://a0.muscache.com/im/pictures/416bbea1-8763-45cc-a976-e333b8dd93d3.jpg?aki_policy=large"", ""https://a0.muscache.com/im/pictures/425b83a9-4664-4da4-b7c6-76d9fc73793c.jpg?aki_policy=large"", ""https://a0.muscache.com/im/pictures/9ed341c7-f6c0-4740-8474-b66a23f62e70.jpg?aki_policy=large"", ""https://a0.muscache.com/im/pictures/9925306a-4ff0-4665-b3b0-e72b4f1105da.jpg?aki_policy=large"", ""https://a0.muscache.com/im/pictures/7ec60cc5-ba14-422b-a879-c72eb2cb4f97.jpg?aki_policy=large"", ""https://a0.muscache.com/im/pictures/0a1cf53c-7df1-4bab-9e22-f6d96930839b.jpg?aki_policy=large"", ""https://a0.muscache.com/im/pictures/89b94f6e-5329-4535-aaae-17f96a7f164d.jpg?aki_policy=large"", ""https://a0.muscache.com/im/pictures/a055f00f-b6c0-4e64-bf3f-5d9f14e887af.jpg?aki_policy=large"", ""https://a0.muscache.com/im/pictures/798ee632-6cc6-4958-9a9a-b36e99f22a13.jpg?aki_policy=large"", ""https://a0.muscache.com/im/pictures/24e0c126-5077-4279-85cd-89667937f53d.jpg?aki_policy=large"", ""https://a0.muscache.com/im/pictures/f6589cba-bc69-481f-a26c-e50e8a3fbcf9.jpg?aki_policy=large"", ""https://a0.muscache.com/im/pictures/440fd0cd-3c71-4027-ab68-945815196a93.jpg?aki_policy=large"", ""https://a0.muscache.com/im/pictures/6ed64f20-39cd-4d92-97f6-6b0e1c1226fb.jpg?aki_policy=large"", ""https://a0.muscache.com/im/pictures/e7f1f91f-58ec-4355-9e3c-e2c9c7b477cb.jpg?aki_policy=large"", ""https://a0.muscache.com/im/pictures/ce37dd93-0277-46b1-b8f9-75131ba26499.jpg?aki_policy=large"", ""https://a0.muscache.com/im/pictures/6ed8ae82-3aab-4f79-b34c-9f80010b3df2.jpg?aki_policy=large"", ""https://a0.muscache.com/im/pictures/acc67967-bd9a-40bf-8130-c07c8e07a48d.jpg?aki_policy=large"", ""https://a0.muscache.com/im/pictures/7c346513-8699-4d0e-9a21-d9b7529ae5b3.jpg?aki_policy=large"", ""https://a0.muscache.com/im/pictures/593c2765-1d2f-4d09-ad08-35e019e275cf.jpg?aki_policy=large"", ""https://a0.muscache.com/im/pictures/3a522f8b-1a06-4f45-8a0b-8d150fecddff.jpg?aki_policy=large"", ""https://a0.muscache.com/im/pictures/b00c4cb2-bb6e-4e07-bc55-e1da85d2965b.jpg?aki_policy=large"", ""https://a0.muscache.com/im/pictures/e90291ad-df80-4b00-a60f-58dbda2b2b05.jpg?aki_policy=large""]";"{""beds"": 2, ""bedrooms"": 1, ""bathrooms"": 1.5, ""amenity_ids"": [1, 129, 2, 3, 4, 71, 8, 77, 21, 85, 86, 87, 89, 90, 91, 92, 93, 30, 94, 31, 96, 33, 35, 103, 40, 41, 43, 44, 45, 46, 47, 61], ""is_rebookable"": false, ""is_new_listing"": false, ""is_fully_refundable"": true, ""is_host_highly_rated"": true, ""is_business_travel_ready"": false}";"{""weekly_factor"": 0.8, ""monthly_factor"": 0.55}";3625;"";"{""is_superhost"": false}"
16334459;Charming & Cosy Parisian Flat in Montorgueil !!!;entire_home;Paris;Châtelet - Les Halles - Beaubourg;48.866711;2.345677;4;"[""https://a0.muscache.com/im/pictures/bc033a36-e266-4553-af27-79f97c8230ce.jpg?aki_policy=large"", ""https://a0.muscache.com/im/pictures/dd34977e-af0d-4e6a-bc61-199e571f24da.jpg?aki_policy=large"", ""https://a0.muscache.com/im/pictures/2ae44f6a-1f0b-446e-9e3a-5f92175983bb.jpg?aki_policy=large"", ""https://a0.muscache.com/im/pictures/6b7d0062-2707-4dc0-9f5e-29eab80cd589.jpg?aki_policy=large"", ""https://a0.muscache.com/im/pictures/4a4538e7-bdb9-4918-8fc3-afd6a6ccb096.jpg?aki_policy=large"", ""https://a0.muscache.com/im/pictures/fc44fdc8-890c-4e5a-a9e8-92eeb32b5131.jpg?aki_policy=large"", ""https://a0.muscache.com/im/pictures/af72c01a-68a2-48f9-9289-69b1cecbc5a4.jpg?aki_policy=large"", ""https://a0.muscache.com/im/pictures/a3ae0e82-87f0-42e9-9bf9-782f3c9f8578.jpg?aki_policy=large"", ""https://a0.muscache.com/im/pictures/90d46937-8877-4ae1-97a9-c92718b2cc72.jpg?aki_policy=large"", ""https://a0.muscache.com/im/pictures/23c991f1-91a2-48f6-bc7e-8d228c3090e8.jpg?aki_policy=large"", ""https://a0.muscache.com/im/pictures/7ba388ef-a624-470e-87dc-5974daa0057d.jpg?aki_policy=large"", ""https://a0.muscache.com/im/pictures/201ea773-a3e1-45ec-8bc4-5c5e3d7cda6e.jpg?aki_policy=large"", ""https://a0.muscache.com/im/pictures/b73c4388-4898-40c3-bc2f-85f98031eb8e.jpg?aki_policy=large""]";"{""beds"": 2, ""bedrooms"": 1, ""bathrooms"": 1.0, ""amenity_ids"": [1, 33, 2, 3, 35, 4, 36, 8, 40, 41, 10, 44, 45, 77, 46, 47, 51, 54, 30, 31], ""is_rebookable"": false, ""is_new_listing"": false, ""is_fully_refundable"": true, ""is_host_highly_rated"": true, ""is_business_travel_ready"": false}";"{""weekly_factor"": 1.0, ""monthly_factor"": 1.0}";4902;"";"{""is_superhost"": false}"
16370598;Grand loft rénové moderne et design - Plein centre;entire_home;Paris;Opéra - Grands Boulevards;48.87038074;2.35279453239;4;"[""https://a0.muscache.com/im/pictures/012a8f2e-0623-4337-8d8a-d38dc921ff97.jpg?aki_policy=large"", ""https://a0.muscache.com/im/pictures/7d4e111c-8010-46e0-adee-160dac095eca.jpg?aki_policy=large"", ""https://a0.muscache.com/im/pictures/6213b358-2bdc-4685-bc5b-bb84b175b234.jpg?aki_policy=large"", ""https://a0.muscache.com/im/pictures/80a82374-0cd8-457d-93d1-4d0766fce23d.jpg?aki_policy=large"", ""https://a0.muscache.com/im/pictures/b0240379-8ea9-421d-ae69-6ae05cd8b0f0.jpg?aki_policy=large"", ""https://a0.muscache.com/im/pictures/d1992053-60a4-4199-ab96-c4afcff549a5.jpg?aki_policy=large"", ""https://a0.muscache.com/im/pictures/47a35805-8270-40ca-bc32-0c97e2e270fd.jpg?aki_policy=large"", ""https://a0.muscache.com/im/pictures/dba81ddf-4bd0-426b-ae06-9f866577ca47.jpg?aki_policy=large"", ""https://a0.muscache.com/im/pictures/4b441255-dbea-4700-a7be-6741a2c28f07.jpg?aki_policy=large"", ""https://a0.muscache.com/im/pictures/5ad9c391-d984-4402-9ba7-d026cf83213b.jpg?aki_policy=large"", ""https://a0.muscache.com/im/pictures/619b3fcb-cb9e-4399-ac87-f8b96524198b.jpg?aki_policy=large"", ""https://a0.muscache.com/im/pictures/c297de3a-24d8-4db6-93a8-2d7ed274ad2f.jpg?aki_policy=large"", ""https://a0.muscache.com/im/pictures/4a700b10-e1e9-4229-ae94-4863fa595832.jpg?aki_policy=large""]";"{""beds"": 2, ""bedrooms"": 1, ""bathrooms"": 1.0, ""amenity_ids"": [35, 4, 36, 8, 40, 41, 44, 30, 31, 47], ""is_rebookable"": false, ""is_new_listing"": false, ""is_fully_refundable"": true, ""is_host_highly_rated"": true, ""is_business_travel_ready"": false}";"{""weekly_factor"": 0.95, ""monthly_factor"": 0.85}";2072;"";"{""is_superhost"": false}"
16379809;Studio Confortable - Proche Tour Eiffel;entire_home;Paris;"";48.846313025;2.29543478753;2;"[""https://a0.muscache.com/im/pictures/f4586804-c46d-470e-9bb2-a0ee93425238.jpg?aki_policy=large"", ""https://a0.muscache.com/im/pictures/01673a29-35c5-4422-b08e-55328ff22a20.jpg?aki_policy=large"", ""https://a0.muscache.com/im/pictures/191bce92-391c-4caf-8c46-b99aad53e184.jpg?aki_policy=large"", ""https://a0.muscache.com/im/pictures/c5e11ce3-f2cb-411e-9662-a7b303cacc9d.jpg?aki_policy=large"", ""https://a0.muscache.com/im/pictures/7e240457-52c3-49e2-899b-c5f4043e6530.jpg?aki_policy=large"", ""https://a0.muscache.com/im/pictures/7c8ff70d-aa33-439e-a7c6-c40186b20a4a.jpg?aki_policy=large"", ""https://a0.muscache.com/im/pictures/95b2bf6b-217b-41af-9dee-9e378a50c4fb.jpg?aki_policy=large"", ""https://a0.muscache.com/im/pictures/e3bf43da-e485-4ef3-9d94-6e08a5a9b775.jpg?aki_policy=large"", ""https://a0.muscache.com/im/pictures/89e68b6b-2b4f-49d4-b6a6-3c76234cf349.jpg?aki_policy=large"", ""https://a0.muscache.com/im/pictures/9b5bff04-6b82-40d4-ad71-1efa14675c83.jpg?aki_policy=large"", ""https://a0.muscache.com/im/pictures/5388804a-2ae6-4e67-815b-821491e591fe.jpg?aki_policy=large"", ""https://a0.muscache.com/im/pictures/16e17e91-a736-4824-8f71-028515385dca.jpg?aki_policy=large"", ""https://a0.muscache.com/im/pictures/9da45fbd-f4e5-4aaf-9c20-396fc7ea601a.jpg?aki_policy=large"", ""https://a0.muscache.com/im/pictures/c078119f-3f27-470c-9d58-2da0dab0a5ee.jpg?aki_policy=large"", ""https://a0.muscache.com/im/pictures/162ef425-d95c-473e-9d9c-69bfa879b936.jpg?aki_policy=large"", ""https://a0.muscache.com/im/pictures/d3296ffa-98f0-4978-9d31-6e4b1c044d03.jpg?aki_policy=large"", ""https://a0.muscache.com/im/pictures/93ae59b0-c3b1-44e3-bc39-8e311cbdc105.jpg?aki_policy=large"", ""https://a0.muscache.com/im/pictures/1ce6e658-7e67-4193-88c8-f40f13c500a6.jpg?aki_policy=large"", ""https://a0.muscache.com/im/pictures/c427cd11-d356-4727-9599-a6a8969c7d66.jpg?aki_policy=large"", ""https://a0.muscache.com/im/pictures/1a1ffcda-bc07-40b1-9719-004c0f033113.jpg?aki_policy=large"", ""https://a0.muscache.com/im/pictures/e0721591-7c5c-4cbb-b16a-b2290653fdc2.jpg?aki_policy=large"", ""https://a0.muscache.com/im/pictures/7f0212f4-380d-4506-9ad0-741e1f2f4d7b.jpg?aki_policy=large""]";"{""beds"": 1, ""bedrooms"": 0, ""bathrooms"": 1.0, ""amenity_ids"": [1, 2, 3, 4, 5, 6, 8, 77, 16, 85, 86, 30, 31, 33, 34, 35, 36, 40, 104, 41, 44, 45, 46, 110, 47, 112, 51, 117, 54, 119], ""is_rebookable"": false, ""is_new_listing"": false, ""is_fully_refundable"": true, ""is_host_highly_rated"": false, ""is_business_travel_ready"": false}";"{""weekly_factor"": 0.85, ""monthly_factor"": 0.8}";1745;"";"{""is_superhost"": false}"
16401270;Cosy Bedroom in Saint Germain des Prés;private_room;Paris;Saint Germain des Prés - Odéon;48.8539611168;2.33123873923;2;"[""https://a0.muscache.com/im/pictures/8314b7a9-18a9-4571-85b4-53e10405bda8.jpg?aki_policy=large"", ""https://a0.muscache.com/im/pictures/4da7aa59-d470-4b12-acef-fd9028079eb8.jpg?aki_policy=large"", ""https://a0.muscache.com/im/pictures/104985bb-4898-42db-bfce-e2dca5dad25c.jpg?aki_policy=large"", ""https://a0.muscache.com/im/pictures/4087b972-5567-4d81-a59a-286ea1e229bc.jpg?aki_policy=large"", ""https://a0.muscache.com/im/pictures/1d0d9523-f7bf-44a0-b7c2-cac5c997549a.jpg?aki_policy=large"", ""https://a0.muscache.com/im/pictures/a17ae3b1-8cb1-4b8f-a39d-fb1430c31706.jpg?aki_policy=large""]";"{""beds"": 1, ""bedrooms"": 1, ""bathrooms"": 1.0, ""amenity_ids"": [3, 131, 4, 8, 77, 89, 90, 91, 93, 30, 94, 95, 96, 33, 35, 36, 37, 39, 103, 40, 43, 44, 45, 46, 49, 50], ""is_rebookable"": false, ""is_new_listing"": false, ""is_fully_refundable"": true, ""is_host_highly_rated"": true, ""is_business_travel_ready"": false}";"{""weekly_factor"": 0.87, ""monthly_factor"": 0.8}";7033;"";"{""is_superhost"": true}"
16445821;★ Studio lumineux canal saint Martin république;entire_home;Paris-11E-Arrondissement;République;48.8690182459;2.37257860934;3;"[""https://a0.muscache.com/im/pictures/d0a6d321-1398-4aa4-bfdf-9d1c5f409c86.jpg?aki_policy=large"", ""https://a0.muscache.com/im/pictures/c31e19ba-3c04-427f-bd64-903ffdf4cfb6.jpg?aki_policy=large"", ""https://a0.muscache.com/im/pictures/f2826cd3-638c-4715-9450-29f5780b09b7.jpg?aki_policy=large"", ""https://a0.muscache.com/im/pictures/ea0d9505-99b1-45b9-8c25-6b35b3eb14ff.jpg?aki_policy=large"", ""https://a0.muscache.com/im/pictures/b70eb684-02da-4998-9271-55a09790967f.jpg?aki_policy=large"", ""https://a0.muscache.com/im/pictures/4cac6cb6-b925-4625-9b8c-5055c689ffd6.jpg?aki_policy=large"", ""https://a0.muscache.com/im/pictures/200110c8-e3b6-4d36-96b3-d08ba555d036.jpg?aki_policy=large"", ""https://a0.muscache.com/im/pictures/7918f578-febe-44d6-bb98-f7fe1334e867.jpg?aki_policy=large"", ""https://a0.muscache.com/im/pictures/4b926ba4-0aae-4537-9699-041070a4f53f.jpg?aki_policy=large"", ""https://a0.muscache.com/im/pictures/c0f6c701-02d1-47df-9509-59d494b80316.jpg?aki_policy=large"", ""https://a0.muscache.com/im/pictures/64d9b30c-6488-44ea-a8e9-5ba7f74b9e69.jpg?aki_policy=large"", ""https://a0.muscache.com/im/pictures/3f858aa3-28cc-45be-8126-fd6aed1078ce.jpg?aki_policy=large"", ""https://a0.muscache.com/im/pictures/25a24513-605e-4bba-8cb4-cbb9eaa6234d.jpg?aki_policy=large""]";"{""beds"": 2, ""bedrooms"": 1, ""bathrooms"": 1.0, ""amenity_ids"": [128, 1, 129, 4, 8, 136, 10, 77, 21, 85, 86, 87, 88, 89, 90, 91, 92, 93, 30, 94, 95, 98, 35, 36, 103, 40, 104, 41, 107, 44, 45, 109, 46, 110, 47, 111, 112, 49, 113, 50, 115, 120, 121, 126, 127], ""is_rebookable"": false, ""is_new_listing"": false, ""is_fully_refundable"": true, ""is_host_highly_rated"": true, ""is_business_travel_ready"": false}";"{""weekly_factor"": 0.95, ""monthly_factor"": 0.62}";7879;"";"{""is_superhost"": true}"
16463871;Echec & Mat, 2Ch/1Sdb, 6 personnes;entire_home;Paris;Le Marais;48.8598179199;2.35456765486;6;"[""https://a0.muscache.com/im/pictures/6962987a-81a0-438f-ac87-ed52f40649a1.jpg?aki_policy=large"", ""https://a0.muscache.com/im/pictures/1cc0a78e-ce0a-491e-ad20-7c9648222f3a.jpg?aki_policy=large"", ""https://a0.muscache.com/im/pictures/f63bee9d-e45e-4b78-8501-6393f33842c1.jpg?aki_policy=large"", ""https://a0.muscache.com/im/pictures/0ec93a2a-301c-4e6c-aec9-f7c01eba715e.jpg?aki_policy=large"", ""https://a0.muscache.com/im/pictures/5380bf5c-5dcb-4415-ab91-d0079b0c802a.jpg?aki_policy=large"", ""https://a0.muscache.com/im/pictures/476ed9c4-317d-4fed-9bef-301de1b2e4a2.jpg?aki_policy=large"", ""https://a0.muscache.com/im/pictures/706fc8c9-356e-49b2-b329-4bb33849dd65.jpg?aki_policy=large"", ""https://a0.muscache.com/im/pictures/efc1f682-29a5-4111-bdd8-be2af240bc6b.jpg?aki_policy=large"", ""https://a0.muscache.com/im/pictures/6278c6cd-583e-4c48-bdef-c543380eb497.jpg?aki_policy=large"", ""https://a0.muscache.com/im/pictures/499a2d77-5f73-438f-82ef-d614629c9f78.jpg?aki_policy=large""]";"{""beds"": 3, ""bedrooms"": 2, ""bathrooms"": 1.0, ""amenity_ids"": [1, 33, 2, 34, 35, 4, 8, 44, 45, 46, 47, 30, 31], ""is_rebookable"": false, ""is_new_listing"": false, ""is_fully_refundable"": true, ""is_host_highly_rated"": true, ""is_business_travel_ready"": false}";"{""weekly_factor"": 0.86, ""monthly_factor"": 0.46}";2388;"";"{""is_superhost"": false}"
16484456;Chambre 1 ou 2 personnes sur Patio;private_room;Paris;Champs-Elysées;48.8755374248;2.29649492708;2;"[""https://a0.muscache.com/im/pictures/7bd6538f-52b6-4f28-a53e-e15a972c8981.jpg?aki_policy=large"", ""https://a0.muscache.com/im/pictures/0c659392-4305-4e33-8ef5-df5da0404923.jpg?aki_policy=large"", ""https://a0.muscache.com/im/pictures/640a2c68-8ffd-49f2-8ae6-0886e1c5a7fa.jpg?aki_policy=large"", ""https://a0.muscache.com/im/pictures/6ce80c29-5844-4c41-8ae2-0f32a48655d6.jpg?aki_policy=large"", ""https://a0.muscache.com/im/pictures/009e7c0c-1898-4780-9d04-a2fd9b9f0c10.jpg?aki_policy=large"", ""https://a0.muscache.com/im/pictures/f40878c1-6e67-4fa7-be18-8d5749fa95f7.jpg?aki_policy=large"", ""https://a0.muscache.com/im/pictures/941b78d6-1a97-4bd3-b090-d0af740ecce6.jpg?aki_policy=large"", ""https://a0.muscache.com/im/pictures/6f3c85d4-6579-45df-a1d9-7d923dd5e370.jpg?aki_policy=large"", ""https://a0.muscache.com/im/pictures/81c71deb-7ae1-4c42-bacc-ad2250f95b30.jpg?aki_policy=large"", ""https://a0.muscache.com/im/pictures/584121ce-1c48-4353-94e9-aa5d736a51b2.jpg?aki_policy=large"", ""https://a0.muscache.com/im/pictures/9cd8497d-71d5-4199-a4bb-9a4d4b626e35.jpg?aki_policy=large"", ""https://a0.muscache.com/im/pictures/3a3d0be1-78d8-41da-8357-85d7d3ed5e46.jpg?aki_policy=large"", ""https://a0.muscache.com/im/pictures/1cbb2fcd-a7b0-4775-93d5-21fd2a12272e.jpg?aki_policy=large"", ""https://a0.muscache.com/im/pictures/d8c683a9-7829-41c6-98ef-3e6c2d061979.jpg?aki_policy=large"", ""https://a0.muscache.com/im/pictures/167f4fa4-4ef4-47ac-a016-1117a72ee6c8.jpg?aki_policy=large"", ""https://a0.muscache.com/im/pictures/da956e55-bc67-4fe0-878d-0a139b47f74d.jpg?aki_policy=large"", ""https://a0.muscache.com/im/pictures/8439badb-2ed7-42e6-a6c8-9890947fe25e.jpg?aki_policy=large""]";"{""beds"": 1, ""bedrooms"": 1, ""bathrooms"": 1.0, ""amenity_ids"": [1, 35, 4, 5, 38, 39, 40, 41, 42, 44, 45, 46, 47, 16, 50, 30, 31], ""is_rebookable"": false, ""is_new_listing"": false, ""is_fully_refundable"": true, ""is_host_highly_rated"": false, ""is_business_travel_ready"": false}";"{""weekly_factor"": 1.0, ""monthly_factor"": 1.0}";5752;"";"{""is_superhost"": false}"
16600568;Studio dans le coeur de Paris;entire_home;Paris;Le Marais;48.8626900923;2.3548338789;2;"[""https://a0.muscache.com/im/pictures/966bd217-37bf-41ae-b391-9638df6c6b2d.jpg?aki_policy=large"", ""https://a0.muscache.com/im/pictures/716cec4b-84a9-431c-89dc-5f6118ede817.jpg?aki_policy=large"", ""https://a0.muscache.com/im/pictures/0d085e45-1bb5-4860-a480-6c3031959bc6.jpg?aki_policy=large"", ""https://a0.muscache.com/im/pictures/d0d9e7ad-9645-4b1f-9b38-52f3d5e0af59.jpg?aki_policy=large"", ""https://a0.muscache.com/im/pictures/0618326d-b89b-48b1-b4fd-87348dff778f.jpg?aki_policy=large"", ""https://a0.muscache.com/im/pictures/d07a2dc3-4b83-405f-acd3-a64c171258db.jpg?aki_policy=large"", ""https://a0.muscache.com/im/pictures/be6b00f3-901d-4adc-b6a7-f82ca6f6c801.jpg?aki_policy=large"", ""https://a0.muscache.com/im/pictures/ea5174ef-254a-491a-a678-2a96625c8e7f.jpg?aki_policy=large"", ""https://a0.muscache.com/im/pictures/60825ea3-ba34-4a0d-af52-e0f364f2e08b.jpg?aki_policy=large"", ""https://a0.muscache.com/im/pictures/6cc8589b-d4bb-4132-8127-44203a9ee465.jpg?aki_policy=large"", ""https://a0.muscache.com/im/pictures/9d18b7dd-87d7-470a-ac2d-070b242fbdc4.jpg?aki_policy=large"", ""https://a0.muscache.com/im/pictures/b0c7d955-0f63-4fff-a1cb-e1ff233a8584.jpg?aki_policy=large"", ""https://a0.muscache.com/im/pictures/8f76e317-8180-4882-83dc-3a3f51f765ec.jpg?aki_policy=large"", ""https://a0.muscache.com/im/pictures/f7e73186-ec51-43be-8ec5-7f8a8891762e.jpg?aki_policy=large"", ""https://a0.muscache.com/im/pictures/2c4f9a27-9fdf-4e46-aab6-3064b1558e56.jpg?aki_policy=large"", ""https://a0.muscache.com/im/pictures/447c5889-eb94-489e-94c9-4caece75cb33.jpg?aki_policy=large"", ""https://a0.muscache.com/im/pictures/6a5683cb-05fb-473d-b64f-258e8fbb29c6.jpg?aki_policy=large""]";"{""beds"": 1, ""bedrooms"": 1, ""bathrooms"": 1.0, ""amenity_ids"": [1, 129, 4, 8, 10, 77, 21, 89, 90, 91, 30, 94, 95, 98, 35, 40, 104, 44, 45, 109, 46, 47, 112, 49, 113, 50, 114], ""is_rebookable"": false, ""is_new_listing"": false, ""is_fully_refundable"": true, ""is_host_highly_rated"": false, ""is_business_travel_ready"": false}";"{""weekly_factor"": 0.9, ""monthly_factor"": 0.75}";6468;"";"{""is_superhost"": false}"
16611790;Marie, 1Ch/1Sdb, 2 personnes;entire_home;Paris;11e arrondissement;48.8502756077;2.3888419249;2;"[""https://a0.muscache.com/im/pictures/1d8dd163-257d-4ee7-8bba-1912594335d8.jpg?aki_policy=large"", ""https://a0.muscache.com/im/pictures/af4e4fee-94e8-43ff-9c86-1293a2c1a248.jpg?aki_policy=large"", ""https://a0.muscache.com/im/pictures/8ee0e001-9785-477d-89af-b54cbd7a7ec8.jpg?aki_policy=large"", ""https://a0.muscache.com/im/pictures/34d6e072-1f9f-4a09-86d5-c29a2b1e5c0c.jpg?aki_policy=large"", ""https://a0.muscache.com/im/pictures/f9e17835-fa77-4427-b533-6c909ac1753e.jpg?aki_policy=large""]";"{""beds"": 1, ""bedrooms"": 1, ""bathrooms"": 1.0, ""amenity_ids"": [1, 33, 2, 35, 4, 8, 44, 45, 30, 46, 31, 47], ""is_rebookable"": false, ""is_new_listing"": false, ""is_fully_refundable"": true, ""is_host_highly_rated"": true, ""is_business_travel_ready"": false}";"{""weekly_factor"": 1.0, ""monthly_factor"": 1.0}";6334;"";"{""is_superhost"": false}"
16613173;Eiffel Tower - Champs Elysees -  Lovely apartment;entire_home;Paris;Passy;48.8624788919;2.28115737741;3;"[""https://a0.muscache.com/im/pictures/18675384-4af0-4eb1-aafd-2894979c7f04.jpg?aki_policy=large"", ""https://a0.muscache.com/im/pictures/f792197a-0a9b-4fba-b6d9-bb9d54161ddd.jpg?aki_policy=large"", ""https://a0.muscache.com/im/pictures/e74420d3-41ee-4958-86fc-d7faa8ee5d40.jpg?aki_policy=large"", ""https://a0.muscache.com/im/pictures/ef2a9d25-3269-4fdb-b393-3a5a168813fe.jpg?aki_policy=large"", ""https://a0.muscache.com/im/pictures/febc7502-7524-48aa-92e0-d2d4e17170ce.jpg?aki_policy=large"", ""https://a0.muscache.com/im/pictures/b190cf93-e792-4977-8f3b-612205be6f70.jpg?aki_policy=large"", ""https://a0.muscache.com/im/pictures/ba2d22be-35f5-40c5-942e-2f61ecb17f39.jpg?aki_policy=large"", ""https://a0.muscache.com/im/pictures/a0b152b6-1062-43c3-935f-c4ee56146a89.jpg?aki_policy=large"", ""https://a0.muscache.com/im/pictures/539dc303-3b28-47fe-84e2-8f621de3a203.jpg?aki_policy=large"", ""https://a0.muscache.com/im/pictures/ba633b06-3064-4728-bcbd-0dde9e2ffc86.jpg?aki_policy=large"", ""https://a0.muscache.com/im/pictures/468f3657-6b40-4d4b-baf9-1c2fc9020a77.jpg?aki_policy=large"", ""https://a0.muscache.com/im/pictures/325e576c-13f0-4818-94dd-324b43db2ff3.jpg?aki_policy=large"", ""https://a0.muscache.com/im/pictures/01f80dc9-e9fa-4fa1-8edd-424348ef7b59.jpg?aki_policy=large"", ""https://a0.muscache.com/im/pictures/7608f477-15e4-4e78-bbb6-d88591c24a05.jpg?aki_policy=large"", ""https://a0.muscache.com/im/pictures/0ba6fdb7-4d06-41ef-af4f-043256c140b0.jpg?aki_policy=large"", ""https://a0.muscache.com/im/pictures/1391747e-19cf-4f07-a308-7d0c18f9faef.jpg?aki_policy=large"", ""https://a0.muscache.com/im/pictures/a2693294-1ada-4acf-b26b-6df722c19243.jpg?aki_policy=large"", ""https://a0.muscache.com/im/pictures/eee48163-35d9-4eb1-ac55-43da9d2b4164.jpg?aki_policy=large"", ""https://a0.muscache.com/im/pictures/34f0b161-1f15-4ee4-9767-b814a3853559.jpg?aki_policy=large"", ""https://a0.muscache.com/im/pictures/a8196aec-921d-462c-b4a1-2d3b68caeb00.jpg?aki_policy=large"", ""https://a0.muscache.com/im/pictures/e8910939-dc6f-4446-8dca-a8c3580a5bb1.jpg?aki_policy=large"", ""https://a0.muscache.com/im/pictures/28a91c9e-76fd-4ba6-b9fa-17b5fcf59aaa.jpg?aki_policy=large"", ""https://a0.muscache.com/im/pictures/d626fd1d-49a0-489c-8773-fc2a0544f503.jpg?aki_policy=large""]";"{""beds"": 1, ""bedrooms"": 1, ""bathrooms"": 1.0, ""amenity_ids"": [1, 3, 4, 6, 8, 10, 77, 21, 89, 90, 91, 93, 30, 94, 31, 287, 33, 98, 40, 42, 43, 44, 45, 47, 57], ""is_rebookable"": false, ""is_new_listing"": false, ""is_fully_refundable"": true, ""is_host_highly_rated"": false, ""is_business_travel_ready"": false}";"{""weekly_factor"": 0.9, ""monthly_factor"": 0.8}";7872;"";"{""is_superhost"": false}"
16644286;Magnifique 2 pièces avec vue sur le Sacré-Coeur;entire_home;Paris;Pigalle - Saint-Georges;48.8800540513;2.34438986127;2;"[""https://a0.muscache.com/im/pictures/c503b373-c692-451b-a6b0-2914a271f9ec.jpg?aki_policy=large"", ""https://a0.muscache.com/im/pictures/1c364936-abc7-4168-921a-80c6c9397d39.jpg?aki_policy=large"", ""https://a0.muscache.com/im/pictures/6cdb7d58-d153-47b1-9525-c8dc0e196cc9.jpg?aki_policy=large"", ""https://a0.muscache.com/im/pictures/8e5e1309-503f-4f50-8cfe-96b19d7545a9.jpg?aki_policy=large"", ""https://a0.muscache.com/im/pictures/d65399c4-a71c-41a5-98cf-df6a7091e07f.jpg?aki_policy=large"", ""https://a0.muscache.com/im/pictures/e2b29469-7e5b-4e9d-bd8d-e2b5dc35b31a.jpg?aki_policy=large"", ""https://a0.muscache.com/im/pictures/54e549a3-d4b2-4d84-b98e-126e5b976949.jpg?aki_policy=large"", ""https://a0.muscache.com/im/pictures/23e0c699-b4ca-4902-8d88-749e697aaea6.jpg?aki_policy=large"", ""https://a0.muscache.com/im/pictures/4ad20b52-6b1c-4b2f-8e2a-7bb75b4fddec.jpg?aki_policy=large"", ""https://a0.muscache.com/im/pictures/65052897-4e7b-475f-92c3-965ba02c8c73.jpg?aki_policy=large"", ""https://a0.muscache.com/im/pictures/800a8959-c0c9-4ae4-b2d6-f24a8e447eb8.jpg?aki_policy=large"", ""https://a0.muscache.com/im/pictures/2d0535da-14e3-4b14-b683-bc323c41a4cb.jpg?aki_policy=large"", ""https://a0.muscache.com/im/pictures/c3b5e235-dcdb-41a4-bc88-f140c838eec8.jpg?aki_policy=large"", ""https://a0.muscache.com/im/pictures/c122eaf8-8106-4d9f-815c-7d1670b12a10.jpg?aki_policy=large"", ""https://a0.muscache.com/im/pictures/340b57e2-c758-4c46-9101-f3dd9ef1fc28.jpg?aki_policy=large""]";"{""beds"": 1, ""bedrooms"": 1, ""bathrooms"": 1.0, ""amenity_ids"": [33, 34, 3, 4, 100, 8, 40, 43, 44, 45, 77, 46, 47, 49, 50, 21, 85, 57, 91, 93, 30], ""is_rebookable"": false, ""is_new_listing"": false, ""is_fully_refundable"": true, ""is_host_highly_rated"": true, ""is_business_travel_ready"": false}";"{""weekly_factor"": 1.0, ""monthly_factor"": 1.0}";2072;"";"{""is_superhost"": false}"
16682383;Studette on Eiffel Tower grounds;entire_home;Paris;Tour Eiffel - Champ de Mars;48.8519041239;2.29923697217;2;"[""https://a0.muscache.com/im/pictures/768f10bd-7c36-4b2c-bc4d-8b636b00ff3e.jpg?aki_policy=large"", ""https://a0.muscache.com/im/pictures/120f57cd-5fae-4c37-8181-9e03e433682d.jpg?aki_policy=large"", ""https://a0.muscache.com/im/pictures/5b9d3199-8c7f-46cc-ad2d-06bfd4ba662f.jpg?aki_policy=large"", ""https://a0.muscache.com/im/pictures/5876c24a-7520-4579-9e51-110f3af99e54.jpg?aki_policy=large"", ""https://a0.muscache.com/im/pictures/a3c00136-ee56-490c-810d-0073a15e38e9.jpg?aki_policy=large"", ""https://a0.muscache.com/im/pictures/284ae883-1043-4de1-829c-e54deb5404c2.jpg?aki_policy=large"", ""https://a0.muscache.com/im/pictures/0800b401-0a85-4858-99f1-08ab86ce263e.jpg?aki_policy=large"", ""https://a0.muscache.com/im/pictures/c83d33e0-1fe0-416e-9a3e-c5d4ccb4d579.jpg?aki_policy=large"", ""https://a0.muscache.com/im/pictures/70cb9d9f-ece9-4f0f-aba0-4ab742b71367.jpg?aki_policy=large"", ""https://a0.muscache.com/im/pictures/2eb9ca99-57dd-4b9c-b1fb-ed6515684bb3.jpg?aki_policy=large""]";"{""beds"": 1, ""bedrooms"": 1, ""bathrooms"": 1.0, ""amenity_ids"": [96, 1, 129, 2, 4, 8, 40, 104, 41, 10, 44, 45, 77, 46, 47, 49, 50, 86, 89, 90, 91, 30, 94], ""is_rebookable"": false, ""is_new_listing"": false, ""is_fully_refundable"": true, ""is_host_highly_rated"": true, ""is_business_travel_ready"": false}";"{""weekly_factor"": 1.0, ""monthly_factor"": 1.0}";7300;"";"{""is_superhost"": false}"
16685084;Apt close to Eiffel Tower and fabulous shopping;entire_home;Paris;Commerce - Dupleix;48.8477059039;2.29801412443;2;"[""https://a0.muscache.com/im/pictures/8bcbfbcf-d05a-435c-aef2-954c7d0584e4.jpg?aki_policy=large"", ""https://a0.muscache.com/im/pictures/1e2add92-1090-4859-8cb8-426e210d6821.jpg?aki_policy=large"", ""https://a0.muscache.com/im/pictures/aa2ff704-b691-4906-86a4-a875881f4561.jpg?aki_policy=large"", ""https://a0.muscache.com/im/pictures/a11de691-9373-4671-b5be-2d97dcc7ad3e.jpg?aki_policy=large"", ""https://a0.muscache.com/im/pictures/55c1d1af-6172-471a-81e9-2c959665e72a.jpg?aki_policy=large"", ""https://a0.muscache.com/im/pictures/d13703bb-0ad6-43ed-9897-8e6cfae10825.jpg?aki_policy=large"", ""https://a0.muscache.com/im/pictures/bc2e6910-84c0-47c2-a9af-ea156bf84481.jpg?aki_policy=large"", ""https://a0.muscache.com/im/pictures/327dda54-dcea-427b-bd90-9eba7592f8ea.jpg?aki_policy=large""]";"{""beds"": 1, ""bedrooms"": 1, ""bathrooms"": 1.0, ""amenity_ids"": [1, 33, 3, 35, 4, 36, 8, 40, 41, 44, 45, 46, 47, 49, 50, 30], ""is_rebookable"": false, ""is_new_listing"": false, ""is_fully_refundable"": true, ""is_host_highly_rated"": false, ""is_business_travel_ready"": false}";"{""weekly_factor"": 1.0, ""monthly_factor"": 1.0}";1857;"";"{""is_superhost"": false}"
16744299;Apart Marais en rooftop, piscine privée, terrasse;private_room;Paris;3e arrondissement;48.8648134077;2.36534106571;4;"[""https://a0.muscache.com/im/pictures/0981c2a8-506b-413f-8d46-811f1b37e501.jpg?aki_policy=large"", ""https://a0.muscache.com/im/pictures/f130d61d-fb69-4dc2-a6ea-3d8afa8bee4f.jpg?aki_policy=large"", ""https://a0.muscache.com/im/pictures/8b408c9f-dbd5-40e4-a35a-ed47247e3be7.jpg?aki_policy=large"", ""https://a0.muscache.com/im/pictures/dfe7457f-de2e-4402-be9c-e999cbfad9d4.jpg?aki_policy=large"", ""https://a0.muscache.com/im/pictures/d88c49df-fe34-4bd8-b035-7f0da9ca13cf.jpg?aki_policy=large"", ""https://a0.muscache.com/im/pictures/9d478372-97d0-407c-b3b1-0edf69b8b79f.jpg?aki_policy=large"", ""https://a0.muscache.com/im/pictures/db2a3a10-7ee3-41df-bf7b-94c94dc0499d.jpg?aki_policy=large"", ""https://a0.muscache.com/im/pictures/01492a53-101b-4bb5-b2ce-7cb9d4a66a4a.jpg?aki_policy=large"", ""https://a0.muscache.com/im/pictures/3401d374-a467-4604-9f35-c6c4aec3f660.jpg?aki_policy=large"", ""https://a0.muscache.com/im/pictures/42e5fcce-250a-4bbc-a2e7-62866e593ad0.jpg?aki_policy=large"", ""https://a0.muscache.com/im/pictures/7d8225f7-e2c5-4c06-97a5-6352b9bd4ebd.jpg?aki_policy=large"", ""https://a0.muscache.com/im/pictures/f94f09b8-313d-49ce-996d-c61cc50dc140.jpg?aki_policy=large"", ""https://a0.muscache.com/im/pictures/93e0c6c1-2aa8-4e34-ba40-f6592184f55b.jpg?aki_policy=large"", ""https://a0.muscache.com/im/pictures/1ecdc736-8336-46ce-96a2-8442b596292d.jpg?aki_policy=large""]";"{""beds"": 1, ""bedrooms"": 2, ""bathrooms"": 2.0, ""amenity_ids"": [1, 4, 5, 7, 10, 11, 77, 15, 16, 21, 30, 31, 35, 36, 38, 39, 103, 40, 41, 42, 43, 44, 45, 46, 47, 51, 55], ""is_rebookable"": false, ""is_new_listing"": false, ""is_fully_refundable"": true, ""is_host_highly_rated"": false, ""is_business_travel_ready"": false}";"{""weekly_factor"": 0.85, ""monthly_factor"": 0.75}";7831;"";"{""is_superhost"": false}"
16852946;Le Marais - SPACIEUX 3CH/2SB - 130M2;entire_home;Paris;3e arrondissement;48.866974;2.3623;7;"[""https://a0.muscache.com/im/pictures/52d41c1a-e1be-4542-8be2-d852dfba6603.jpg?aki_policy=large"", ""https://a0.muscache.com/im/pictures/55bac93d-8ce6-4d2b-af80-97af807a91cc.jpg?aki_policy=large"", ""https://a0.muscache.com/im/pictures/339bf7ce-1cf8-4996-b1bf-d72936f5dfd3.jpg?aki_policy=large"", ""https://a0.muscache.com/im/pictures/1ab6dbd9-c0c0-439f-b504-d434baced3b1.jpg?aki_policy=large"", ""https://a0.muscache.com/im/pictures/ce4defb8-ba65-40c8-9521-7ee3494bd741.jpg?aki_policy=large"", ""https://a0.muscache.com/im/pictures/bcdf3dc3-5c05-4c1a-90b3-06424bd99355.jpg?aki_policy=large"", ""https://a0.muscache.com/im/pictures/8285a779-e1bb-4df5-b69a-43107ce7e44f.jpg?aki_policy=large"", ""https://a0.muscache.com/im/pictures/45570636-227f-4265-b49c-e3ca3197de6f.jpg?aki_policy=large"", ""https://a0.muscache.com/im/pictures/eec71bf2-c1f9-4305-9ca1-2763edd46368.jpg?aki_policy=large"", ""https://a0.muscache.com/im/pictures/d218cdb2-743d-457c-853a-162515f7725e.jpg?aki_policy=large"", ""https://a0.muscache.com/im/pictures/331b4318-0e1a-41e8-b219-2cb153914f81.jpg?aki_policy=large"", ""https://a0.muscache.com/im/pictures/f00e2970-e598-4c51-a9a6-52f9ef336ad1.jpg?aki_policy=large"", ""https://a0.muscache.com/im/pictures/b84d8713-f75e-4e27-884c-599f7038dc1c.jpg?aki_policy=large"", ""https://a0.muscache.com/im/pictures/aad0409d-826e-4438-8978-f5ff45371c2c.jpg?aki_policy=large"", ""https://a0.muscache.com/im/pictures/8b6f68ad-b626-4206-a383-850c46748e15.jpg?aki_policy=large"", ""https://a0.muscache.com/im/pictures/03bab78e-5f84-4483-83e1-da0ab942da83.jpg?aki_policy=large"", ""https://a0.muscache.com/im/pictures/6feea916-eb54-41bf-845c-13c7de65a4ae.jpg?aki_policy=large"", ""https://a0.muscache.com/im/pictures/4c353e1b-0ec4-47e4-a025-70de969301ac.jpg?aki_policy=large"", ""https://a0.muscache.com/im/pictures/ec45e131-ed0b-490c-b86f-99d328f83a1e.jpg?aki_policy=large"", ""https://a0.muscache.com/im/pictures/cfdf811f-80c5-497e-93ea-a0a20f425448.jpg?aki_policy=large"", ""https://a0.muscache.com/im/pictures/deb2f1a8-4caf-40b4-992b-51cf359d52de.jpg?aki_policy=large"", ""https://a0.muscache.com/im/pictures/88ade28c-6e96-4063-86c2-d398d9663910.jpg?aki_policy=large"", ""https://a0.muscache.com/im/pictures/c7d92f63-31e0-4adf-b0db-c22925b4eca2.jpg?aki_policy=large"", ""https://a0.muscache.com/im/pictures/3e90c77f-2483-49b6-bb1a-7c669b09932c.jpg?aki_policy=large"", ""https://a0.muscache.com/im/pictures/bc877b0d-a908-45ec-940b-77580c6ba3dc.jpg?aki_policy=large"", ""https://a0.muscache.com/im/pictures/18d05927-b656-46b2-8d90-da3e53ef5005.jpg?aki_policy=large"", ""https://a0.muscache.com/im/pictures/7f80bc44-5ce4-48e1-9eb5-dafcb1b79f99.jpg?aki_policy=large"", ""https://a0.muscache.com/im/pictures/77a91373-b3ca-4356-86b0-5ed2f65f8c72.jpg?aki_policy=large"", ""https://a0.muscache.com/im/pictures/5914e7cb-8284-46ff-aa7e-b5ebe7d5792e.jpg?aki_policy=large"", ""https://a0.muscache.com/im/pictures/c67038ef-9d80-4c6e-81ad-8811285709b3.jpg?aki_policy=large""]";"{""beds"": 4, ""bedrooms"": 3, ""bathrooms"": 2.0, ""amenity_ids"": [1, 129, 2, 3, 4, 8, 72, 10, 77, 21, 85, 89, 90, 91, 92, 93, 30, 31, 95, 96, 33, 34, 35, 36, 40, 104, 44, 45, 46, 47], ""is_rebookable"": false, ""is_new_listing"": false, ""is_fully_refundable"": true, ""is_host_highly_rated"": true, ""is_business_travel_ready"": false}";"{""weekly_factor"": 1.0, ""monthly_factor"": 1.0}";736;"";"{""is_superhost"": true}"
16880432;Appartement cosy et chaleureux avec chat câlin;entire_home;Paris;Buttes-Chaumont - Belleville;48.8712538225;2.39792688177;2;"[""https://a0.muscache.com/im/pictures/bf2c472c-b4e7-4ac6-8d91-b50e6b8273a9.jpg?aki_policy=large"", ""https://a0.muscache.com/im/pictures/5cc517a4-096f-42bd-9cf5-5bff6d059079.jpg?aki_policy=large"", ""https://a0.muscache.com/im/pictures/06afdc91-f6da-4359-9434-8de540652fe2.jpg?aki_policy=large"", ""https://a0.muscache.com/im/pictures/c4355153-f4e5-47cd-8304-ba6a7a2540a5.jpg?aki_policy=large"", ""https://a0.muscache.com/im/pictures/51af58df-9cad-4265-aeeb-4d5d8f91937c.jpg?aki_policy=large"", ""https://a0.muscache.com/im/pictures/252bf848-520f-4f49-93ea-978f1452b7a2.jpg?aki_policy=large"", ""https://a0.muscache.com/im/pictures/81d0833c-9625-4ca9-b651-9ed1cd683126.jpg?aki_policy=large"", ""https://a0.muscache.com/im/pictures/50e7132b-c061-4067-824d-3605522e6a5d.jpg?aki_policy=large"", ""https://a0.muscache.com/im/pictures/2db92b37-f94f-447d-99a8-62d652d2ae8c.jpg?aki_policy=large"", ""https://a0.muscache.com/im/pictures/7d6a8c14-6eb7-40b0-b1ef-b7fa2943f470.jpg?aki_policy=large"", ""https://a0.muscache.com/im/pictures/5ed7e86d-4721-4c85-9e33-7d5d5c9165db.jpg?aki_policy=large"", ""https://a0.muscache.com/im/pictures/1e05ce03-7a74-46b8-baf8-e2d070378d53.jpg?aki_policy=large""]";"{""beds"": 1, ""bedrooms"": 1, ""bathrooms"": 1.0, ""amenity_ids"": [1, 129, 4, 8, 11, 75, 77, 17, 19, 89, 90, 91, 92, 93, 30, 94, 95, 32, 96, 33, 99, 40, 41, 44, 46, 49, 50], ""is_rebookable"": false, ""is_new_listing"": false, ""is_fully_refundable"": true, ""is_host_highly_rated"": false, ""is_business_travel_ready"": false}";"{""weekly_factor"": 0.91, ""monthly_factor"": 1.0}";2000;"";"{""is_superhost"": false}"
16888539;Joli appartement, très lumineux. Buttes Chaumont;entire_home;Paris;Buttes-Chaumont - Belleville;48.8744676153;2.37908385363;2;"[""https://a0.muscache.com/im/pictures/5397b2d7-3c28-47bc-a329-26e2e8d5572a.jpg?aki_policy=large"", ""https://a0.muscache.com/im/pictures/6626d13f-6f77-4e0a-901c-3d2a9e77f851.jpg?aki_policy=large"", ""https://a0.muscache.com/im/pictures/554a97b8-e279-4f41-a28a-1dfa0f7a06f5.jpg?aki_policy=large"", ""https://a0.muscache.com/im/pictures/68f2ef33-9ef4-4f0e-8574-103d0f0331d7.jpg?aki_policy=large"", ""https://a0.muscache.com/im/pictures/ffe4266a-ceaa-4bd3-a229-19eed8622da1.jpg?aki_policy=large"", ""https://a0.muscache.com/im/pictures/e58c63ef-9834-42ab-bc78-04cffeea4813.jpg?aki_policy=large"", ""https://a0.muscache.com/im/pictures/e8c1c292-1029-484b-b879-584eab74726a.jpg?aki_policy=large"", ""https://a0.muscache.com/im/pictures/f6242a63-c024-44c9-95d8-37135d2cda08.jpg?aki_policy=large"", ""https://a0.muscache.com/im/pictures/bafce94a-ec77-4a1b-a410-225e0346d001.jpg?aki_policy=large"", ""https://a0.muscache.com/im/pictures/b53853e7-dbfe-4058-bd54-a46f2fefcdbe.jpg?aki_policy=large""]";"{""beds"": 1, ""bedrooms"": 1, ""bathrooms"": 1.0, ""amenity_ids"": [1, 33, 129, 35, 4, 103, 8, 40, 9, 10, 107, 45, 77, 46, 47, 49, 50, 88, 30], ""is_rebookable"": false, ""is_new_listing"": false, ""is_fully_refundable"": true, ""is_host_highly_rated"": false, ""is_business_travel_ready"": false}";"{""weekly_factor"": 0.9, ""monthly_factor"": 1.0}";1239;"";"{""is_superhost"": false}"
16890826;Spacious loft in heart of historical Paris;entire_home;Paris;Saint-Michel;48.8510471614;2.34648512697;6;"[""https://a0.muscache.com/im/pictures/96c8ed49-2939-43ed-94cb-612e2b0a3d9f.jpg?aki_policy=large"", ""https://a0.muscache.com/im/pictures/cf858e98-a719-471d-a136-ee159dad49d8.jpg?aki_policy=large"", ""https://a0.muscache.com/im/pictures/cdca40e1-f5dd-4c0d-81d7-9111f5d9bea6.jpg?aki_policy=large"", ""https://a0.muscache.com/im/pictures/cdfe860f-a7f0-4e19-8332-171b2a91ab13.jpg?aki_policy=large"", ""https://a0.muscache.com/im/pictures/8ce0e4f1-195e-44a9-b55c-c1659e4a6949.jpg?aki_policy=large"", ""https://a0.muscache.com/im/pictures/17e15578-6133-440e-bca7-ba38b990a987.jpg?aki_policy=large"", ""https://a0.muscache.com/im/pictures/eb214091-f310-43a5-9b47-a0f9075be572.jpg?aki_policy=large"", ""https://a0.muscache.com/im/pictures/9a02ad9b-24c2-4c6d-8d62-783517da5ed4.jpg?aki_policy=large"", ""https://a0.muscache.com/im/pictures/36366fa1-409d-418c-b5fe-979a0ed8cf0b.jpg?aki_policy=large"", ""https://a0.muscache.com/im/pictures/a17011cd-b382-4437-a4d5-963bd0d47f66.jpg?aki_policy=large"", ""https://a0.muscache.com/im/pictures/bc1171ab-68ad-42f9-8b0d-930af67632d9.jpg?aki_policy=large"", ""https://a0.muscache.com/im/pictures/eab6592e-dde2-4b3e-8b01-2996a98e0efb.jpg?aki_policy=large"", ""https://a0.muscache.com/im/pictures/0702ca3f-f360-43e7-a683-53a95a41c0c2.jpg?aki_policy=large"", ""https://a0.muscache.com/im/pictures/75c35873-1071-49e3-ad2c-9bf2d52770c0.jpg?aki_policy=large"", ""https://a0.muscache.com/im/pictures/47052556-dacb-4762-9352-e5e2b496fc72.jpg?aki_policy=large"", ""https://a0.muscache.com/im/pictures/1084f521-f3bc-4589-927e-7680c4015711.jpg?aki_policy=large"", ""https://a0.muscache.com/im/pictures/80ba6a83-db8a-4d2c-b640-ef4b41d5df97.jpg?aki_policy=large"", ""https://a0.muscache.com/im/pictures/ce651bed-e5e3-45bb-a16d-45a7128d4726.jpg?aki_policy=large"", ""https://a0.muscache.com/im/pictures/88781d0c-467a-44ab-954c-b5ba6147a0c8.jpg?aki_policy=large"", ""https://a0.muscache.com/im/pictures/d284b1d2-4c57-425d-82a8-eec70f440899.jpg?aki_policy=large"", ""https://a0.muscache.com/im/pictures/03cc5e94-322c-4b2b-91f6-3bf44f41128a.jpg?aki_policy=large"", ""https://a0.muscache.com/im/pictures/efb53f24-fdb8-4126-b76a-dd88e51eaca4.jpg?aki_policy=large"", ""https://a0.muscache.com/im/pictures/4913d9b9-1f63-4e79-9afc-dd77599b2ab5.jpg?aki_policy=large"", ""https://a0.muscache.com/im/pictures/d8436b32-9560-42e6-844e-32801b2078c5.jpg?aki_policy=large"", ""https://a0.muscache.com/im/pictures/8258edce-3f20-49a4-b07f-7baca84b80ab.jpg?aki_policy=large"", ""https://a0.muscache.com/im/pictures/e9459969-f532-40ef-8a67-77888ebe9b6f.jpg?aki_policy=large"", ""https://a0.muscache.com/im/pictures/7f473a77-a603-4338-af76-b560d5d91187.jpg?aki_policy=large"", ""https://a0.muscache.com/im/pictures/dc34d090-c2b9-4e7c-9d03-8bbefe730223.jpg?aki_policy=large"", ""https://a0.muscache.com/im/pictures/62b10dde-27aa-4c9b-882c-943907115100.jpg?aki_policy=large"", ""https://a0.muscache.com/im/pictures/37624b1f-3ef0-4242-9c23-348dbe077717.jpg?aki_policy=large""]";"{""beds"": 3, ""bedrooms"": 3, ""bathrooms"": 1.0, ""amenity_ids"": [33, 4, 8, 40, 41, 44, 45, 30, 46, 31, 47], ""is_rebookable"": false, ""is_new_listing"": false, ""is_fully_refundable"": true, ""is_host_highly_rated"": true, ""is_business_travel_ready"": false}";"{""weekly_factor"": 0.68, ""monthly_factor"": 0.65}";6733;"";"{""is_superhost"": false}"
16923142;"Canopée 4 Star "" Spoil Yourself """;entire_home;Paris;Châtelet - Les Halles - Beaubourg;48.8611289707;2.34619929435;2;"[""https://a0.muscache.com/im/pictures/326e173d-a03a-4e34-b10a-994b42219934.jpg?aki_policy=large"", ""https://a0.muscache.com/im/pictures/fa33a945-32ed-42fd-a05b-16e39600b9a6.jpg?aki_policy=large"", ""https://a0.muscache.com/im/pictures/385541b1-c179-4cd5-9850-ec04dc18fe2c.jpg?aki_policy=large"", ""https://a0.muscache.com/im/pictures/66031c9b-1c9e-4f3c-a012-9a240a252919.jpg?aki_policy=large"", ""https://a0.muscache.com/im/pictures/2273c99a-e610-4e3d-9ee0-a73b7ac129c7.jpg?aki_policy=large"", ""https://a0.muscache.com/im/pictures/7e7864ee-674d-45af-b99a-dc4d81d1ac2d.jpg?aki_policy=large"", ""https://a0.muscache.com/im/pictures/2267719c-7bb9-4f90-83af-07a5e4612473.jpg?aki_policy=large"", ""https://a0.muscache.com/im/pictures/2db125fd-f5b2-4990-8d83-5548832b76b7.jpg?aki_policy=large"", ""https://a0.muscache.com/im/pictures/8f6897d8-2783-47b9-a3b1-27661bbe4e97.jpg?aki_policy=large"", ""https://a0.muscache.com/im/pictures/e5ffed08-94d0-49ad-b24a-e7a18cf690c0.jpg?aki_policy=large""]";"{""beds"": 1, ""bedrooms"": 1, ""bathrooms"": 1.0, ""amenity_ids"": [1, 129, 2, 3, 4, 8, 10, 77, 21, 85, 86, 89, 90, 91, 93, 30, 94, 31, 95, 96, 33, 34, 35, 36, 40, 104, 44, 45, 46, 47], ""is_rebookable"": false, ""is_new_listing"": false, ""is_fully_refundable"": true, ""is_host_highly_rated"": true, ""is_business_travel_ready"": false}";"{""weekly_factor"": 0.91, ""monthly_factor"": 0.66}";4006;"";"{""is_superhost"": false}"
17006209;Chambre double Paris centre/ Canal st Martin;private_room;Paris;République;48.8696870361;2.36963657945;2;"[""https://a0.muscache.com/im/pictures/c4a602ac-2fc0-406a-809c-3b3e48d53533.jpg?aki_policy=large"", ""https://a0.muscache.com/im/pictures/7d20dfbe-32cc-423b-ba9a-e998fadfd2e2.jpg?aki_policy=large"", ""https://a0.muscache.com/im/pictures/bb4128b0-10e1-4115-97bf-255f53f7a8e8.jpg?aki_policy=large"", ""https://a0.muscache.com/im/pictures/ffd950a3-562c-4c91-a703-224d84c8b2d7.jpg?aki_policy=large"", ""https://a0.muscache.com/im/pictures/bd28c7f4-a39c-4f21-9d07-ca4cb6980c50.jpg?aki_policy=large"", ""https://a0.muscache.com/im/pictures/121a575f-3470-4675-af1e-971d9de80abe.jpg?aki_policy=large"", ""https://a0.muscache.com/im/pictures/d2468d64-c56e-4008-b041-63ca631cc9fc.jpg?aki_policy=large"", ""https://a0.muscache.com/im/pictures/9928851a-fbf0-479f-81f2-a803e3ac3e61.jpg?aki_policy=large"", ""https://a0.muscache.com/im/pictures/fd41ab57-2c25-4184-b18c-4b6cd2fa952e.jpg?aki_policy=large"", ""https://a0.muscache.com/im/pictures/ef92850d-fc99-4518-94b0-de9e932c4e83.jpg?aki_policy=large"", ""https://a0.muscache.com/im/pictures/8996da3e-375b-4181-9d3b-2b481a0ecc09.jpg?aki_policy=large"", ""https://a0.muscache.com/im/pictures/6276f6dc-ba18-4576-b544-c78157969c4d.jpg?aki_policy=large"", ""https://a0.muscache.com/im/pictures/6a625edc-c5fe-4964-a1f5-bf301d6a5b8c.jpg?aki_policy=large"", ""https://a0.muscache.com/im/pictures/7dae32a2-60ee-4462-8d04-27850c204400.jpg?aki_policy=large"", ""https://a0.muscache.com/im/pictures/99a38721-de27-4422-b251-a07da639ce88.jpg?aki_policy=large"", ""https://a0.muscache.com/im/pictures/eec787d4-56ac-47cc-96ca-8195a01002d8.jpg?aki_policy=large"", ""https://a0.muscache.com/im/pictures/32e69ef8-d21e-4dc6-a3ec-63c4751253db.jpg?aki_policy=large"", ""https://a0.muscache.com/im/pictures/bfaf79e2-6508-4d96-9d10-5c24862bb86f.jpg?aki_policy=large"", ""https://a0.muscache.com/im/pictures/13244669-490c-4b70-86da-9d89dc3b74f1.jpg?aki_policy=large""]";"{""beds"": 1, ""bedrooms"": 1, ""bathrooms"": 1.0, ""amenity_ids"": [1, 35, 4, 39, 40, 41, 42, 44, 45, 46, 47, 16, 51, 21, 55, 30, 31], ""is_rebookable"": false, ""is_new_listing"": false, ""is_fully_refundable"": true, ""is_host_highly_rated"": false, ""is_business_travel_ready"": false}";"{""weekly_factor"": 0.9, ""monthly_factor"": 1.0}";3452;"";"{""is_superhost"": false}"
17010159;charmant studio Bastille-République;entire_home;Paris;République;48.8627617012;2.36837719211;3;"[""https://a0.muscache.com/im/pictures/28b8cb7b-5cd8-4272-b766-94f2088f0e23.jpg?aki_policy=large"", ""https://a0.muscache.com/im/pictures/40e07759-7568-4b75-b8a7-487ad5706b35.jpg?aki_policy=large"", ""https://a0.muscache.com/im/pictures/0125453e-ff2e-4a73-9abc-45146dc489a4.jpg?aki_policy=large"", ""https://a0.muscache.com/im/pictures/1aac7aa3-e8a9-45e2-ab59-02fb2b655deb.jpg?aki_policy=large"", ""https://a0.muscache.com/im/pictures/b771b434-565b-4797-96d5-61307a7ea0bd.jpg?aki_policy=large"", ""https://a0.muscache.com/im/pictures/237f0319-8a63-49c5-bcf4-01b4458af8ca.jpg?aki_policy=large"", ""https://a0.muscache.com/im/pictures/72dc0721-ea4a-4234-99c1-11e175af54dd.jpg?aki_policy=large""]";"{""beds"": 1, ""bedrooms"": 1, ""bathrooms"": 1.0, ""amenity_ids"": [33, 4, 8, 40, 41, 43, 30, 31], ""is_rebookable"": false, ""is_new_listing"": false, ""is_fully_refundable"": true, ""is_host_highly_rated"": false, ""is_business_travel_ready"": false}";"{""weekly_factor"": 0.95, ""monthly_factor"": 0.85}";5226;"";"{""is_superhost"": false}"
17035262;F2 cosy et cocon;entire_home;Paris;11e arrondissement;48.8630012136;2.38635089912;2;"[""https://a0.muscache.com/im/pictures/48790e9d-1494-41d8-8b71-52df77dceece.jpg?aki_policy=large"", ""https://a0.muscache.com/im/pictures/d815053c-72e6-4ade-a55f-6c6d7441dd20.jpg?aki_policy=large"", ""https://a0.muscache.com/im/pictures/ed9cf51a-2969-4659-aa77-93546d110284.jpg?aki_policy=large"", ""https://a0.muscache.com/im/pictures/d09accbc-27fc-4352-8729-d36067fec8dc.jpg?aki_policy=large"", ""https://a0.muscache.com/im/pictures/a25f7ebc-37d7-47f9-819e-12db62bf613c.jpg?aki_policy=large"", ""https://a0.muscache.com/im/pictures/b24e5abc-fe6e-41c7-a8e0-0cea1d77c09a.jpg?aki_policy=large""]";"{""beds"": 1, ""bedrooms"": 1, ""bathrooms"": 1.0, ""amenity_ids"": [33, 129, 35, 4, 8, 40, 41, 44, 45, 77, 46, 49, 50, 30], ""is_rebookable"": false, ""is_new_listing"": false, ""is_fully_refundable"": true, ""is_host_highly_rated"": false, ""is_business_travel_ready"": false}";"{""weekly_factor"": 1.0, ""monthly_factor"": 1.0}";5038;"";"{""is_superhost"": false}"
17138818;The perfect Parisian apartment;entire_home;Paris;Passy;48.8681559905;2.2755200252;1;"[""https://a0.muscache.com/im/pictures/9edc053d-8daf-4b87-9265-07950b34b74c.jpg?aki_policy=large"", ""https://a0.muscache.com/im/pictures/542ee7d3-9892-4efc-a786-4158cec6c05a.jpg?aki_policy=large"", ""https://a0.muscache.com/im/pictures/778cb59e-9831-41c4-9a0d-7914e2829d7b.jpg?aki_policy=large"", ""https://a0.muscache.com/im/pictures/0dfc230d-ce70-4768-a8e5-9b92a153eb43.jpg?aki_policy=large"", ""https://a0.muscache.com/im/pictures/477470c1-2b19-4272-84f8-30ef3f61d488.jpg?aki_policy=large"", ""https://a0.muscache.com/im/pictures/b6a483a1-32e9-46eb-95f3-9867982fdcfd.jpg?aki_policy=large"", ""https://a0.muscache.com/im/pictures/bed1102b-e800-47c2-abb2-ee4b19ece22d.jpg?aki_policy=large"", ""https://a0.muscache.com/im/pictures/f7f2f1b1-aba8-42bb-af31-adef2c319565.jpg?aki_policy=large"", ""https://a0.muscache.com/im/pictures/b3dfff54-5310-4e61-af3a-2abce9e52eaa.jpg?aki_policy=large""]";"{""beds"": 1, ""bedrooms"": 0, ""bathrooms"": 1.0, ""amenity_ids"": [1, 2, 3, 4, 5, 8, 136, 77, 21, 85, 86, 90, 91, 28, 93, 30, 94, 96, 33, 34, 98, 35, 103, 40, 41, 42, 44, 46, 47, 49, 113, 50, 115, 120, 57], ""is_rebookable"": false, ""is_new_listing"": false, ""is_fully_refundable"": true, ""is_host_highly_rated"": true, ""is_business_travel_ready"": false}";"{""weekly_factor"": 1.0, ""monthly_factor"": 1.0}";7016;"";"{""is_superhost"": true}"
17151408;OPERA BASTILLE - Superbe appartement 4-6 personnes;entire_home;Paris;Bastille;48.8534772426;2.37232350592;6;"[""https://a0.muscache.com/im/pictures/4506bdc9-7282-4890-813f-bf820c376287.jpg?aki_policy=large"", ""https://a0.muscache.com/im/pictures/72234468-e6bc-4be3-8e80-c3d6a06a09c7.jpg?aki_policy=large"", ""https://a0.muscache.com/im/pictures/535053de-a86d-4b3a-94a3-091197804fd8.jpg?aki_policy=large"", ""https://a0.muscache.com/im/pictures/3b437974-7429-4e7a-b1e5-fec6a1e6c646.jpg?aki_policy=large"", ""https://a0.muscache.com/im/pictures/f693b538-33ba-4653-b19a-7dc1257f500c.jpg?aki_policy=large"", ""https://a0.muscache.com/im/pictures/aefd5f54-22fa-4211-8895-b61e6b93a089.jpg?aki_policy=large"", ""https://a0.muscache.com/im/pictures/3e3a2223-be31-4eb2-b71f-a5bfbcafba25.jpg?aki_policy=large"", ""https://a0.muscache.com/im/pictures/506d7101-88c0-42d2-93ac-95e516b793f0.jpg?aki_policy=large"", ""https://a0.muscache.com/im/pictures/b7e21abb-14f9-42f0-a7a0-9074bb261000.jpg?aki_policy=large"", ""https://a0.muscache.com/im/pictures/d0b9de62-1509-486c-966c-51fbaf3be3f4.jpg?aki_policy=large"", ""https://a0.muscache.com/im/pictures/4a88a927-c408-4924-b024-ada6ce92fe74.jpg?aki_policy=large"", ""https://a0.muscache.com/im/pictures/486155a4-5c6f-435c-bd69-8371640dc92b.jpg?aki_policy=large"", ""https://a0.muscache.com/im/pictures/be0d7228-bcad-498a-94ca-b5ec3902e9bd.jpg?aki_policy=large"", ""https://a0.muscache.com/im/pictures/f12d62df-d1ec-4990-a36c-aecc560d29c6.jpg?aki_policy=large"", ""https://a0.muscache.com/im/pictures/3e271823-19fd-49f5-b261-84f2ff4bb202.jpg?aki_policy=large"", ""https://a0.muscache.com/im/pictures/86bd73af-3838-4065-a101-5410f19a18f8.jpg?aki_policy=large""]";"{""beds"": 4, ""bedrooms"": 2, ""bathrooms"": 1.0, ""amenity_ids"": [1, 33, 2, 34, 3, 35, 4, 36, 8, 40, 41, 10, 44, 45, 77, 46, 47, 50, 51, 21, 55, 30, 31], ""is_rebookable"": false, ""is_new_listing"": false, ""is_fully_refundable"": true, ""is_host_highly_rated"": false, ""is_business_travel_ready"": false}";"{""weekly_factor"": 1.0, ""monthly_factor"": 1.0}";6559;"";"{""is_superhost"": false}"
17180482;13 - Luxury Flat Eiffel Design 2;entire_home;Paris city;2e arrondissement;48.8680289938;2.3511938065;9;"[""https://a0.muscache.com/im/pictures/a140b40c-a46d-4b96-a681-7cafe21a0a32.jpg?aki_policy=large"", ""https://a0.muscache.com/im/pictures/a09f2896-16e2-4329-98f2-c74ea50ab9f2.jpg?aki_policy=large"", ""https://a0.muscache.com/im/pictures/d39e0930-fcdb-414e-9503-f48ebd0b04c9.jpg?aki_policy=large"", ""https://a0.muscache.com/im/pictures/d4bb7575-b01b-4179-8087-c9809d3f32f1.jpg?aki_policy=large"", ""https://a0.muscache.com/im/pictures/0a502511-6b16-4722-8e8c-44d58ef7ed07.jpg?aki_policy=large"", ""https://a0.muscache.com/im/pictures/aff3d897-219d-423e-9ffe-08bb8f158a73.jpg?aki_policy=large"", ""https://a0.muscache.com/im/pictures/350dddb5-b0c2-42a1-a864-b3115ee80287.jpg?aki_policy=large"", ""https://a0.muscache.com/im/pictures/b343258e-c133-4270-ae43-3fc2a08177f8.jpg?aki_policy=large"", ""https://a0.muscache.com/im/pictures/d6242c8d-d0a5-4551-abf9-41120f996183.jpg?aki_policy=large"", ""https://a0.muscache.com/im/pictures/e7b8fd33-62f3-4e64-be59-addb4d537769.jpg?aki_policy=large"", ""https://a0.muscache.com/im/pictures/58982d45-b720-47d3-af31-0d887d97d4b4.jpg?aki_policy=large"", ""https://a0.muscache.com/im/pictures/5df9f002-62b7-461c-a0cf-36543d20e032.jpg?aki_policy=large"", ""https://a0.muscache.com/im/pictures/a537b5fe-d91b-4216-9858-e1e33b05d63e.jpg?aki_policy=large"", ""https://a0.muscache.com/im/pictures/d2f4da77-d230-44d0-860e-1b66bf156612.jpg?aki_policy=large"", ""https://a0.muscache.com/im/pictures/d2cca2af-52b7-4890-abab-0e517dfc93f7.jpg?aki_policy=large"", ""https://a0.muscache.com/im/pictures/6d93cc9a-2545-45ff-9a8c-d85ef3a2f7bc.jpg?aki_policy=large""]";"{""beds"": 6, ""bedrooms"": 2, ""bathrooms"": 1.5, ""amenity_ids"": [64, 1, 3, 4, 71, 8, 40, 43, 45, 30, 46, 31], ""is_rebookable"": false, ""is_new_listing"": false, ""is_fully_refundable"": false, ""is_host_highly_rated"": true, ""is_business_travel_ready"": false}";"{""weekly_factor"": 1.0, ""monthly_factor"": 1.0}";5325;"";"{""is_superhost"": false}"
17190320;Small Room Near Eiffel Tower;entire_home;Paris;Passy;48.8682133744;2.28440333955;1;"[""https://a0.muscache.com/im/pictures/47ecd785-85da-4053-9c31-fd1632adcf3f.jpg?aki_policy=large"", ""https://a0.muscache.com/im/pictures/72c29e0f-ef91-4f38-b158-6df92bd26367.jpg?aki_policy=large"", ""https://a0.muscache.com/im/pictures/f4177fe6-b60e-46c2-be90-af9685bb4010.jpg?aki_policy=large"", ""https://a0.muscache.com/im/pictures/c8ff4c62-d7f3-44b9-8188-76ca5a5574c3.jpg?aki_policy=large"", ""https://a0.muscache.com/im/pictures/5525941a-56ab-47d8-a47c-718df30e147a.jpg?aki_policy=large"", ""https://a0.muscache.com/im/pictures/c305a1d8-dda4-4912-9310-8fe0b54db7c2.jpg?aki_policy=large"", ""https://a0.muscache.com/im/pictures/a8db7173-66af-4a7e-83d3-61a9910f628f.jpg?aki_policy=large"", ""https://a0.muscache.com/im/pictures/84c81408-0ce6-4f4c-89f3-f9ccbb2c21f1.jpg?aki_policy=large"", ""https://a0.muscache.com/im/pictures/39701e57-c74a-4eb9-8e1b-cb5bfb5a7c25.jpg?aki_policy=large"", ""https://a0.muscache.com/im/pictures/da7132d3-881a-4ec7-b9db-1d90a900bb25.jpg?aki_policy=large""]";"{""beds"": 1, ""bedrooms"": 1, ""bathrooms"": 0.5, ""amenity_ids"": [35, 4, 103, 8, 40, 104, 41, 10, 49, 50, 21, 85, 57, 30], ""is_rebookable"": false, ""is_new_listing"": false, ""is_fully_refundable"": true, ""is_host_highly_rated"": false, ""is_business_travel_ready"": false}";"{""weekly_factor"": 0.9, ""monthly_factor"": 1.0}";6399;"";"{""is_superhost"": false}"
17222435;Espace, confort, lumière, calme près Bastille;entire_home;Paris;11e arrondissement;48.8598888577;2.38175620258;4;"[""https://a0.muscache.com/im/pictures/1495124c-51bb-4ce4-968b-16ff17d9f5eb.jpg?aki_policy=large"", ""https://a0.muscache.com/im/pictures/7bb81bd5-88f0-49c0-a8f9-cae2b2b21e3f.jpg?aki_policy=large"", ""https://a0.muscache.com/im/pictures/df7c53c2-a832-499c-9bcf-9206a75d3077.jpg?aki_policy=large"", ""https://a0.muscache.com/im/pictures/63f76f9f-92a0-4a74-959a-35fe84591fab.jpg?aki_policy=large"", ""https://a0.muscache.com/im/pictures/720ccaf5-2ddf-496e-b109-95138e0f4932.jpg?aki_policy=large"", ""https://a0.muscache.com/im/pictures/5a8ff610-8de9-400d-9142-9cc29c134f89.jpg?aki_policy=large"", ""https://a0.muscache.com/im/pictures/43fe2fbc-9e74-4c48-a086-9e297661e3c6.jpg?aki_policy=large"", ""https://a0.muscache.com/im/pictures/c1f3df0f-3fb6-47a0-8572-28983409b2dc.jpg?aki_policy=large"", ""https://a0.muscache.com/im/pictures/95370796-8c8f-4caf-b43a-3c5f776d142d.jpg?aki_policy=large"", ""https://a0.muscache.com/im/pictures/ad9819cd-37b7-4c17-9da4-63858c0afc35.jpg?aki_policy=large"", ""https://a0.muscache.com/im/pictures/b5585c74-ec32-40a7-857f-38439e39c07e.jpg?aki_policy=large"", ""https://a0.muscache.com/im/pictures/925a7d2d-4272-4f25-aee6-06bf8a1e483b.jpg?aki_policy=large"", ""https://a0.muscache.com/im/pictures/b12550d1-401b-44b9-aaa3-168bc17ac231.jpg?aki_policy=large"", ""https://a0.muscache.com/im/pictures/57a4bea0-584d-4afd-b14e-a0b900da2e44.jpg?aki_policy=large"", ""https://a0.muscache.com/im/pictures/c41c1f45-e801-4490-830f-9c28c0b16fd2.jpg?aki_policy=large""]";"{""beds"": 3, ""bedrooms"": 2, ""bathrooms"": 2.5, ""amenity_ids"": [1, 129, 4, 71, 8, 77, 16, 21, 85, 86, 89, 90, 91, 92, 93, 30, 94, 31, 95, 96, 33, 35, 100, 103, 40, 41, 42, 44, 45, 46, 47], ""is_rebookable"": false, ""is_new_listing"": false, ""is_fully_refundable"": true, ""is_host_highly_rated"": true, ""is_business_travel_ready"": false}";"{""weekly_factor"": 0.9, ""monthly_factor"": 1.0}";3505;"";"{""is_superhost"": false}"
17278354;LIGHT Snug Apt Center Paris France WIFI;entire_home;Paris;"";48.8749318643;2.3603510306;2;"[""https://a0.muscache.com/im/pictures/2296f161-a737-4622-b134-670109d94b3f.jpg?aki_policy=large"", ""https://a0.muscache.com/im/pictures/435a2723-05e9-4f0c-85b0-4ceaa92fd54c.jpg?aki_policy=large"", ""https://a0.muscache.com/im/pictures/71fa08b8-43bb-4976-bc20-2292d51d1137.jpg?aki_policy=large"", ""https://a0.muscache.com/im/pictures/022dacfb-d2e8-49f8-96e3-9a7ee8d14130.jpg?aki_policy=large"", ""https://a0.muscache.com/im/pictures/ee1ca805-8888-4dfc-9ceb-e6683fa0f384.jpg?aki_policy=large"", ""https://a0.muscache.com/im/pictures/a92b83b5-51ed-4ee7-92d3-0e67ea7899ce.jpg?aki_policy=large"", ""https://a0.muscache.com/im/pictures/a934ef93-d807-400a-9d3b-427516b92173.jpg?aki_policy=large"", ""https://a0.muscache.com/im/pictures/c8048a33-ab1f-494b-986e-cea7680811cb.jpg?aki_policy=large""]";"{""beds"": 1, ""bedrooms"": 1, ""bathrooms"": 1.0, ""amenity_ids"": [1, 33, 129, 35, 4, 36, 37, 38, 39, 8, 40, 104, 41, 42, 44, 45, 77, 46, 47, 30], ""is_rebookable"": false, ""is_new_listing"": false, ""is_fully_refundable"": true, ""is_host_highly_rated"": false, ""is_business_travel_ready"": false}";"{""weekly_factor"": 0.92, ""monthly_factor"": 0.85}";6618;"";"{""is_superhost"": false}"
17278894;KIND Cosy Apt Center Paris France WIFI;entire_home;Paris;"";48.8751895947;2.36108453538;2;"[""https://a0.muscache.com/im/pictures/0feae238-a7f4-4cf1-be71-3106db18f9ff.jpg?aki_policy=large"", ""https://a0.muscache.com/im/pictures/a2cb4b29-d779-4946-8d39-94803638b807.jpg?aki_policy=large"", ""https://a0.muscache.com/im/pictures/e882d73b-2b44-452d-ae14-2c727c04df4e.jpg?aki_policy=large"", ""https://a0.muscache.com/im/pictures/1046d5aa-a8b3-45ba-9a5c-292ebfd63442.jpg?aki_policy=large"", ""https://a0.muscache.com/im/pictures/2ead5030-7d1e-429a-9518-cb642a992c39.jpg?aki_policy=large"", ""https://a0.muscache.com/im/pictures/028cc3d8-c6d2-4ce0-93ff-bc0a7c485401.jpg?aki_policy=large""]";"{""beds"": 1, ""bedrooms"": 1, ""bathrooms"": 1.0, ""amenity_ids"": [96, 1, 33, 35, 4, 36, 37, 39, 8, 40, 104, 41, 42, 45, 77, 47, 51, 54, 90, 91, 93, 30, 94], ""is_rebookable"": false, ""is_new_listing"": false, ""is_fully_refundable"": true, ""is_host_highly_rated"": false, ""is_business_travel_ready"": false}";"{""weekly_factor"": 0.92, ""monthly_factor"": 0.85}";6618;"";"{""is_superhost"": false}"
17279237;SUN Comfortable Apt Center Paris France WIFI;entire_home;Paris;"";48.875354294;2.3615761831;2;"[""https://a0.muscache.com/im/pictures/4effa954-b9b7-49e9-94cf-9c8bea7094a1.jpg?aki_policy=large"", ""https://a0.muscache.com/im/pictures/2204bacf-c090-49ef-840e-4bf8293dc408.jpg?aki_policy=large"", ""https://a0.muscache.com/im/pictures/05e48d5f-f2bc-4b55-bd9a-be2757982f33.jpg?aki_policy=large"", ""https://a0.muscache.com/im/pictures/7a6de67c-6da6-496a-af2e-9327565e5d43.jpg?aki_policy=large"", ""https://a0.muscache.com/im/pictures/b10c7fa8-d0a4-4dc6-96c7-ee3c4854d170.jpg?aki_policy=large"", ""https://a0.muscache.com/im/pictures/9085bedd-c95b-476c-bce7-aa2f7af958ed.jpg?aki_policy=large"", ""https://a0.muscache.com/im/pictures/7932640c-c5d8-4ccb-9210-814d221e9927.jpg?aki_policy=large""]";"{""beds"": 1, ""bedrooms"": 1, ""bathrooms"": 1.0, ""amenity_ids"": [1, 33, 129, 35, 4, 36, 37, 38, 39, 8, 40, 104, 41, 42, 44, 45, 77, 46, 47, 30], ""is_rebookable"": false, ""is_new_listing"": false, ""is_fully_refundable"": true, ""is_host_highly_rated"": false, ""is_business_travel_ready"": false}";"{""weekly_factor"": 0.92, ""monthly_factor"": 0.85}";6618;"";"{""is_superhost"": false}"
17287264;Un appartement 50 m2 dans le centre de Paris.;entire_home;Paris;2e arrondissement;48.8683111301;2.3480533682;4;"[""https://a0.muscache.com/im/pictures/3c0bf391-f779-42c0-9a32-8b14542d6ca8.jpg?aki_policy=large"", ""https://a0.muscache.com/im/pictures/0ffbac36-c36d-42c1-a452-bf35331eacea.jpg?aki_policy=large"", ""https://a0.muscache.com/im/pictures/175f1e44-8976-4b36-aba8-c649909b237b.jpg?aki_policy=large"", ""https://a0.muscache.com/im/pictures/d0d7101a-8d9a-46fe-a067-507678b3c4ce.jpg?aki_policy=large"", ""https://a0.muscache.com/im/pictures/70e4abf6-0566-4e5e-8b79-0d6c882b28a8.jpg?aki_policy=large"", ""https://a0.muscache.com/im/pictures/7d46df15-ba73-4161-92e3-98cc5d65f601.jpg?aki_policy=large"", ""https://a0.muscache.com/im/pictures/4339931d-f32f-4802-89cb-abc8a96364cc.jpg?aki_policy=large"", ""https://a0.muscache.com/im/pictures/bacb30db-05ac-4b16-91e1-faef55362cf9.jpg?aki_policy=large"", ""https://a0.muscache.com/im/pictures/b5f006e1-909a-4e3d-b60d-e249054162a7.jpg?aki_policy=large"", ""https://a0.muscache.com/im/pictures/b5524706-4221-4e3a-b864-e8c74e12341b.jpg?aki_policy=large"", ""https://a0.muscache.com/im/pictures/4cadf6ca-0866-4e85-b542-7637c78411ca.jpg?aki_policy=large"", ""https://a0.muscache.com/im/pictures/2de1ec66-b81d-49f6-a683-d3c94d77c75e.jpg?aki_policy=large"", ""https://a0.muscache.com/im/pictures/62160bf0-aab3-4db2-87f2-6835003112e8.jpg?aki_policy=large"", ""https://a0.muscache.com/im/pictures/9388ef51-3815-4940-8fae-5b3ff38c2bbc.jpg?aki_policy=large"", ""https://a0.muscache.com/im/pictures/37b623fd-ceb8-4f35-83a1-ede2dc508929.jpg?aki_policy=large"", ""https://a0.muscache.com/im/pictures/9f7e0643-2906-4e38-b433-fc96b65b3173.jpg?aki_policy=large"", ""https://a0.muscache.com/im/pictures/9daff1b0-91d1-4f84-984d-9aef14a748df.jpg?aki_policy=large"", ""https://a0.muscache.com/im/pictures/d60e48b8-6eab-4d15-9e06-6742bea80c4c.jpg?aki_policy=large""]";"{""beds"": 2, ""bedrooms"": 1, ""bathrooms"": 1.0, ""amenity_ids"": [129, 4, 8, 77, 85, 25, 89, 90, 27, 91, 92, 93, 30, 94, 31, 95, 96, 33, 40, 41, 44, 45, 47, 50, 56], ""is_rebookable"": false, ""is_new_listing"": false, ""is_fully_refundable"": true, ""is_host_highly_rated"": true, ""is_business_travel_ready"": false}";"{""weekly_factor"": 0.9, ""monthly_factor"": 0.8}";1682;"";"{""is_superhost"": true}"
17299589;Chambre de bonne / Maid's room Paris Bastille;entire_home;Paris;Le Marais;48.8570680209;2.36694668172;2;"[""https://a0.muscache.com/im/pictures/5b77c491-1efb-4c20-b533-5d630377bd5f.jpg?aki_policy=large"", ""https://a0.muscache.com/im/pictures/88b0fce0-c753-48a2-ae98-f083a7a681a4.jpg?aki_policy=large"", ""https://a0.muscache.com/im/pictures/44d9fad5-e691-45be-8a47-55addea5d7ee.jpg?aki_policy=large"", ""https://a0.muscache.com/im/pictures/72c24f23-12d7-4d42-8b72-8bf9a3261999.jpg?aki_policy=large"", ""https://a0.muscache.com/im/pictures/c522f734-ecb2-4ce0-a2f3-41a0c35dd679.jpg?aki_policy=large"", ""https://a0.muscache.com/im/pictures/265a0400-37dc-4057-9b4e-de807506d388.jpg?aki_policy=large"", ""https://a0.muscache.com/im/pictures/8e8bc34b-ef3d-43a3-886b-750692440dfe.jpg?aki_policy=large"", ""https://a0.muscache.com/im/pictures/f4cda112-37ba-471d-99fd-8beeace7efa4.jpg?aki_policy=large"", ""https://a0.muscache.com/im/pictures/eecd5e61-0a09-4f15-b041-a3f20750b9bb.jpg?aki_policy=large"", ""https://a0.muscache.com/im/pictures/f167020c-de09-45a2-aa7a-77cdd030dc49.jpg?aki_policy=large"", ""https://a0.muscache.com/im/pictures/cc75ea3a-1d8f-4267-8312-bf3038e63235.jpg?aki_policy=large"", ""https://a0.muscache.com/im/pictures/fe44e7ba-b70d-4481-8fcd-bb3609c4c9cc.jpg?aki_policy=large"", ""https://a0.muscache.com/im/pictures/5efd2183-953a-4e23-9c81-4af5749f48c2.jpg?aki_policy=large"", ""https://a0.muscache.com/im/pictures/c66ece47-215a-4459-b3cb-84421673ad1b.jpg?aki_policy=large"", ""https://a0.muscache.com/im/pictures/3d9db87c-6402-4041-bc6a-c299c9f3c0de.jpg?aki_policy=large""]";"{""beds"": 1, ""bedrooms"": 1, ""bathrooms"": 1.0, ""amenity_ids"": [129, 35, 4, 37, 40, 41, 10, 12, 44, 45, 77, 47, 49, 50, 21, 28, 30], ""is_rebookable"": false, ""is_new_listing"": false, ""is_fully_refundable"": true, ""is_host_highly_rated"": true, ""is_business_travel_ready"": false}";"{""weekly_factor"": 0.89, ""monthly_factor"": 0.7}";4931;"";"{""is_superhost"": false}"
17313350;☆☆☆ Family flat @ Chic Paris 16;entire_home;Paris;Passy;48.8688278657;2.28070123921;5;"[""https://a0.muscache.com/im/pictures/0a08137e-e71d-4743-aebc-dd4cafa32ac6.jpg?aki_policy=large"", ""https://a0.muscache.com/im/pictures/731a42be-a4a0-454f-8e0e-0140fd68d193.jpg?aki_policy=large"", ""https://a0.muscache.com/im/pictures/2f76b877-6176-4a78-9ddb-771337ade43f.jpg?aki_policy=large"", ""https://a0.muscache.com/im/pictures/0690185f-2696-4d99-9194-5ccba31cb3b4.jpg?aki_policy=large"", ""https://a0.muscache.com/im/pictures/d7a2ae08-fd03-49cb-841d-4082cf7097c6.jpg?aki_policy=large"", ""https://a0.muscache.com/im/pictures/f4a8950a-3796-42b1-ba07-91615cde8269.jpg?aki_policy=large"", ""https://a0.muscache.com/im/pictures/7aac72fe-6ed0-4932-a79b-e05efc9b9cc8.jpg?aki_policy=large"", ""https://a0.muscache.com/im/pictures/2c214c01-7b31-4f20-9d62-d60a325bb143.jpg?aki_policy=large"", ""https://a0.muscache.com/im/pictures/7f71bc7b-c068-470a-82fc-9a8260d90c9d.jpg?aki_policy=large"", ""https://a0.muscache.com/im/pictures/d404ef91-3a4c-4b72-bb21-7ba52347edfd.jpg?aki_policy=large"", ""https://a0.muscache.com/im/pictures/800a917e-4441-4429-bf0f-ab5eb4ddb3fa.jpg?aki_policy=large"", ""https://a0.muscache.com/im/pictures/9cd264c8-d309-4b55-a99b-37d7bcfcf879.jpg?aki_policy=large"", ""https://a0.muscache.com/im/pictures/40a7f34b-671a-4b2c-bb89-10a22092b369.jpg?aki_policy=large"", ""https://a0.muscache.com/im/pictures/6859c6b6-9b3b-458e-adb9-bea53ab24d8e.jpg?aki_policy=large"", ""https://a0.muscache.com/im/pictures/46a8ad12-40e0-43b3-8c02-235c971c4ef9.jpg?aki_policy=large"", ""https://a0.muscache.com/im/pictures/3f52403d-b28d-4db9-9ad2-e5a474c7c6a0.jpg?aki_policy=large"", ""https://a0.muscache.com/im/pictures/b47fbcf8-ea71-46ea-b7f3-a24cf65752ca.jpg?aki_policy=large"", ""https://a0.muscache.com/im/pictures/32d32def-2641-42a7-a3f0-379414d25020.jpg?aki_policy=large"", ""https://a0.muscache.com/im/pictures/86f9acf9-9982-4563-b102-7e7b966df48c.jpg?aki_policy=large"", ""https://a0.muscache.com/im/pictures/71c5fd7e-587a-4bb6-8637-01f3400e467b.jpg?aki_policy=large"", ""https://a0.muscache.com/im/pictures/0f02e40c-800b-479f-9712-8e87d8fc716b.jpg?aki_policy=large"", ""https://a0.muscache.com/im/pictures/be8543d7-63b1-4a23-90fa-ea832a838ff3.jpg?aki_policy=large"", ""https://a0.muscache.com/im/pictures/f334b6d0-d443-41d6-8636-ffff80459209.jpg?aki_policy=large"", ""https://a0.muscache.com/im/pictures/9c612f8c-4f40-4180-b67d-f2baff0ac0a5.jpg?aki_policy=large"", ""https://a0.muscache.com/im/pictures/ef11b00f-13a8-4eac-a198-e9d209cc565d.jpg?aki_policy=large"", ""https://a0.muscache.com/im/pictures/3a714e2d-0669-4c56-97bb-a9d616e628ac.jpg?aki_policy=large"", ""https://a0.muscache.com/im/pictures/5aed75a3-c7cc-40a0-a11f-3f6e40cbad93.jpg?aki_policy=large""]";"{""beds"": 4, ""bedrooms"": 2, ""bathrooms"": 1.0, ""amenity_ids"": [1, 33, 2, 3, 4, 8, 40, 44, 45, 46, 47, 21, 28, 30, 31], ""is_rebookable"": false, ""is_new_listing"": false, ""is_fully_refundable"": true, ""is_host_highly_rated"": true, ""is_business_travel_ready"": false}";"{""weekly_factor"": 1.0, ""monthly_factor"": 1.0}";7892;"";"{""is_superhost"": false}"
17323590;ID 130 Saint Germain des Près (Saints Pères);entire_home;Paris;Saint Germain des Prés - Odéon;48.8569315804;2.33249367009;4;"[""https://a0.muscache.com/im/pictures/bdd353c1-480c-497a-849d-b4c5cf46b3a6.jpg?aki_policy=large"", ""https://a0.muscache.com/im/pictures/a7f436c4-8dad-46c7-9bcd-e218cb46bf31.jpg?aki_policy=large"", ""https://a0.muscache.com/im/pictures/d7b7b5a1-30a7-4fe7-b8b4-7f7a2c319b5c.jpg?aki_policy=large"", ""https://a0.muscache.com/im/pictures/9de942e9-941c-4f57-b83e-9c4279fc423a.jpg?aki_policy=large"", ""https://a0.muscache.com/im/pictures/378c5d20-161c-46b0-a6a9-155a34099fb5.jpg?aki_policy=large"", ""https://a0.muscache.com/im/pictures/5ef6d392-f0c3-4c9b-af75-46a67b47e8d0.jpg?aki_policy=large"", ""https://a0.muscache.com/im/pictures/fc9ec663-4f9a-4530-9424-e8e92cb11139.jpg?aki_policy=large"", ""https://a0.muscache.com/im/pictures/a664c42e-5ba0-4a5c-8620-fd9975e156db.jpg?aki_policy=large"", ""https://a0.muscache.com/im/pictures/173464b5-84d4-4eaa-abbe-67cb9fdc6ac5.jpg?aki_policy=large"", ""https://a0.muscache.com/im/pictures/97e886c6-13e8-4a43-a818-e98907d951bc.jpg?aki_policy=large"", ""https://a0.muscache.com/im/pictures/80995551-08a6-4a6e-aa60-25a60b6565d7.jpg?aki_policy=large"", ""https://a0.muscache.com/im/pictures/36f0f41b-ae51-412c-9335-6c71f1514d80.jpg?aki_policy=large"", ""https://a0.muscache.com/im/pictures/770f4ae8-992e-4a54-8a57-19c6f7ed4cb0.jpg?aki_policy=large"", ""https://a0.muscache.com/im/pictures/75f90980-3524-4e9f-9078-b41d6840b92c.jpg?aki_policy=large"", ""https://a0.muscache.com/im/pictures/2822dda8-de4b-452f-8850-b0db4974393f.jpg?aki_policy=large""]";"{""beds"": 2, ""bedrooms"": 1, ""bathrooms"": 1.0, ""amenity_ids"": [1, 33, 129, 34, 35, 4, 8, 40, 44, 45, 77, 46, 47, 21, 30, 31], ""is_rebookable"": false, ""is_new_listing"": false, ""is_fully_refundable"": true, ""is_host_highly_rated"": true, ""is_business_travel_ready"": false}";"{""weekly_factor"": 0.7, ""monthly_factor"": 0.42}";6005;"";"{""is_superhost"": false}"
17325246;Luxury apt at Trocadéro->Special Price!;entire_home;Paris;Passy;48.8622405516;2.28416554331;4;"[""https://a0.muscache.com/im/pictures/f6a83f86-5c98-4e6c-b3fc-e63ac76ac60d.jpg?aki_policy=large"", ""https://a0.muscache.com/im/pictures/4b7b6af2-3e00-48cf-9844-ff7dca0db480.jpg?aki_policy=large"", ""https://a0.muscache.com/im/pictures/4dfec387-220d-4d6c-910d-041251a046cb.jpg?aki_policy=large"", ""https://a0.muscache.com/im/pictures/5d776227-b627-48ac-ab99-452afc504cdb.jpg?aki_policy=large"", ""https://a0.muscache.com/im/pictures/0e9aea6a-8103-4d3a-a4fd-b567276db2d2.jpg?aki_policy=large"", ""https://a0.muscache.com/im/pictures/ae5b9749-abb9-43a3-bdb5-83a0e6a7665a.jpg?aki_policy=large"", ""https://a0.muscache.com/im/pictures/78326da7-fba0-44b2-aebf-94205f7315a3.jpg?aki_policy=large"", ""https://a0.muscache.com/im/pictures/41ffe6dd-94d0-4e07-b7f1-a7e660cddb5f.jpg?aki_policy=large"", ""https://a0.muscache.com/im/pictures/2e78460c-d48d-448e-bcc9-339c79e62247.jpg?aki_policy=large"", ""https://a0.muscache.com/im/pictures/b440b22b-2065-4348-a1a9-aed38038427c.jpg?aki_policy=large"", ""https://a0.muscache.com/im/pictures/89c98f83-1c5f-4d2d-ba4b-3ee56b58716d.jpg?aki_policy=large"", ""https://a0.muscache.com/im/pictures/22759465-fab0-4eae-89b1-9bdceae75da3.jpg?aki_policy=large"", ""https://a0.muscache.com/im/pictures/36117eaa-8f89-42ba-a335-b3b2ddcc044a.jpg?aki_policy=large""]";"{""beds"": 2, ""bedrooms"": 1, ""bathrooms"": 1.0, ""amenity_ids"": [1, 129, 2, 4, 8, 77, 21, 85, 86, 87, 88, 89, 90, 91, 92, 93, 30, 94, 31, 95, 96, 33, 35, 36, 40, 104, 41, 44, 45, 46, 47, 50], ""is_rebookable"": false, ""is_new_listing"": false, ""is_fully_refundable"": true, ""is_host_highly_rated"": true, ""is_business_travel_ready"": false}";"{""weekly_factor"": 0.85, ""monthly_factor"": 0.75}";4325;"";"{""is_superhost"": true}"
17394111;Castor, 1Ch/1Sdb, 3 personnes;entire_home;Paris;Le Marais;48.8593672945;2.35344733423;3;"[""https://a0.muscache.com/im/pictures/839c1257-2e2a-45f3-98d1-bfbbbea2c41e.jpg?aki_policy=large"", ""https://a0.muscache.com/im/pictures/8631bee3-ecc4-4103-b587-6b608f9f36ac.jpg?aki_policy=large"", ""https://a0.muscache.com/im/pictures/b76dddf9-62fd-465c-abc3-5173a012c077.jpg?aki_policy=large"", ""https://a0.muscache.com/im/pictures/78aeda2b-139a-4f7f-8c2b-574b66efffe4.jpg?aki_policy=large"", ""https://a0.muscache.com/im/pictures/3048f1ca-981b-40f0-9088-220358755d0e.jpg?aki_policy=large"", ""https://a0.muscache.com/im/pictures/397ff414-54cf-44ad-806b-3511971aad84.jpg?aki_policy=large"", ""https://a0.muscache.com/im/pictures/0461cf2b-fdc5-462f-a168-f881be800fdf.jpg?aki_policy=large"", ""https://a0.muscache.com/im/pictures/10108c38-5d7e-43f5-831f-2b498d8cd3fe.jpg?aki_policy=large"", ""https://a0.muscache.com/im/pictures/4f6aee6a-af88-4f7c-91d7-23da80fe4776.jpg?aki_policy=large""]";"{""beds"": 2, ""bedrooms"": 1, ""bathrooms"": 1.0, ""amenity_ids"": [1, 2, 35, 4, 8, 44, 45, 30, 46, 31, 47], ""is_rebookable"": false, ""is_new_listing"": false, ""is_fully_refundable"": true, ""is_host_highly_rated"": true, ""is_business_travel_ready"": false}";"{""weekly_factor"": 0.86, ""monthly_factor"": 0.48}";6334;"";"{""is_superhost"": false}"
17414272;Confort familial près du canal Saint Martin;entire_home;Paris;Canal Saint-Martin;48.8778470253;2.36325732211;8;"[""https://a0.muscache.com/im/pictures/626620c8-80c5-4de6-9663-b3a3cb1c7068.jpg?aki_policy=large"", ""https://a0.muscache.com/im/pictures/304dc0a5-4817-43f9-b39a-20e8d24f8ae1.jpg?aki_policy=large"", ""https://a0.muscache.com/im/pictures/0b0557c1-a1b3-434d-85ad-0b3449604671.jpg?aki_policy=large"", ""https://a0.muscache.com/im/pictures/c0d39ea1-0098-4a8a-8c69-64727b5de921.jpg?aki_policy=large"", ""https://a0.muscache.com/im/pictures/80a60867-ff05-4ca7-9239-738d915478b3.jpg?aki_policy=large"", ""https://a0.muscache.com/im/pictures/a70666ed-500e-41b3-9714-f2097d94f8ed.jpg?aki_policy=large"", ""https://a0.muscache.com/im/pictures/577fbff4-3ae8-4e5d-a6f0-1a0476f34121.jpg?aki_policy=large"", ""https://a0.muscache.com/im/pictures/641a52c2-7854-47da-a481-68ced6f9b41c.jpg?aki_policy=large"", ""https://a0.muscache.com/im/pictures/8180ce2f-d1fd-4676-8c91-5517b8670fff.jpg?aki_policy=large"", ""https://a0.muscache.com/im/pictures/7798bff7-0d51-4cea-a508-5b0a09caf73e.jpg?aki_policy=large"", ""https://a0.muscache.com/im/pictures/c3dcf3f3-0b0f-48e2-b226-8eb476c131a9.jpg?aki_policy=large"", ""https://a0.muscache.com/im/pictures/1eec6a62-bcbd-4e5c-acef-535e47995597.jpg?aki_policy=large"", ""https://a0.muscache.com/im/pictures/6ea84ee8-b0f0-477d-9d5f-a9257fe7410b.jpg?aki_policy=large"", ""https://a0.muscache.com/im/pictures/cf2ba89e-7394-47a9-9c5e-86c689c38988.jpg?aki_policy=large"", ""https://a0.muscache.com/im/pictures/0fe00a13-9b2c-489f-8363-bbeb78b6712e.jpg?aki_policy=large"", ""https://a0.muscache.com/im/pictures/8c22d481-ef54-4d40-8b71-80843c1ee776.jpg?aki_policy=large"", ""https://a0.muscache.com/im/pictures/f58977b0-5214-4a1e-9a40-9f7b9de3c74b.jpg?aki_policy=large"", ""https://a0.muscache.com/im/pictures/9b9da8f2-9ffc-4bec-8216-51b6fa779021.jpg?aki_policy=large"", ""https://a0.muscache.com/im/pictures/80765398-95c6-412f-8a17-412439ced6dd.jpg?aki_policy=large"", ""https://a0.muscache.com/im/pictures/8938bd6c-7477-4a4e-a5a3-f686eb4316e3.jpg?aki_policy=large"", ""https://a0.muscache.com/im/pictures/bc7d60dc-15e7-4a09-85da-395c632ee44a.jpg?aki_policy=large"", ""https://a0.muscache.com/im/pictures/4f73d0e8-f826-481b-aeca-4d473d1cca37.jpg?aki_policy=large"", ""https://a0.muscache.com/im/pictures/27f85307-9279-4796-a59b-6de1d515c3f8.jpg?aki_policy=large"", ""https://a0.muscache.com/im/pictures/f588e1ad-188a-4e63-8a5b-7d4a2435c0ba.jpg?aki_policy=large"", ""https://a0.muscache.com/im/pictures/da41f6a5-9980-4173-b7f2-48e105a49c7e.jpg?aki_policy=large"", ""https://a0.muscache.com/im/pictures/c87611bc-d393-4954-924b-9179122b78a7.jpg?aki_policy=large"", ""https://a0.muscache.com/im/pictures/950c145e-5499-4c22-8445-506632f62ea5.jpg?aki_policy=large"", ""https://a0.muscache.com/im/pictures/4b86cee1-0050-4be0-ac41-9753e1cf04a4.jpg?aki_policy=large"", ""https://a0.muscache.com/im/pictures/1f34b479-f995-4fed-aa41-0388cd685cb2.jpg?aki_policy=large"", ""https://a0.muscache.com/im/pictures/beba98bb-615c-449e-bd8f-d3e3ab581acf.jpg?aki_policy=large""]";"{""beds"": 4, ""bedrooms"": 3, ""bathrooms"": 2.0, ""amenity_ids"": [33, 129, 34, 66, 4, 8, 40, 41, 45, 77, 46, 47, 21, 57, 30, 31], ""is_rebookable"": false, ""is_new_listing"": false, ""is_fully_refundable"": true, ""is_host_highly_rated"": true, ""is_business_travel_ready"": false}";"{""weekly_factor"": 0.95, ""monthly_factor"": 1.0}";5154;"";"{""is_superhost"": false}"
17432320;Large and Stylish 3 Bedroom Apartment in the 9th;entire_home;Paris;Gare du Nord - Gare de I'Est;48.8750225104;2.34426546466;6;"[""https://a0.muscache.com/im/pictures/6de950e3-2a33-4171-9ade-d7656a17c226.jpg?aki_policy=large"", ""https://a0.muscache.com/im/pictures/db5e2ab4-e3f2-40ef-ab77-9fe9c0cc2479.jpg?aki_policy=large"", ""https://a0.muscache.com/im/pictures/6ceec2be-f438-41d3-8796-d8ac954e4adc.jpg?aki_policy=large"", ""https://a0.muscache.com/im/pictures/298e7a59-1f2b-4547-9bec-affbbc361392.jpg?aki_policy=large"", ""https://a0.muscache.com/im/pictures/d4c50af6-94af-47f4-b92c-da2c56829581.jpg?aki_policy=large"", ""https://a0.muscache.com/im/pictures/1ebd8bbe-a5ea-4fa5-a7c7-eecbc8d69a30.jpg?aki_policy=large"", ""https://a0.muscache.com/im/pictures/8147b24f-fb1a-4730-8b6a-b1853c116d17.jpg?aki_policy=large"", ""https://a0.muscache.com/im/pictures/d473b879-6207-4126-afe9-d0be6be3710e.jpg?aki_policy=large"", ""https://a0.muscache.com/im/pictures/4281a0d5-7b4a-4231-a246-fc0b2358227e.jpg?aki_policy=large"", ""https://a0.muscache.com/im/pictures/edf335d8-cf58-432b-8aea-271e4faa3c14.jpg?aki_policy=large"", ""https://a0.muscache.com/im/pictures/7f5a07bf-a1c7-4d57-bd30-94b2e25d4221.jpg?aki_policy=large"", ""https://a0.muscache.com/im/pictures/bb9f4d44-4ead-40ad-81dd-a0e9ff14a98a.jpg?aki_policy=large"", ""https://a0.muscache.com/im/pictures/c8747598-79c6-48b9-9782-3cb1ea4e3e89.jpg?aki_policy=large"", ""https://a0.muscache.com/im/pictures/6f08dc87-e1f9-48cb-8e10-1d3a1ba2f783.jpg?aki_policy=large"", ""https://a0.muscache.com/im/pictures/5ca9c125-f6a4-4e3a-81b9-e5300d63a9db.jpg?aki_policy=large"", ""https://a0.muscache.com/im/pictures/2be49021-5024-479d-961c-dbf84bd3aa3f.jpg?aki_policy=large""]";"{""beds"": 3, ""bedrooms"": 3, ""bathrooms"": 2.0, ""amenity_ids"": [1, 33, 129, 2, 34, 3, 35, 4, 37, 8, 40, 44, 45, 46, 47, 21, 28, 30, 31], ""is_rebookable"": false, ""is_new_listing"": false, ""is_fully_refundable"": true, ""is_host_highly_rated"": true, ""is_business_travel_ready"": false}";"{""weekly_factor"": 1.0, ""monthly_factor"": 0.75}";403;"";"{""is_superhost"": false}"
17455853;Charmant 3 pièces dans le 11ème;entire_home;Paris;Bastille;48.8589379561;2.37459524021;4;"[""https://a0.muscache.com/im/pictures/ce11e89a-2ff9-45e8-92ab-b10f2dab6ec0.jpg?aki_policy=large"", ""https://a0.muscache.com/im/pictures/db574a8a-1305-4e34-8927-f0fa0c192a12.jpg?aki_policy=large"", ""https://a0.muscache.com/im/pictures/b6067030-74aa-4591-85e4-f815e9e5f2f1.jpg?aki_policy=large"", ""https://a0.muscache.com/im/pictures/fd6b8562-eab2-4311-bca5-82ab061ff26e.jpg?aki_policy=large"", ""https://a0.muscache.com/im/pictures/5285bd22-086a-46b2-a146-6c38d61b8a92.jpg?aki_policy=large"", ""https://a0.muscache.com/im/pictures/1f09e9cc-094e-4f00-8f87-a1a3220418fc.jpg?aki_policy=large"", ""https://a0.muscache.com/im/pictures/c5a75501-1f11-4ad3-a4d3-dece1dcd03d0.jpg?aki_policy=large"", ""https://a0.muscache.com/im/pictures/e3ad4ebb-2371-4e83-9895-dfe5db1e2236.jpg?aki_policy=large"", ""https://a0.muscache.com/im/pictures/44552491-b26c-4105-8074-95fb8967796f.jpg?aki_policy=large"", ""https://a0.muscache.com/im/pictures/2bc0903e-4d91-445b-b58b-9d9b3e80b2e8.jpg?aki_policy=large"", ""https://a0.muscache.com/im/pictures/459fe9d1-5c57-423a-b0cc-2ecb3483cf44.jpg?aki_policy=large"", ""https://a0.muscache.com/im/pictures/6c2a8f5c-1fd3-41fb-b2d9-6ba6ed3ea7bf.jpg?aki_policy=large"", ""https://a0.muscache.com/im/pictures/0a342d75-07e6-4f62-b9ee-93af7e3a4127.jpg?aki_policy=large"", ""https://a0.muscache.com/im/pictures/c4338844-ee25-4eb9-97ea-dcfec112193d.jpg?aki_policy=large"", ""https://a0.muscache.com/im/pictures/750091da-da3a-4283-8ed3-8056495273fb.jpg?aki_policy=large"", ""https://a0.muscache.com/im/pictures/9ced15e3-129b-4680-9af2-ba506d5a39bf.jpg?aki_policy=large"", ""https://a0.muscache.com/im/pictures/23c4b224-a548-403f-afe5-f71c1bf0eaa2.jpg?aki_policy=large"", ""https://a0.muscache.com/im/pictures/f0b27509-d9c9-4d28-841d-0608b26e94d0.jpg?aki_policy=large"", ""https://a0.muscache.com/im/pictures/153655ed-159b-47fe-b1c6-83634a08878d.jpg?aki_policy=large"", ""https://a0.muscache.com/im/pictures/7552da75-9283-4987-90ef-d7c7541d1b7e.jpg?aki_policy=large"", ""https://a0.muscache.com/im/pictures/5f852570-6a8f-4aa9-b01b-725bafdd83ef.jpg?aki_policy=large"", ""https://a0.muscache.com/im/pictures/d2f6ea49-8eb0-49cc-ad9d-13acb70139c0.jpg?aki_policy=large"", ""https://a0.muscache.com/im/pictures/713283e1-78b9-476c-bdc0-4b989d1e3e12.jpg?aki_policy=large"", ""https://a0.muscache.com/im/pictures/be77757c-fc3b-4c82-be74-ed73f55c65cf.jpg?aki_policy=large"", ""https://a0.muscache.com/im/pictures/27b7cb92-b5a7-4d18-892b-6f6f39f5008f.jpg?aki_policy=large"", ""https://a0.muscache.com/im/pictures/ac814877-f6c9-4b33-ac8f-420751d37f4e.jpg?aki_policy=large"", ""https://a0.muscache.com/im/pictures/c0fabd95-e30b-4c95-a3b1-a7e75f53e9c1.jpg?aki_policy=large"", ""https://a0.muscache.com/im/pictures/590b3375-6fc7-4284-94ba-e1e60d53e457.jpg?aki_policy=large"", ""https://a0.muscache.com/im/pictures/5619a725-0632-4aca-83cc-9c00d8557f2e.jpg?aki_policy=large"", ""https://a0.muscache.com/im/pictures/4a94e4b7-7449-4b10-b5dc-838ecdc41ecd.jpg?aki_policy=large""]";"{""beds"": 3, ""bedrooms"": 2, ""bathrooms"": 2.0, ""amenity_ids"": [1, 129, 66, 4, 8, 73, 77, 16, 85, 90, 91, 28, 92, 93, 30, 94, 31, 95, 33, 35, 38, 103, 40, 107, 44, 45, 46, 47, 61], ""is_rebookable"": false, ""is_new_listing"": false, ""is_fully_refundable"": true, ""is_host_highly_rated"": false, ""is_business_travel_ready"": false}";"{""weekly_factor"": 0.92, ""monthly_factor"": 0.85}";1408;"";"{""is_superhost"": false}"
17466943;BEL APPT 51M2 - À DEUX PAS DU JARDIN DU LUXEMBOURG;entire_home;Paris;Saint Germain des Prés - Odéon;48.8474231696;2.33968455987;4;"[""https://a0.muscache.com/im/pictures/26ec7861-bdfb-480f-8345-23c05428f9c1.jpg?aki_policy=large"", ""https://a0.muscache.com/im/pictures/cca832af-8252-4759-95c9-aed1bb34ff85.jpg?aki_policy=large"", ""https://a0.muscache.com/im/pictures/143a7774-433f-4711-a597-f7016dca115d.jpg?aki_policy=large"", ""https://a0.muscache.com/im/pictures/b7358c8d-f13b-4cf8-b0d7-65cedceca2ac.jpg?aki_policy=large"", ""https://a0.muscache.com/im/pictures/4e94f353-d4f8-46e5-b38b-6729d12f313f.jpg?aki_policy=large"", ""https://a0.muscache.com/im/pictures/b5038b27-a8f8-4bf3-a84e-73b7fe4bc46e.jpg?aki_policy=large"", ""https://a0.muscache.com/im/pictures/8dd7daba-5228-41d4-8835-94f2e45b9fe2.jpg?aki_policy=large"", ""https://a0.muscache.com/im/pictures/308f5b0a-d5f5-4722-82f7-36465be17028.jpg?aki_policy=large"", ""https://a0.muscache.com/im/pictures/4ba91c38-48f3-4587-9fd6-8aed7f8f3db1.jpg?aki_policy=large"", ""https://a0.muscache.com/im/pictures/da4a2b8c-6895-4acd-acc4-4f964230f9ff.jpg?aki_policy=large"", ""https://a0.muscache.com/im/pictures/e329866d-9af9-4862-975a-061e9787ccac.jpg?aki_policy=large"", ""https://a0.muscache.com/im/pictures/89933f8c-e46a-40a1-a26b-daa3beea3b6d.jpg?aki_policy=large"", ""https://a0.muscache.com/im/pictures/2082bc41-b84c-4900-8de7-3ee21652ab61.jpg?aki_policy=large""]";"{""beds"": 2, ""bedrooms"": 1, ""bathrooms"": 1.0, ""amenity_ids"": [1, 33, 34, 3, 4, 8, 40, 41, 44, 45, 46, 47, 30, 31], ""is_rebookable"": false, ""is_new_listing"": false, ""is_fully_refundable"": true, ""is_host_highly_rated"": false, ""is_business_travel_ready"": false}";"{""weekly_factor"": 1.0, ""monthly_factor"": 0.9}";3562;"";"{""is_superhost"": false}"
17477668;Charming flat in typical Jourdain neighborood;entire_home;Paris;Buttes-Chaumont - Belleville;48.8741282673;2.39127421272;2;"[""https://a0.muscache.com/im/pictures/47ea7296-2584-41c8-9624-0819500ced1e.jpg?aki_policy=large"", ""https://a0.muscache.com/im/pictures/a3a0ff0b-b4a7-4ba9-963b-4e1d08b1999a.jpg?aki_policy=large"", ""https://a0.muscache.com/im/pictures/37ec6b5e-8cef-4730-9d6e-2cec77b14766.jpg?aki_policy=large"", ""https://a0.muscache.com/im/pictures/ab74b746-95a9-40ac-b5ac-3e8e35c656b1.jpg?aki_policy=large"", ""https://a0.muscache.com/im/pictures/1069b454-abcb-4e4d-8190-3c383013f903.jpg?aki_policy=large"", ""https://a0.muscache.com/im/pictures/312fba26-d4e5-4dda-904c-cfffb918a351.jpg?aki_policy=large"", ""https://a0.muscache.com/im/pictures/5af128c8-ce84-4939-b42f-5eb9cae180a6.jpg?aki_policy=large"", ""https://a0.muscache.com/im/pictures/2622c37c-e9e5-4c91-ba92-6e6b5a88a654.jpg?aki_policy=large"", ""https://a0.muscache.com/im/pictures/9772cca6-464f-4d81-95e4-eca01162d4ef.jpg?aki_policy=large"", ""https://a0.muscache.com/im/pictures/0505cc96-6ec1-40f9-be32-9022ead88254.jpg?aki_policy=large"", ""https://a0.muscache.com/im/pictures/6223443a-8fdc-450f-8b84-c27f70d1c3bd.jpg?aki_policy=large"", ""https://a0.muscache.com/im/pictures/e58ff33d-c43e-4eb8-92ab-3b2ba10acc1a.jpg?aki_policy=large"", ""https://a0.muscache.com/im/pictures/2549dbd0-e3a9-4c38-989c-9b4a1aa059a7.jpg?aki_policy=large"", ""https://a0.muscache.com/im/pictures/cc655894-e81d-496b-9b16-7c26186fff62.jpg?aki_policy=large"", ""https://a0.muscache.com/im/pictures/6b599207-582d-4170-993b-1297b573e157.jpg?aki_policy=large"", ""https://a0.muscache.com/im/pictures/b64d7d9c-474b-4d62-90e2-0d6fe0b7903e.jpg?aki_policy=large"", ""https://a0.muscache.com/im/pictures/cbb7d9ba-6040-40f3-b890-1d82d225f36a.jpg?aki_policy=large"", ""https://a0.muscache.com/im/pictures/30540241-bdac-402d-a5c1-253a1f81d293.jpg?aki_policy=large""]";"{""beds"": 1, ""bedrooms"": 1, ""bathrooms"": 1.0, ""amenity_ids"": [129, 4, 8, 11, 12, 77, 85, 86, 88, 89, 90, 91, 92, 93, 30, 94, 95, 33, 35, 40, 41, 44, 45, 46, 47, 49, 50, 56], ""is_rebookable"": false, ""is_new_listing"": false, ""is_fully_refundable"": true, ""is_host_highly_rated"": true, ""is_business_travel_ready"": false}";"{""weekly_factor"": 1.0, ""monthly_factor"": 1.0}";1385;"";"{""is_superhost"": false}"
17522117;Chambre d'hotes, BnB room Chatelet Tour St Jacques;private_room;Paris;Notre Dame - Ile de La Cité;48.8576389006;2.34720320017;2;"[""https://a0.muscache.com/im/pictures/aeee214e-2bb8-4509-9edc-3b19383e4499.jpg?aki_policy=large"", ""https://a0.muscache.com/im/pictures/c9c1d564-c4d4-4ad4-b526-3426bf84b578.jpg?aki_policy=large"", ""https://a0.muscache.com/im/pictures/f2c22508-d39e-4ea7-8b51-b8dde89cba6a.jpg?aki_policy=large"", ""https://a0.muscache.com/im/pictures/f802d294-4974-4a9f-8cb3-4131e3a434af.jpg?aki_policy=large"", ""https://a0.muscache.com/im/pictures/da720a27-53d5-40c8-9294-677eac8b3628.jpg?aki_policy=large"", ""https://a0.muscache.com/im/pictures/d98bf913-b676-4c28-a7fc-085e6fd3c4f4.jpg?aki_policy=large"", ""https://a0.muscache.com/im/pictures/1aaedf4b-c167-4ae7-a715-39bcb128b109.jpg?aki_policy=large"", ""https://a0.muscache.com/im/pictures/fe0ffc0c-d95e-446b-ad65-5f8d708d85ed.jpg?aki_policy=large"", ""https://a0.muscache.com/im/pictures/034180bd-aa32-4430-8f6e-7036eea05984.jpg?aki_policy=large"", ""https://a0.muscache.com/im/pictures/b128a76f-cc77-4e17-8f38-e8d3e9777feb.jpg?aki_policy=large"", ""https://a0.muscache.com/im/pictures/7d9ac829-59cc-471d-a125-2934a01bd974.jpg?aki_policy=large"", ""https://a0.muscache.com/im/pictures/0c4f0d16-7652-4224-ab3d-d8d9c670da08.jpg?aki_policy=large"", ""https://a0.muscache.com/im/pictures/f602c32b-4107-4bc5-857d-c07f279beebe.jpg?aki_policy=large"", ""https://a0.muscache.com/im/pictures/214a411a-5aa1-43ed-bbca-44b532970722.jpg?aki_policy=large"", ""https://a0.muscache.com/im/pictures/14a64dbb-1646-419c-8fc0-cb3de00ce0be.jpg?aki_policy=large"", ""https://a0.muscache.com/im/pictures/7d8e9cf2-dd5c-4ba5-80fe-07442f303fd7.jpg?aki_policy=large"", ""https://a0.muscache.com/im/pictures/84feae00-8625-4655-a732-0eb24fdbd403.jpg?aki_policy=large"", ""https://a0.muscache.com/im/pictures/90fd4c68-de62-42fd-a607-269093ef9146.jpg?aki_policy=large"", ""https://a0.muscache.com/im/pictures/300c0589-0ab8-4f9f-b9bf-5941b09c2835.jpg?aki_policy=large"", ""https://a0.muscache.com/im/pictures/735378ff-acf2-4b7d-b1ca-56a9d4897152.jpg?aki_policy=large"", ""https://a0.muscache.com/im/pictures/db3e198c-612d-4e44-afa9-b4a6bdefe9e3.jpg?aki_policy=large"", ""https://a0.muscache.com/im/pictures/7a315662-a427-455e-8133-3a804e50ce74.jpg?aki_policy=large"", ""https://a0.muscache.com/im/pictures/e814c395-a89c-4ea1-a851-9d27e64cf596.jpg?aki_policy=large"", ""https://a0.muscache.com/im/pictures/550d5ef5-67c1-4dfd-83e3-53d6c4cc4459.jpg?aki_policy=large"", ""https://a0.muscache.com/im/pictures/d33e4142-653c-49d2-bbc4-1d1f15887d49.jpg?aki_policy=large"", ""https://a0.muscache.com/im/pictures/c1dc6111-0c84-4bd5-aa4d-71c3a936b372.jpg?aki_policy=large"", ""https://a0.muscache.com/im/pictures/091ec7b0-3e68-4e53-b297-c7592e7d42ee.jpg?aki_policy=large"", ""https://a0.muscache.com/im/pictures/af642c40-f25c-464d-833f-1603e55e27fe.jpg?aki_policy=large"", ""https://a0.muscache.com/im/pictures/2fcb2ca7-ea1c-472d-85dd-f9554ed023e1.jpg?aki_policy=large"", ""https://a0.muscache.com/im/pictures/09da70f6-2d0c-45c3-bcdd-dc9f64a22e6d.jpg?aki_policy=large""]";"{""beds"": 1, ""bedrooms"": 1, ""bathrooms"": 1.0, ""amenity_ids"": [1, 129, 2, 66, 4, 71, 8, 72, 73, 10, 75, 77, 16, 21, 86, 89, 90, 27, 91, 93, 30, 94, 31, 33, 35, 100, 37, 103, 40, 104, 41, 42, 44, 45, 46, 47], ""is_rebookable"": false, ""is_new_listing"": false, ""is_fully_refundable"": true, ""is_host_highly_rated"": true, ""is_business_travel_ready"": false}";"{""weekly_factor"": 0.88, ""monthly_factor"": 1.0}";3866;"";"{""is_superhost"": true}"
17553179;Petit bateau...;entire_home;Paris;"";48.8792909463;2.38898655294;1;"[""https://a0.muscache.com/im/pictures/1f4a5fea-8537-4bac-85af-4ed3b19b41d8.jpg?aki_policy=large"", ""https://a0.muscache.com/im/pictures/5e56ce7f-c6f2-4690-aefd-73f528cbc50c.jpg?aki_policy=large"", ""https://a0.muscache.com/im/pictures/2e64b8ee-c28b-452e-b083-fa216a495789.jpg?aki_policy=large"", ""https://a0.muscache.com/im/pictures/60dc8aaf-765e-4bec-830f-ba868952fc93.jpg?aki_policy=large"", ""https://a0.muscache.com/im/pictures/64832629-4484-4bcf-8da1-80a999aeabc0.jpg?aki_policy=large"", ""https://a0.muscache.com/im/pictures/b14c0e08-3300-489d-8ae7-0d229d4ca33b.jpg?aki_policy=large"", ""https://a0.muscache.com/im/pictures/a58ee1dc-da38-406f-be5f-eab73e318e9b.jpg?aki_policy=large"", ""https://a0.muscache.com/im/pictures/65d0f171-6505-4441-ae6b-b2e14c7526a1.jpg?aki_policy=large""]";"{""beds"": 1, ""bedrooms"": 0, ""bathrooms"": 1.0, ""amenity_ids"": [32, 49, 40, 11], ""is_rebookable"": false, ""is_new_listing"": false, ""is_fully_refundable"": true, ""is_host_highly_rated"": false, ""is_business_travel_ready"": false}";"{""weekly_factor"": 0.79, ""monthly_factor"": 0.7}";7539;"";"{""is_superhost"": false}"
17588647;Christmas in Paris !;entire_home;Paris;Vaugirard;48.846928142;2.30426008561;4;"[""https://a0.muscache.com/im/pictures/f10b533c-82cf-4785-836a-cb6bff43a8c8.jpg?aki_policy=large"", ""https://a0.muscache.com/im/pictures/054b18c2-b40b-4efd-89af-50154c99414a.jpg?aki_policy=large"", ""https://a0.muscache.com/im/pictures/104ff3e5-b954-400a-b13e-d1124e66b790.jpg?aki_policy=large"", ""https://a0.muscache.com/im/pictures/e779fb2b-9764-4633-866d-670aed5d7189.jpg?aki_policy=large"", ""https://a0.muscache.com/im/pictures/80be9246-b419-44cd-934a-ff5340d0eb41.jpg?aki_policy=large"", ""https://a0.muscache.com/im/pictures/ff2a839e-b36f-4914-9eee-74a895ae4003.jpg?aki_policy=large"", ""https://a0.muscache.com/im/pictures/c8c7911d-fbaf-467c-9b50-781bee6ef4b5.jpg?aki_policy=large"", ""https://a0.muscache.com/im/pictures/db8346d8-2cc9-4804-98b6-cec3b76d5f43.jpg?aki_policy=large"", ""https://a0.muscache.com/im/pictures/ff28974e-b03f-4c53-8d20-61295ae86223.jpg?aki_policy=large"", ""https://a0.muscache.com/im/pictures/d6b494fd-ada9-48c3-87d2-7feb4bdd181c.jpg?aki_policy=large"", ""https://a0.muscache.com/im/pictures/0d66e6f6-c89c-4369-8411-be3302e68f1e.jpg?aki_policy=large"", ""https://a0.muscache.com/im/pictures/515f6ca5-cfc5-4fa2-950c-fb11f408e8c0.jpg?aki_policy=large"", ""https://a0.muscache.com/im/pictures/3762d240-7cab-4cd4-b40b-c533e0f7a9e1.jpg?aki_policy=large"", ""https://a0.muscache.com/im/pictures/d645ba7d-a3a9-4ef3-964b-19529db86a68.jpg?aki_policy=large""]";"{""beds"": 2, ""bedrooms"": 2, ""bathrooms"": 1.0, ""amenity_ids"": [64, 1, 2, 66, 3, 4, 68, 71, 8, 10, 74, 11, 12, 77, 21, 85, 86, 88, 25, 89, 90, 91, 92, 93, 30, 94, 31, 95, 96, 33, 34, 35, 100, 103, 40, 41, 44, 45, 46, 60, 61, 62, 63], ""is_rebookable"": false, ""is_new_listing"": false, ""is_fully_refundable"": true, ""is_host_highly_rated"": false, ""is_business_travel_ready"": false}";"{""weekly_factor"": 0.9, ""monthly_factor"": 0.8}";3430;"";"{""is_superhost"": false}"
17600058;Joli deux pièces;entire_home;Paris;Buttes-Chaumont - Belleville;48.8821823227;2.38789713493;2;"[""https://a0.muscache.com/im/pictures/78ad85b9-54db-4956-8319-5c0ef7597d04.jpg?aki_policy=large"", ""https://a0.muscache.com/im/pictures/b2b74347-a647-4165-8731-618f6650c214.jpg?aki_policy=large"", ""https://a0.muscache.com/im/pictures/70675981-1f49-4b9b-bfd9-3bbe8383876c.jpg?aki_policy=large"", ""https://a0.muscache.com/im/pictures/192e3ae1-797a-46eb-9bba-0486c38bf745.jpg?aki_policy=large"", ""https://a0.muscache.com/im/pictures/5bc97ee3-9bad-4673-b0b2-23923e1c8a3e.jpg?aki_policy=large""]";"{""beds"": 1, ""bedrooms"": 0, ""bathrooms"": 1.0, ""amenity_ids"": [33, 35, 4, 8, 40, 30, 31], ""is_rebookable"": false, ""is_new_listing"": false, ""is_fully_refundable"": true, ""is_host_highly_rated"": false, ""is_business_travel_ready"": false}";"{""weekly_factor"": 1.0, ""monthly_factor"": 1.0}";7974;"";"{""is_superhost"": false}"
17633726;Castor, studio, 3 personnes;entire_home;Paris;Le Marais;48.8595116452;2.3530456833;3;"[""https://a0.muscache.com/im/pictures/be2cf13f-1799-4fff-806a-c70a86779903.jpg?aki_policy=large"", ""https://a0.muscache.com/im/pictures/0f68a2e5-7582-453a-b0b8-7b6d5218216c.jpg?aki_policy=large"", ""https://a0.muscache.com/im/pictures/495b4489-18cd-4e29-a3d7-2281e5f032ac.jpg?aki_policy=large"", ""https://a0.muscache.com/im/pictures/59b40986-8195-47d5-a0fc-72e95caafec0.jpg?aki_policy=large"", ""https://a0.muscache.com/im/pictures/fa19a53d-3416-4596-a875-b297fbd37990.jpg?aki_policy=large"", ""https://a0.muscache.com/im/pictures/c230e441-59ce-4155-b9b6-c690ba2998b6.jpg?aki_policy=large"", ""https://a0.muscache.com/im/pictures/a972eb7e-9f63-4570-99ca-51dc29a90787.jpg?aki_policy=large"", ""https://a0.muscache.com/im/pictures/bdfe9ea4-36ff-44e4-b3ca-1805d74030d4.jpg?aki_policy=large"", ""https://a0.muscache.com/im/pictures/bec1a032-840c-4bae-a943-1d5d10574e9f.jpg?aki_policy=large""]";"{""beds"": 2, ""bedrooms"": 0, ""bathrooms"": 1.0, ""amenity_ids"": [1, 2, 35, 4, 8, 44, 45, 30, 46, 31, 47], ""is_rebookable"": false, ""is_new_listing"": false, ""is_fully_refundable"": true, ""is_host_highly_rated"": true, ""is_business_travel_ready"": false}";"{""weekly_factor"": 0.86, ""monthly_factor"": 0.47}";2388;"";"{""is_superhost"": false}"
17653251;Paris 11ème entre Bastille et Nation;entire_home;Paris;11e arrondissement;48.8494121244;2.38871457884;2;"[""https://a0.muscache.com/im/pictures/976cd062-21d4-467b-888b-8ef5fc020acc.jpg?aki_policy=large"", ""https://a0.muscache.com/im/pictures/053245e3-ae84-41f6-9524-d799762cff2e.jpg?aki_policy=large"", ""https://a0.muscache.com/im/pictures/9dcee53f-02e4-47e6-be06-d8aca217b8a0.jpg?aki_policy=large"", ""https://a0.muscache.com/im/pictures/fa3e541b-dd5e-40fe-8cda-abcbfcf24128.jpg?aki_policy=large"", ""https://a0.muscache.com/im/pictures/f0e42677-a2a2-4528-aacd-a22489639e87.jpg?aki_policy=large"", ""https://a0.muscache.com/im/pictures/cd422c60-ced7-4c14-9368-344987075a9d.jpg?aki_policy=large"", ""https://a0.muscache.com/im/pictures/b2652022-ce5c-474a-bcff-78fa8eff4b48.jpg?aki_policy=large"", ""https://a0.muscache.com/im/pictures/bc915b7b-95b7-4edc-a59f-0bd923372785.jpg?aki_policy=large"", ""https://a0.muscache.com/im/pictures/33e63a0a-3a96-4cfe-a234-7714645184e8.jpg?aki_policy=large"", ""https://a0.muscache.com/im/pictures/dd3d4b68-cd00-4f82-9456-b84930fd3759.jpg?aki_policy=large"", ""https://a0.muscache.com/im/pictures/b09cd00e-4358-4fc5-ad65-d85584c6c84d.jpg?aki_policy=large"", ""https://a0.muscache.com/im/pictures/89772d68-1984-46d3-b6f2-07314f2e6e91.jpg?aki_policy=large"", ""https://a0.muscache.com/im/pictures/0eb20c92-4d10-4563-9673-51ae9824b81d.jpg?aki_policy=large"", ""https://a0.muscache.com/im/pictures/94a8c1b7-3a2f-4a6f-8237-064cd06002fe.jpg?aki_policy=large"", ""https://a0.muscache.com/im/pictures/45a23676-d407-4ab6-a3bd-c3f1d7b5aea4.jpg?aki_policy=large"", ""https://a0.muscache.com/im/pictures/8c9cfddf-fcc7-476e-ad9c-1e847c821736.jpg?aki_policy=large"", ""https://a0.muscache.com/im/pictures/c5c6eaa5-a3c8-4066-a8bb-9cefac3603a8.jpg?aki_policy=large"", ""https://a0.muscache.com/im/pictures/dc6eafd7-7754-4760-9ab5-33733c6f86d6.jpg?aki_policy=large"", ""https://a0.muscache.com/im/pictures/be28ea28-f3c8-4e72-bc2f-3df2810782b1.jpg?aki_policy=large""]";"{""beds"": 1, ""bedrooms"": 0, ""bathrooms"": 1.0, ""amenity_ids"": [1, 4, 8, 77, 85, 87, 88, 89, 90, 91, 28, 93, 30, 94, 95, 96, 33, 35, 36, 37, 38, 39, 40, 104, 41, 44, 45, 46, 47, 49, 50, 51, 54, 57], ""is_rebookable"": false, ""is_new_listing"": false, ""is_fully_refundable"": true, ""is_host_highly_rated"": false, ""is_business_travel_ready"": false}";"{""weekly_factor"": 0.92, ""monthly_factor"": 0.85}";6547;"";"{""is_superhost"": false}"
17832115;Vaste chambre à côté du musée du Louvre;shared_room;Paris;Châtelet - Les Halles - Beaubourg;48.8609436285;2.34114001251;2;"[""https://a0.muscache.com/im/pictures/0546b0e3-664e-4455-b119-efae1d595ba1.jpg?aki_policy=large"", ""https://a0.muscache.com/im/pictures/f91bebd1-9479-48e8-abfe-e65a74ffa58c.jpg?aki_policy=large"", ""https://a0.muscache.com/im/pictures/2c528f00-a59d-4a90-9dd7-50ac3ed2357a.jpg?aki_policy=large"", ""https://a0.muscache.com/im/pictures/ae4ffed5-f7b5-432e-b083-dde06b65ae71.jpg?aki_policy=large""]";"{""beds"": 1, ""bedrooms"": 1, ""bathrooms"": 1.0, ""amenity_ids"": [16, 33, 49, 50, 4, 40, 41, 44, 45, 30, 46, 47], ""is_rebookable"": false, ""is_new_listing"": false, ""is_fully_refundable"": true, ""is_host_highly_rated"": true, ""is_business_travel_ready"": false}";"{""weekly_factor"": 1.0, ""monthly_factor"": 1.0}";2581;"";"{""is_superhost"": false}"
17742713;SPACE! to breath & relax! Unique Loft by the Canal;entire_home;Paris;République;48.8699500316;2.37046043342;4;"[""https://a0.muscache.com/im/pictures/4a0f1369-26ff-4f7d-a104-dca17ab1ba86.jpg?aki_policy=large"", ""https://a0.muscache.com/im/pictures/fdecdf24-7394-46e1-8351-f2301a27317f.jpg?aki_policy=large"", ""https://a0.muscache.com/im/pictures/f8de3326-4038-449a-bbe3-be04aeb540d1.jpg?aki_policy=large"", ""https://a0.muscache.com/im/pictures/55abd420-5dbe-4230-b010-8891677ea91a.jpg?aki_policy=large"", ""https://a0.muscache.com/im/pictures/3dc1c8fd-735f-4632-b3a6-4b870131d030.jpg?aki_policy=large"", ""https://a0.muscache.com/im/pictures/8ba1a510-80bc-4543-a1da-6cfa2965644c.jpg?aki_policy=large"", ""https://a0.muscache.com/im/pictures/d10196d0-0cd0-4feb-b59d-d6712116526f.jpg?aki_policy=large"", ""https://a0.muscache.com/im/pictures/d77731fb-7d30-4b37-acef-71726cb5fa2c.jpg?aki_policy=large"", ""https://a0.muscache.com/im/pictures/a13ab735-c002-41de-9801-962494b5e9af.jpg?aki_policy=large"", ""https://a0.muscache.com/im/pictures/a74d6aac-d3c1-4df2-abf6-655db1a41b29.jpg?aki_policy=large"", ""https://a0.muscache.com/im/pictures/d93ea78b-5943-4a74-ad87-dc56adf30855.jpg?aki_policy=large"", ""https://a0.muscache.com/im/pictures/f762cd63-e4d5-4463-9636-e43cbbb0256c.jpg?aki_policy=large"", ""https://a0.muscache.com/im/pictures/e91a2830-7e37-4f15-bddd-ec025bb509d4.jpg?aki_policy=large"", ""https://a0.muscache.com/im/pictures/ae369e8b-1376-4fce-851d-ca217ce31d60.jpg?aki_policy=large"", ""https://a0.muscache.com/im/pictures/3a35c074-cdb7-4329-bc6e-34ce8f8b1533.jpg?aki_policy=large"", ""https://a0.muscache.com/im/pictures/a0507630-8e5e-4a4d-960e-7a302c4ccf5b.jpg?aki_policy=large"", ""https://a0.muscache.com/im/pictures/19f27f88-860c-4d1d-a0dd-886d89c1fca3.jpg?aki_policy=large"", ""https://a0.muscache.com/im/pictures/fc8040f7-4820-49f4-87c7-26350f20a891.jpg?aki_policy=large"", ""https://a0.muscache.com/im/pictures/af1586a6-b424-4626-b311-8af57892dd42.jpg?aki_policy=large"", ""https://a0.muscache.com/im/pictures/210eb8d8-5ee0-4a39-8fff-e709afe881f0.jpg?aki_policy=large"", ""https://a0.muscache.com/im/pictures/997c2c32-6ec5-47b5-9420-567a379a26ad.jpg?aki_policy=large"", ""https://a0.muscache.com/im/pictures/215bdc9d-b509-4f68-ae0d-50dce1212d84.jpg?aki_policy=large"", ""https://a0.muscache.com/im/pictures/cc3ad1ac-42fd-4dac-b522-6ababc75c1a9.jpg?aki_policy=large"", ""https://a0.muscache.com/im/pictures/99f357eb-2184-4d04-ab7a-f9b5dd7c96e9.jpg?aki_policy=large"", ""https://a0.muscache.com/im/pictures/197ebf1c-56e8-4408-95b8-ad77ce53f33a.jpg?aki_policy=large"", ""https://a0.muscache.com/im/pictures/282f1cae-9a95-4420-92a2-34bd322bf072.jpg?aki_policy=large"", ""https://a0.muscache.com/im/pictures/de5f0d0b-e649-4abd-8ed1-fa9128533cc8.jpg?aki_policy=large"", ""https://a0.muscache.com/im/pictures/1d1da464-51f4-444d-84ef-61bd7a5f0306.jpg?aki_policy=large"", ""https://a0.muscache.com/im/pictures/6fa4afec-c704-49af-abad-624c40913c93.jpg?aki_policy=large"", ""https://a0.muscache.com/im/pictures/e645e6b0-78bc-4316-b1b1-f10404ca822d.jpg?aki_policy=large""]";"{""beds"": 3, ""bedrooms"": 1, ""bathrooms"": 1.0, ""amenity_ids"": [1, 2, 3, 4, 71, 8, 10, 77, 89, 90, 91, 92, 93, 30, 94, 31, 95, 96, 35, 36, 37, 38, 39, 40, 104, 41, 42, 44, 45, 46, 47, 51, 55, 57], ""is_rebookable"": false, ""is_new_listing"": false, ""is_fully_refundable"": true, ""is_host_highly_rated"": true, ""is_business_travel_ready"": false}";"{""weekly_factor"": 0.9, ""monthly_factor"": 0.85}";3976;"";"{""is_superhost"": true}"
17757345;En plein cœur de Belleville;private_room;Paris;République;48.8703154824;2.37433163465;2;"[""https://a0.muscache.com/im/pictures/1111071f-647d-4bf5-8874-f2ba7a48da2c.jpg?aki_policy=large"", ""https://a0.muscache.com/im/pictures/08b641cf-9e63-48a1-a51d-28aa9f606663.jpg?aki_policy=large"", ""https://a0.muscache.com/im/pictures/e5fab042-3cd2-47f0-8e3c-66390bf73213.jpg?aki_policy=large"", ""https://a0.muscache.com/im/pictures/37e8260c-4792-4793-8b16-c35162b80432.jpg?aki_policy=large"", ""https://a0.muscache.com/im/pictures/cee53b90-f420-4eee-ab34-097da2f91a43.jpg?aki_policy=large"", ""https://a0.muscache.com/im/pictures/a4d83fff-32bf-4428-aefa-87bec5c785bd.jpg?aki_policy=large"", ""https://a0.muscache.com/im/pictures/4a859b9f-46ff-4972-bf5a-29efb9826af6.jpg?aki_policy=large"", ""https://a0.muscache.com/im/pictures/b63922ce-a708-4b99-ad14-e8bc9d0397f3.jpg?aki_policy=large"", ""https://a0.muscache.com/im/pictures/5a0254c9-dfbb-4691-ab91-75fc22bf2e4d.jpg?aki_policy=large"", ""https://a0.muscache.com/im/pictures/c330f8ed-b749-4f23-92a4-34666de5c038.jpg?aki_policy=large"", ""https://a0.muscache.com/im/pictures/5844fbc0-c373-4c20-a702-cdc1402a870b.jpg?aki_policy=large"", ""https://a0.muscache.com/im/pictures/1311a04c-15df-443f-9642-f2d50e94940d.jpg?aki_policy=large"", ""https://a0.muscache.com/im/pictures/c7389d2c-6f27-478b-bf43-360d1817cb50.jpg?aki_policy=large"", ""https://a0.muscache.com/im/pictures/c503bbfc-94f3-4459-b484-0c4a9dddb846.jpg?aki_policy=large"", ""https://a0.muscache.com/im/pictures/1e145cc1-23ae-4bbe-8bae-d5cdc4c5ef0e.jpg?aki_policy=large"", ""https://a0.muscache.com/im/pictures/76bf9ee8-5d1b-41f9-aee5-aa2b2bc3a76d.jpg?aki_policy=large"", ""https://a0.muscache.com/im/pictures/83a5cba1-cd7c-4b0c-9819-85af721b036b.jpg?aki_policy=large"", ""https://a0.muscache.com/im/pictures/7d0fd913-6bfe-4fa0-adfa-05b419dc89d8.jpg?aki_policy=large""]";"{""beds"": 1, ""bedrooms"": 1, ""bathrooms"": 1.0, ""amenity_ids"": [66, 4, 5, 8, 74, 11, 75, 77, 85, 86, 88, 89, 91, 93, 30, 94, 31, 95, 96, 33, 34, 35, 36, 37, 103, 40, 104, 41, 44, 45, 46, 47], ""is_rebookable"": false, ""is_new_listing"": false, ""is_fully_refundable"": true, ""is_host_highly_rated"": false, ""is_business_travel_ready"": false}";"{""weekly_factor"": 1.0, ""monthly_factor"": 1.0}";5124;"";"{""is_superhost"": false}"
17861418;Paris Marais 2;entire_home;Paris;3e arrondissement;48.864368;2.365046;5;"[""https://a0.muscache.com/im/pictures/0e0dc25d-a301-494c-bed4-206504597372.jpg?aki_policy=large"", ""https://a0.muscache.com/im/pictures/c486114c-4acd-4d11-879d-d3722ae5fdfa.jpg?aki_policy=large"", ""https://a0.muscache.com/im/pictures/e22c03bf-d467-4884-966a-96b1e8a45c4d.jpg?aki_policy=large"", ""https://a0.muscache.com/im/pictures/c2067235-ffc7-4690-bdab-ed42046b3b9a.jpg?aki_policy=large"", ""https://a0.muscache.com/im/pictures/040b5486-76aa-436d-bcac-95044b5b4592.jpg?aki_policy=large"", ""https://a0.muscache.com/im/pictures/9fe50b4f-ff39-473c-8d33-39216c0f9809.jpg?aki_policy=large"", ""https://a0.muscache.com/im/pictures/0796daa1-bd87-4099-8d91-26945d236304.jpg?aki_policy=large"", ""https://a0.muscache.com/im/pictures/01c62994-3b19-4ddd-8220-2b563cf60ff9.jpg?aki_policy=large"", ""https://a0.muscache.com/im/pictures/3a343245-4375-47e7-b799-426bfe268816.jpg?aki_policy=large"", ""https://a0.muscache.com/im/pictures/13be2760-899f-4f6b-92bd-d8c1ec5a6d51.jpg?aki_policy=large"", ""https://a0.muscache.com/im/pictures/02326880-b9c5-4776-b86b-ead6e5e10359.jpg?aki_policy=large"", ""https://a0.muscache.com/im/pictures/d6b20afb-5e14-421e-9f37-bab904c431c6.jpg?aki_policy=large"", ""https://a0.muscache.com/im/pictures/c98f27d9-c1d7-405a-8b51-dc96072d65af.jpg?aki_policy=large"", ""https://a0.muscache.com/im/pictures/2c219422-4862-47f8-a0d1-1573021fa633.jpg?aki_policy=large"", ""https://a0.muscache.com/im/pictures/a6694ad0-b717-4baf-9fb3-0ea03e0bce4a.jpg?aki_policy=large"", ""https://a0.muscache.com/im/pictures/ab42d282-2346-4625-89a9-9402671c8216.jpg?aki_policy=large"", ""https://a0.muscache.com/im/pictures/399e476e-cbde-4028-9345-759cb95b291d.jpg?aki_policy=large"", ""https://a0.muscache.com/im/pictures/812cc8d5-09e7-44bb-858c-0795fe43d89d.jpg?aki_policy=large"", ""https://a0.muscache.com/im/pictures/bfe4172c-0fb6-4ae9-b533-ff86782eca7a.jpg?aki_policy=large"", ""https://a0.muscache.com/im/pictures/b655b70d-2fa7-4a0e-a40c-db654211d686.jpg?aki_policy=large"", ""https://a0.muscache.com/im/pictures/ab23066a-4057-4dfc-98f4-70847e008789.jpg?aki_policy=large"", ""https://a0.muscache.com/im/pictures/41300860-25b4-4253-be82-5ffa93f18366.jpg?aki_policy=large"", ""https://a0.muscache.com/im/pictures/0401f484-f044-477b-b4b5-f4eaf0e45f55.jpg?aki_policy=large"", ""https://a0.muscache.com/im/pictures/42a72a48-470f-46b1-b5e0-0ce8281f9e78.jpg?aki_policy=large"", ""https://a0.muscache.com/im/pictures/7bb8f21e-07cf-475c-af84-e7fbf9a448f2.jpg?aki_policy=large"", ""https://a0.muscache.com/im/pictures/869a4c84-93d3-4aa9-a894-7955d259b8c7.jpg?aki_policy=large"", ""https://a0.muscache.com/im/pictures/9a03661c-3fea-4302-bf75-ac70cadf197f.jpg?aki_policy=large"", ""https://a0.muscache.com/im/pictures/8d9596c8-691e-480a-a715-19f1b7865d61.jpg?aki_policy=large""]";"{""beds"": 2, ""bedrooms"": 1, ""bathrooms"": 1.0, ""amenity_ids"": [1, 129, 2, 3, 4, 8, 77, 21, 89, 90, 91, 30, 94, 31, 33, 35, 36, 39, 40, 104, 41, 42, 44, 45, 46, 47, 50, 60], ""is_rebookable"": false, ""is_new_listing"": false, ""is_fully_refundable"": true, ""is_host_highly_rated"": false, ""is_business_travel_ready"": false}";"{""weekly_factor"": 0.95, ""monthly_factor"": 0.9}";5409;"";"{""is_superhost"": false}"
17938025;Appartement 200 m2, Notre Dame 2 mn à pieds,5ch;entire_home;Paris;Saint-Michel;48.8507320167;2.34883812917;15;"[""https://a0.muscache.com/im/pictures/17bc81bb-9949-488c-b980-4da8aa4b06f0.jpg?aki_policy=large"", ""https://a0.muscache.com/im/pictures/8881fad8-75ef-4c97-9cbb-cf62a88da59d.jpg?aki_policy=large"", ""https://a0.muscache.com/im/pictures/3cb48afd-7bf2-4232-8d3b-6d449c1c0631.jpg?aki_policy=large"", ""https://a0.muscache.com/im/pictures/e2ba2530-5e07-490d-b311-521e5d485c9d.jpg?aki_policy=large"", ""https://a0.muscache.com/im/pictures/850b9aa5-20d8-4b4f-b5bf-8404e38d353f.jpg?aki_policy=large"", ""https://a0.muscache.com/im/pictures/e5d501a0-d78b-4126-9cf3-99e696406a9e.jpg?aki_policy=large"", ""https://a0.muscache.com/im/pictures/2684cbab-c69b-4fa9-8e22-d37b8e47163b.jpg?aki_policy=large"", ""https://a0.muscache.com/im/pictures/252dcabf-5067-4d69-833f-d72937187710.jpg?aki_policy=large"", ""https://a0.muscache.com/im/pictures/66c64a5a-570c-4531-a9df-f5c48d0b9df0.jpg?aki_policy=large"", ""https://a0.muscache.com/im/pictures/1b45c1af-bdc5-4b54-9f91-da93a7b5b293.jpg?aki_policy=large"", ""https://a0.muscache.com/im/pictures/c1d22829-e804-4839-ae0d-cf92887edf2f.jpg?aki_policy=large"", ""https://a0.muscache.com/im/pictures/8fbb6970-e07b-438f-a81f-47a7708d9e68.jpg?aki_policy=large"", ""https://a0.muscache.com/im/pictures/ddbe970c-cd0c-470f-a3c4-f41b5fad5a6b.jpg?aki_policy=large"", ""https://a0.muscache.com/im/pictures/bab01bd4-c680-457a-bd24-5ce6aca85ee7.jpg?aki_policy=large"", ""https://a0.muscache.com/im/pictures/0d7de84e-37d8-45eb-8548-456c2462bc09.jpg?aki_policy=large"", ""https://a0.muscache.com/im/pictures/6d4b4e8f-5108-490c-a644-38ada0890a88.jpg?aki_policy=large"", ""https://a0.muscache.com/im/pictures/6ff56a99-e415-4f48-aeb0-13e79a75a0f1.jpg?aki_policy=large"", ""https://a0.muscache.com/im/pictures/39367fe8-a384-4cb2-abf6-ca578982ac75.jpg?aki_policy=large"", ""https://a0.muscache.com/im/pictures/6d744c41-ee31-41ed-9004-77e48dfd1791.jpg?aki_policy=large"", ""https://a0.muscache.com/im/pictures/05b72343-5188-4de3-a9dc-d2810a79be6d.jpg?aki_policy=large"", ""https://a0.muscache.com/im/pictures/7f4443d2-ff77-437d-95a5-3a40854e4102.jpg?aki_policy=large"", ""https://a0.muscache.com/im/pictures/07b604fd-6407-49e4-a249-8d0064ac251e.jpg?aki_policy=large"", ""https://a0.muscache.com/im/pictures/c30d0af6-16b4-4a57-836d-c3c522014c04.jpg?aki_policy=large"", ""https://a0.muscache.com/im/pictures/16fad05d-6b00-4860-9fa8-382685f8bcc1.jpg?aki_policy=large"", ""https://a0.muscache.com/im/pictures/734cbf50-0e6c-4d19-905c-0d21369aac7c.jpg?aki_policy=large"", ""https://a0.muscache.com/im/pictures/4e4cfd3b-7f30-4545-a238-45e85d89cb6f.jpg?aki_policy=large"", ""https://a0.muscache.com/im/pictures/8b58aa81-ce46-458d-8acb-02eacd9e5cfa.jpg?aki_policy=large"", ""https://a0.muscache.com/im/pictures/bd61fc00-a2c0-4581-bbee-41a0bc66b4d6.jpg?aki_policy=large"", ""https://a0.muscache.com/im/pictures/2a32cf18-33fa-422a-813a-54bf35b0317b.jpg?aki_policy=large"", ""https://a0.muscache.com/im/pictures/b1fe0970-6e25-46f6-8af8-7469ba3743c7.jpg?aki_policy=large""]";"{""beds"": 7, ""bedrooms"": 5, ""bathrooms"": 3.0, ""amenity_ids"": [3, 67, 4, 8, 10, 77, 89, 90, 91, 92, 30, 94, 31, 96, 35, 36, 101, 39, 103, 40, 104, 42, 43, 44, 45, 110, 47, 111, 51, 115, 53, 117, 57], ""is_rebookable"": false, ""is_new_listing"": false, ""is_fully_refundable"": true, ""is_host_highly_rated"": false, ""is_business_travel_ready"": false}";"{""weekly_factor"": 1.0, ""monthly_factor"": 1.0}";4414;"";"{""is_superhost"": false}"
17941609;Un nid calme et lumineux;entire_home;Paris;Buttes-Chaumont - Belleville;48.8770969715;2.37324789264;2;"[""https://a0.muscache.com/im/pictures/3f7a26e9-c961-43bd-a3fc-ccf1197b5c69.jpg?aki_policy=large"", ""https://a0.muscache.com/im/pictures/821e6de2-a908-4547-bf87-5a565550e3a0.jpg?aki_policy=large"", ""https://a0.muscache.com/im/pictures/f5ddb28a-59a0-42b7-b4bf-1d25683b6381.jpg?aki_policy=large"", ""https://a0.muscache.com/im/pictures/101f39ea-875b-4e63-ae69-379f84910b58.jpg?aki_policy=large"", ""https://a0.muscache.com/im/pictures/1a554f66-8df1-4820-940c-2868a4d2ad6b.jpg?aki_policy=large"", ""https://a0.muscache.com/im/pictures/9d6b5e86-fe10-4938-af2c-e36924ce621a.jpg?aki_policy=large"", ""https://a0.muscache.com/im/pictures/e8522c04-e1f7-4004-adb9-7ac503ab81d5.jpg?aki_policy=large"", ""https://a0.muscache.com/im/pictures/cfb1f885-eebe-4449-9710-707569fe77ba.jpg?aki_policy=large"", ""https://a0.muscache.com/im/pictures/734429e7-0d74-4980-9737-eef29746aae6.jpg?aki_policy=large"", ""https://a0.muscache.com/im/pictures/b2a32da1-a9b5-46b4-8541-e31b75c9bb44.jpg?aki_policy=large"", ""https://a0.muscache.com/im/pictures/25a45d6f-4db7-4f9b-9b45-8ed5c35e478d.jpg?aki_policy=large""]";"{""beds"": 1, ""bedrooms"": 0, ""bathrooms"": 1.0, ""amenity_ids"": [33, 34, 131, 4, 8, 40, 104, 45, 77, 30, 31], ""is_rebookable"": false, ""is_new_listing"": false, ""is_fully_refundable"": true, ""is_host_highly_rated"": true, ""is_business_travel_ready"": false}";"{""weekly_factor"": 0.95, ""monthly_factor"": 0.83}";4708;"";"{""is_superhost"": false}"
17950288;Exceptional 2 bed 2 bath 2 floors 2 Terrasses;private_room;Paris;Châtelet - Les Halles - Beaubourg;48.8614187165;2.34301283612;6;"[""https://a0.muscache.com/im/pictures/29d86979-a13e-4c60-89cf-839c301191ec.jpg?aki_policy=large"", ""https://a0.muscache.com/im/pictures/666b4921-0dba-4beb-98f1-48730d32a0b0.jpg?aki_policy=large"", ""https://a0.muscache.com/im/pictures/7a27dcd9-330c-43e0-93d2-59c59af95a5e.jpg?aki_policy=large"", ""https://a0.muscache.com/im/pictures/c56a0dca-2964-4503-b0e3-5592621de215.jpg?aki_policy=large"", ""https://a0.muscache.com/im/pictures/db86b99d-053a-4559-b638-b4144eb7253f.jpg?aki_policy=large"", ""https://a0.muscache.com/im/pictures/87f53e3e-8a76-4773-b2e3-4446b6c6dc81.jpg?aki_policy=large"", ""https://a0.muscache.com/im/pictures/5477ed5f-3fd3-4e68-baef-d06ab490e879.jpg?aki_policy=large"", ""https://a0.muscache.com/im/pictures/1c82d12c-ee8c-430f-8522-6e55748cc3e2.jpg?aki_policy=large"", ""https://a0.muscache.com/im/pictures/fd14598b-7be5-45cf-9fa4-992960f9db09.jpg?aki_policy=large"", ""https://a0.muscache.com/im/pictures/52dad509-f163-45b6-9440-47b522e56714.jpg?aki_policy=large"", ""https://a0.muscache.com/im/pictures/679de3a4-eca8-41a8-8dea-550f70e2a2f4.jpg?aki_policy=large"", ""https://a0.muscache.com/im/pictures/91fd0b11-daf5-4697-8009-5bf450665810.jpg?aki_policy=large"", ""https://a0.muscache.com/im/pictures/9a5e5acc-ae5d-4bfd-aba1-a275adfcfb20.jpg?aki_policy=large"", ""https://a0.muscache.com/im/pictures/9284b65d-eb5d-4499-b4f5-71468462a266.jpg?aki_policy=large"", ""https://a0.muscache.com/im/pictures/a09db0e5-060d-46c5-9877-1a4b12fc57a2.jpg?aki_policy=large"", ""https://a0.muscache.com/im/pictures/0e3d34c4-b23c-4c88-a421-6b56bd4dfce3.jpg?aki_policy=large"", ""https://a0.muscache.com/im/pictures/e47c6f90-d9e5-47c3-8517-8a37a24b8aec.jpg?aki_policy=large"", ""https://a0.muscache.com/im/pictures/50b2dbce-9724-46fa-a60e-83e3aa2b8135.jpg?aki_policy=large"", ""https://a0.muscache.com/im/pictures/3ed59d36-2013-4792-8ae2-9a758842f522.jpg?aki_policy=large"", ""https://a0.muscache.com/im/pictures/45a858b2-c966-4a49-90c0-eff7aca12faa.jpg?aki_policy=large"", ""https://a0.muscache.com/im/pictures/d6ec48ed-a1b7-475d-ae54-2bea87dbdec5.jpg?aki_policy=large""]";"{""beds"": 2, ""bedrooms"": 2, ""bathrooms"": 2.0, ""amenity_ids"": [1, 33, 34, 35, 4, 5, 39, 8, 40, 41, 44, 45, 46, 47, 21, 30, 31], ""is_rebookable"": false, ""is_new_listing"": false, ""is_fully_refundable"": true, ""is_host_highly_rated"": true, ""is_business_travel_ready"": false}";"{""weekly_factor"": 1.0, ""monthly_factor"": 1.0}";60;"";"{""is_superhost"": true}"
17963336;Cozy Studio in Hip Area Canal St Martin;entire_home;Paris;République;48.8653684952;2.37231457126;2;"[""https://a0.muscache.com/im/pictures/7ad3f362-a6e0-47a5-8de8-b75e11c7925b.jpg?aki_policy=large"", ""https://a0.muscache.com/im/pictures/341026dd-a498-4f68-801a-aac51e8e331b.jpg?aki_policy=large"", ""https://a0.muscache.com/im/pictures/593c750c-0a1f-4c73-b707-c735739733fc.jpg?aki_policy=large"", ""https://a0.muscache.com/im/pictures/6f3a57a4-f9f4-4eb6-b268-a7b172ff254e.jpg?aki_policy=large"", ""https://a0.muscache.com/im/pictures/a3668434-7e10-4e0e-a3b0-5b7c08933f45.jpg?aki_policy=large"", ""https://a0.muscache.com/im/pictures/a17d05f8-53a3-48d0-a6ad-ba2af2a79713.jpg?aki_policy=large"", ""https://a0.muscache.com/im/pictures/198f9dd2-c5a0-4267-aeae-cc8a05d71c36.jpg?aki_policy=large"", ""https://a0.muscache.com/im/pictures/d264313f-9788-4d32-a796-925b74622408.jpg?aki_policy=large"", ""https://a0.muscache.com/im/pictures/09838c4c-c2ca-4deb-92eb-02364e1f837b.jpg?aki_policy=large"", ""https://a0.muscache.com/im/pictures/731ba66d-2372-4c9b-8ecc-4f2b0ca42cb7.jpg?aki_policy=large"", ""https://a0.muscache.com/im/pictures/f60acd94-a2ea-4ff3-b3a5-1bb29f04e1cf.jpg?aki_policy=large"", ""https://a0.muscache.com/im/pictures/6497fcd6-5767-4947-932e-043aec0c4825.jpg?aki_policy=large"", ""https://a0.muscache.com/im/pictures/49c007b0-3d56-4a76-93c1-1be4f93ebbf2.jpg?aki_policy=large""]";"{""beds"": 2, ""bedrooms"": 0, ""bathrooms"": 1.0, ""amenity_ids"": [1, 129, 2, 3, 4, 8, 40, 41, 44, 45, 46, 47, 50, 21, 28, 30, 31], ""is_rebookable"": false, ""is_new_listing"": false, ""is_fully_refundable"": true, ""is_host_highly_rated"": true, ""is_business_travel_ready"": false}";"{""weekly_factor"": 0.85, ""monthly_factor"": 0.8}";1472;"";"{""is_superhost"": false}"
17973038;Bright apartment with view to Eiffel Tower;entire_home;Paris;Tour Eiffel - Champ de Mars;48.8666570276;2.2911263222;4;"[""https://a0.muscache.com/im/pictures/7ed6d77a-a9a8-4b4a-ba32-bd80a61b7720.jpg?aki_policy=large"", ""https://a0.muscache.com/im/pictures/9591926c-6495-4b6c-a0bf-8bdfde803781.jpg?aki_policy=large"", ""https://a0.muscache.com/im/pictures/ad084b51-f104-46f4-9ae4-e509ddb4c379.jpg?aki_policy=large"", ""https://a0.muscache.com/im/pictures/c7fd3fd4-5989-4195-a5ea-143378408e42.jpg?aki_policy=large"", ""https://a0.muscache.com/im/pictures/40ae9b24-3e3c-4670-9748-07f51ada0aae.jpg?aki_policy=large"", ""https://a0.muscache.com/im/pictures/dc62bdee-c9f8-4ae5-914d-ab11e3900364.jpg?aki_policy=large"", ""https://a0.muscache.com/im/pictures/46b80a7d-0bf1-48a2-b321-5feb6b96966a.jpg?aki_policy=large"", ""https://a0.muscache.com/im/pictures/677f5dbb-6738-4987-a638-0d565555f9df.jpg?aki_policy=large"", ""https://a0.muscache.com/im/pictures/da502b92-d4ef-464d-913e-2d5bb4c3d2a5.jpg?aki_policy=large"", ""https://a0.muscache.com/im/pictures/59cd2494-05a4-4f59-8a15-65befbb2a016.jpg?aki_policy=large"", ""https://a0.muscache.com/im/pictures/75393c25-e5b2-4bcd-83a7-427ac594f0a7.jpg?aki_policy=large"", ""https://a0.muscache.com/im/pictures/e875f986-04f6-4679-b77f-58b05bd3011b.jpg?aki_policy=large"", ""https://a0.muscache.com/im/pictures/52e00299-c0ac-490d-9c7d-8c7827d58e19.jpg?aki_policy=large"", ""https://a0.muscache.com/im/pictures/77d4bdd6-a311-48dd-bd2e-d61cbfc46064.jpg?aki_policy=large"", ""https://a0.muscache.com/im/pictures/2c899f50-5cb8-40f0-b34c-5e4593bee033.jpg?aki_policy=large"", ""https://a0.muscache.com/im/pictures/5aeea1c0-4e2c-4645-a566-92f5d2e1b632.jpg?aki_policy=large"", ""https://a0.muscache.com/im/pictures/ca096ec3-f7f4-4096-b5d7-d7783e96c888.jpg?aki_policy=large"", ""https://a0.muscache.com/im/pictures/41274c6a-8927-4563-9f31-7f607110674d.jpg?aki_policy=large"", ""https://a0.muscache.com/im/pictures/ad73f932-cd4e-4097-80da-a8e06858f77f.jpg?aki_policy=large"", ""https://a0.muscache.com/im/pictures/14e74071-992c-45d5-9a0a-ce151b386239.jpg?aki_policy=large"", ""https://a0.muscache.com/im/pictures/b3fe9133-668d-49b3-a3a9-a10d58a8f37f.jpg?aki_policy=large""]";"{""beds"": 0, ""bedrooms"": 1, ""bathrooms"": 1.0, ""amenity_ids"": [1, 33, 129, 2, 3, 4, 8, 40, 104, 41, 10, 11, 44, 45, 77, 46, 47, 51, 21, 54, 28, 30, 31], ""is_rebookable"": false, ""is_new_listing"": false, ""is_fully_refundable"": true, ""is_host_highly_rated"": true, ""is_business_travel_ready"": false}";"{""weekly_factor"": 1.0, ""monthly_factor"": 1.0}";6026;"";"{""is_superhost"": true}"
18028285;Cosy 9th, Calm & Luminous - 2 Bedrooms (55m²);entire_home;Paris;Pigalle - Saint-Georges;48.8800692337;2.34595360906;3;"[""https://a0.muscache.com/im/pictures/72156795-a71c-48db-a38e-156a9b3b7185.jpg?aki_policy=large"", ""https://a0.muscache.com/im/pictures/72cc18aa-4724-4e56-a264-12b979c0f4de.jpg?aki_policy=large"", ""https://a0.muscache.com/im/pictures/450240e9-bf7f-4be1-a046-0c231fb9abbe.jpg?aki_policy=large"", ""https://a0.muscache.com/im/pictures/c885cb96-93b1-4892-8778-5e1185a11544.jpg?aki_policy=large"", ""https://a0.muscache.com/im/pictures/208c4bae-0c80-4935-9821-e23290577511.jpg?aki_policy=large"", ""https://a0.muscache.com/im/pictures/9cb2c340-a1f3-4f77-b2d1-e53710a70aaf.jpg?aki_policy=large"", ""https://a0.muscache.com/im/pictures/c04a22c2-5c0a-42ff-aade-7b50bcec3f68.jpg?aki_policy=large"", ""https://a0.muscache.com/im/pictures/376d5aac-3f87-42e4-8415-8f874355ef71.jpg?aki_policy=large"", ""https://a0.muscache.com/im/pictures/8d587c29-0753-434a-b943-81dbc8b31885.jpg?aki_policy=large"", ""https://a0.muscache.com/im/pictures/9cefced1-7184-49b7-9bbb-6898ee165c08.jpg?aki_policy=large"", ""https://a0.muscache.com/im/pictures/52c8e520-5a0c-423a-ac6a-eaa4f41a68fd.jpg?aki_policy=large"", ""https://a0.muscache.com/im/pictures/49419fde-4f0a-4556-9291-3ce055e6305a.jpg?aki_policy=large"", ""https://a0.muscache.com/im/pictures/8c161c2b-b055-4571-abe2-99387a8668fe.jpg?aki_policy=large"", ""https://a0.muscache.com/im/pictures/1fb7e9d3-08a9-46e4-b636-d3812ec8bdbc.jpg?aki_policy=large"", ""https://a0.muscache.com/im/pictures/27680739-5ebb-4a11-9972-1a0277241b29.jpg?aki_policy=large"", ""https://a0.muscache.com/im/pictures/9c645a23-9f60-48f1-84cb-80f93e73d02a.jpg?aki_policy=large"", ""https://a0.muscache.com/im/pictures/7e2d0c09-6bf2-425b-b491-72a7795a2cab.jpg?aki_policy=large"", ""https://a0.muscache.com/im/pictures/3c7f397d-b771-4f4f-8369-b73899e875c8.jpg?aki_policy=large""]";"{""beds"": 2, ""bedrooms"": 2, ""bathrooms"": 1.0, ""amenity_ids"": [1, 33, 35, 4, 8, 40, 41, 10, 44, 77, 46, 47, 51, 54, 57, 27, 30, 31], ""is_rebookable"": false, ""is_new_listing"": false, ""is_fully_refundable"": true, ""is_host_highly_rated"": true, ""is_business_travel_ready"": false}";"{""weekly_factor"": 0.9, ""monthly_factor"": 0.8}";2666;"";"{""is_superhost"": false}"
18064959;APPARTEMENT MODERNE ET LUMINEUX - QUARTIER MARAIS;entire_home;Paris 3e Arrondissement;Le Marais;48.8599090797;2.36396682828;4;"[""https://a0.muscache.com/im/pictures/ef299c00-753b-41d3-902e-c6641c6aa3d9.jpg?aki_policy=large"", ""https://a0.muscache.com/im/pictures/c63d5040-e5f4-4155-80b3-5ee00f0c6a93.jpg?aki_policy=large"", ""https://a0.muscache.com/im/pictures/79781e31-9002-478a-9fed-83b3a785d71e.jpg?aki_policy=large"", ""https://a0.muscache.com/im/pictures/9494240c-69f7-425e-bc02-78ca3c8fb894.jpg?aki_policy=large"", ""https://a0.muscache.com/im/pictures/9a1ae02e-d024-4c2d-89c5-b9c04ba39392.jpg?aki_policy=large"", ""https://a0.muscache.com/im/pictures/3e2e89a8-5744-43cd-891c-b80e82d74a0a.jpg?aki_policy=large"", ""https://a0.muscache.com/im/pictures/0cbcf1ff-2eeb-4ddc-b5dc-3533f2668e10.jpg?aki_policy=large"", ""https://a0.muscache.com/im/pictures/ebdd2b31-2638-4d94-80c5-7dcb4a87c10a.jpg?aki_policy=large"", ""https://a0.muscache.com/im/pictures/b69792bc-0061-419b-b391-3479ae73c5cd.jpg?aki_policy=large"", ""https://a0.muscache.com/im/pictures/8eea9eeb-84c8-4bdb-902d-9c3477d1c99b.jpg?aki_policy=large"", ""https://a0.muscache.com/im/pictures/29a569dd-d853-4f60-936a-633870ce4da9.jpg?aki_policy=large"", ""https://a0.muscache.com/im/pictures/9a680027-6f18-4574-ac23-67379acb8b47.jpg?aki_policy=large"", ""https://a0.muscache.com/im/pictures/70b37bb1-6077-42f8-b57f-bcf0e0473748.jpg?aki_policy=large"", ""https://a0.muscache.com/im/pictures/11e35164-d7d6-49f4-9e0f-6c3bd29682b7.jpg?aki_policy=large"", ""https://a0.muscache.com/im/pictures/3c987233-b0a8-4c87-8c17-5f09172301f9.jpg?aki_policy=large"", ""https://a0.muscache.com/im/pictures/6b0b51a5-32e4-473e-bfac-09b2595794bb.jpg?aki_policy=large"", ""https://a0.muscache.com/im/pictures/8abd808d-b509-440e-a6a1-29567272a612.jpg?aki_policy=large"", ""https://a0.muscache.com/im/pictures/c4a6af9b-6a97-4f99-b14d-309b43f76896.jpg?aki_policy=large"", ""https://a0.muscache.com/im/pictures/2afd8ea4-0418-4d8d-92ec-4e86f3388672.jpg?aki_policy=large""]";"{""beds"": 2, ""bedrooms"": 2, ""bathrooms"": 1.0, ""amenity_ids"": [1, 33, 2, 34, 3, 35, 4, 8, 40, 41, 44, 45, 46, 47, 30, 31], ""is_rebookable"": false, ""is_new_listing"": false, ""is_fully_refundable"": true, ""is_host_highly_rated"": true, ""is_business_travel_ready"": false}";"{""weekly_factor"": 1.0, ""monthly_factor"": 0.9}";971;"";"{""is_superhost"": false}"
18136186;Sympathique studio à louer dans le 11ème arr.;entire_home;Paris;11e arrondissement;48.8646199599;2.38010788012;2;"[""https://a0.muscache.com/im/pictures/798ab441-9eb5-4ca8-ab8a-506fd33a15fa.jpg?aki_policy=large"", ""https://a0.muscache.com/im/pictures/c7034bc4-5b2d-4e45-9111-b92c3a102c22.jpg?aki_policy=large"", ""https://a0.muscache.com/im/pictures/cfa87f55-27bd-49f0-9e67-c9932636bac4.jpg?aki_policy=large"", ""https://a0.muscache.com/im/pictures/ee2934fe-befb-4ba5-af44-524361709be1.jpg?aki_policy=large"", ""https://a0.muscache.com/im/pictures/526fbcee-b11d-46ca-870d-9ba898d4951b.jpg?aki_policy=large"", ""https://a0.muscache.com/im/pictures/251ac05d-6055-449c-b3a6-01bf0b502fb7.jpg?aki_policy=large"", ""https://a0.muscache.com/im/pictures/a13a5e65-4f3e-40d5-bceb-dde194da3a56.jpg?aki_policy=large"", ""https://a0.muscache.com/im/pictures/ecd19146-db0d-484a-9ba6-62c34d491444.jpg?aki_policy=large"", ""https://a0.muscache.com/im/pictures/c22d56a8-fd46-4437-997a-23b845054024.jpg?aki_policy=large""]";"{""beds"": 1, ""bedrooms"": 0, ""bathrooms"": 1.0, ""amenity_ids"": [16, 1, 33, 3, 4, 6, 8, 40, 12, 44, 30, 31], ""is_rebookable"": false, ""is_new_listing"": false, ""is_fully_refundable"": true, ""is_host_highly_rated"": true, ""is_business_travel_ready"": false}";"{""weekly_factor"": 0.95, ""monthly_factor"": 0.9}";2952;"";"{""is_superhost"": false}"
18133601;SALE! Deluxe Penthouse w/Balcony Heart of Paris;entire_home;Paris;Notre Dame - Ile de La Cité;48.856701;2.341889;2;"[""https://a0.muscache.com/im/pictures/cb07e8d3-d2c6-41ff-aeb2-fc43793bb96c.jpg?aki_policy=large"", ""https://a0.muscache.com/im/pictures/50ebda5d-d5d2-465d-812f-a5b06d54ab09.jpg?aki_policy=large"", ""https://a0.muscache.com/im/pictures/057837b6-29d2-446e-9754-e77efe4ac323.jpg?aki_policy=large"", ""https://a0.muscache.com/im/pictures/698461ff-3cc7-4138-802e-a0d47d4569cf.jpg?aki_policy=large"", ""https://a0.muscache.com/im/pictures/655c9ec3-c00a-4b48-b3cb-c61ca3fe7710.jpg?aki_policy=large"", ""https://a0.muscache.com/im/pictures/ec8ead15-5139-4b41-9604-45582c3eefc8.jpg?aki_policy=large"", ""https://a0.muscache.com/im/pictures/83a326a5-939e-4337-9cd7-3c5831ea00a7.jpg?aki_policy=large"", ""https://a0.muscache.com/im/pictures/7b4fac7b-b37e-4015-aefe-f3058d39c840.jpg?aki_policy=large"", ""https://a0.muscache.com/im/pictures/6ebbb23a-f6a0-4bd3-b4c9-50ee1552f398.jpg?aki_policy=large"", ""https://a0.muscache.com/im/pictures/a818c217-44d8-456e-94f8-cf7b5b413f99.jpg?aki_policy=large"", ""https://a0.muscache.com/im/pictures/c02269db-e88d-45bb-80bb-5b78b9901621.jpg?aki_policy=large"", ""https://a0.muscache.com/im/pictures/0e50f17e-6cbd-4a42-86ab-9f8eb310a8e4.jpg?aki_policy=large"", ""https://a0.muscache.com/im/pictures/bbb85121-f0ea-4236-ad2c-d014ceaf420b.jpg?aki_policy=large"", ""https://a0.muscache.com/im/pictures/8a4d2552-41d4-441e-bdc0-6c3e44791b6f.jpg?aki_policy=large"", ""https://a0.muscache.com/im/pictures/a3088fa6-39fc-4905-861e-007b4004f444.jpg?aki_policy=large"", ""https://a0.muscache.com/im/pictures/efbbe883-ecda-4561-ac22-29d2d5e9f43e.jpg?aki_policy=large"", ""https://a0.muscache.com/im/pictures/cbe70a4c-f8fe-494c-96b8-e5c8127e1d27.jpg?aki_policy=large"", ""https://a0.muscache.com/im/pictures/86e5e21e-2b48-411c-89c8-a980cfd855b8.jpg?aki_policy=large"", ""https://a0.muscache.com/im/pictures/99d7802e-5e4a-42dd-9eb9-42ffa8c6eb02.jpg?aki_policy=large"", ""https://a0.muscache.com/im/pictures/f2a61308-3219-40db-997a-61384a8768e1.jpg?aki_policy=large"", ""https://a0.muscache.com/im/pictures/a0198775-d6d9-4910-a5e4-f7a47ed61edf.jpg?aki_policy=large""]";"{""beds"": 1, ""bedrooms"": 1, ""bathrooms"": 1.5, ""amenity_ids"": [1, 129, 2, 3, 4, 5, 71, 8, 77, 21, 85, 89, 90, 91, 28, 92, 93, 30, 94, 31, 95, 96, 33, 34, 35, 100, 103, 40, 104, 41, 44, 45, 46, 47, 57], ""is_rebookable"": false, ""is_new_listing"": false, ""is_fully_refundable"": false, ""is_host_highly_rated"": true, ""is_business_travel_ready"": false}";"{""weekly_factor"": 1.0, ""monthly_factor"": 1.0}";6261;"";"{""is_superhost"": false}"
18185372;Appartement Bellefond Paris 9;entire_home;Paris;Gare du Nord - Gare de I'Est;48.8783508919;2.34750217413;4;"[""https://a0.muscache.com/im/pictures/330c0aec-7585-49d7-bbd1-81fb9d8ddb37.jpg?aki_policy=large"", ""https://a0.muscache.com/im/pictures/2035056d-89de-436a-9d8e-274fada1e391.jpg?aki_policy=large"", ""https://a0.muscache.com/im/pictures/1a3f9789-0976-47eb-8443-45ddff0eb54c.jpg?aki_policy=large"", ""https://a0.muscache.com/im/pictures/9ca57ba0-dfc4-43dc-a759-d62ce0ddb0bc.jpg?aki_policy=large"", ""https://a0.muscache.com/im/pictures/f5f99cf9-907e-4f6b-a933-fd700754c2c1.jpg?aki_policy=large"", ""https://a0.muscache.com/im/pictures/0a660a71-fc7c-4409-bd34-27f3a97cc42e.jpg?aki_policy=large"", ""https://a0.muscache.com/im/pictures/374d84ce-bcb4-4f56-a914-392371e0d203.jpg?aki_policy=large"", ""https://a0.muscache.com/im/pictures/e500e5cd-ed39-4034-b000-77c9a47fc4ef.jpg?aki_policy=large"", ""https://a0.muscache.com/im/pictures/09426066-e9f3-4865-8085-2eaf7e0f696d.jpg?aki_policy=large"", ""https://a0.muscache.com/im/pictures/8275131f-a34a-46c4-8b0b-56277582998d.jpg?aki_policy=large"", ""https://a0.muscache.com/im/pictures/59271701-b43f-4ed5-9310-bba98c622a56.jpg?aki_policy=large"", ""https://a0.muscache.com/im/pictures/6cbcd690-e14f-4040-8192-47a6f3b745b0.jpg?aki_policy=large"", ""https://a0.muscache.com/im/pictures/42852594-fa0b-48b1-b9ef-20d98873c58f.jpg?aki_policy=large"", ""https://a0.muscache.com/im/pictures/6bfd660f-f451-4f90-9fd8-41275201b20a.jpg?aki_policy=large"", ""https://a0.muscache.com/im/pictures/1db66a95-15a4-4fac-b306-c85dc953bd50.jpg?aki_policy=large"", ""https://a0.muscache.com/im/pictures/68eccfd1-ca6f-42b5-b9aa-bd789a4fd21d.jpg?aki_policy=large"", ""https://a0.muscache.com/im/pictures/dbb69067-fe0a-476b-9eb1-1d18a964798b.jpg?aki_policy=large"", ""https://a0.muscache.com/im/pictures/cbd54bd9-67d7-4bc4-9e51-9ff224b25333.jpg?aki_policy=large"", ""https://a0.muscache.com/im/pictures/5b86be3b-b09b-4372-bcc3-8a8c7470e4f8.jpg?aki_policy=large"", ""https://a0.muscache.com/im/pictures/e4ba1642-95bb-4edb-9716-9691ec553970.jpg?aki_policy=large"", ""https://a0.muscache.com/im/pictures/9e1ebfd9-2229-4537-a9ed-a53baafe4110.jpg?aki_policy=large"", ""https://a0.muscache.com/im/pictures/070ddb95-1a84-4dc6-80b6-28a3e96b8d4a.jpg?aki_policy=large"", ""https://a0.muscache.com/im/pictures/ff83c5a4-e91f-4b19-9cc8-539f5c8fa13f.jpg?aki_policy=large"", ""https://a0.muscache.com/im/pictures/f246633a-1e4b-4cef-9d9b-62f975fb14b6.jpg?aki_policy=large"", ""https://a0.muscache.com/im/pictures/142fc981-688e-45dd-84ef-e2cfaaf68615.jpg?aki_policy=large"", ""https://a0.muscache.com/im/pictures/78341f47-fc34-4d4b-811f-51607438740d.jpg?aki_policy=large"", ""https://a0.muscache.com/im/pictures/dbcc649c-b725-48af-81c1-0d6191d5a9bd.jpg?aki_policy=large"", ""https://a0.muscache.com/im/pictures/af060d53-db9d-4a04-b5ba-6b947949f898.jpg?aki_policy=large"", ""https://a0.muscache.com/im/pictures/f3487d99-f8fd-4fdd-ade4-2b93b3d70feb.jpg?aki_policy=large"", ""https://a0.muscache.com/im/pictures/40758a06-c4dd-4fb9-b33b-a4a2670740a4.jpg?aki_policy=large""]";"{""beds"": 2, ""bedrooms"": 2, ""bathrooms"": 1.0, ""amenity_ids"": [1, 4, 8, 72, 12, 77, 17, 85, 86, 88, 89, 90, 91, 92, 93, 30, 94, 31, 95, 96, 33, 34, 35, 38, 40, 41, 45, 46, 51, 54], ""is_rebookable"": false, ""is_new_listing"": false, ""is_fully_refundable"": true, ""is_host_highly_rated"": true, ""is_business_travel_ready"": false}";"{""weekly_factor"": 1.0, ""monthly_factor"": 1.0}";4202;"";"{""is_superhost"": true}"
18209114;Beautiful Duplex in the most luxurious area.;entire_home;Paris;Madeleine - Vendôme;48.8682306325;2.32953352173;3;"[""https://a0.muscache.com/im/pictures/34460a67-a15f-49ee-9049-902d887395af.jpg?aki_policy=large"", ""https://a0.muscache.com/im/pictures/cfc22dd8-9820-4871-80f5-fb47f82b7755.jpg?aki_policy=large"", ""https://a0.muscache.com/im/pictures/3d83f9db-5b5b-496f-a150-08141e544fd2.jpg?aki_policy=large"", ""https://a0.muscache.com/im/pictures/cb69fe85-a3f9-4979-814a-4603f32a791f.jpg?aki_policy=large"", ""https://a0.muscache.com/im/pictures/7f67b793-6c85-48cc-94eb-990eec19e55c.jpg?aki_policy=large"", ""https://a0.muscache.com/im/pictures/bbb7b9c5-13e7-42d0-ad1d-07d3da1a7abd.jpg?aki_policy=large"", ""https://a0.muscache.com/im/pictures/dcf447d9-fb4a-4978-b363-d1205488e72a.jpg?aki_policy=large"", ""https://a0.muscache.com/im/pictures/8b9b4e07-2c9d-47fc-950b-9448ae1d968f.jpg?aki_policy=large"", ""https://a0.muscache.com/im/pictures/8f312f69-47ba-45fa-bfd7-859ef71b34c0.jpg?aki_policy=large""]";"{""beds"": 2, ""bedrooms"": 1, ""bathrooms"": 1.0, ""amenity_ids"": [1, 33, 35, 4, 38, 39, 8, 40, 11, 12, 44, 45, 46, 47, 30, 31], ""is_rebookable"": false, ""is_new_listing"": false, ""is_fully_refundable"": true, ""is_host_highly_rated"": true, ""is_business_travel_ready"": false}";"{""weekly_factor"": 1.0, ""monthly_factor"": 1.0}";2885;"";"{""is_superhost"": false}"
18209211;Contemporary apartment-St Germain 6th +Event;entire_home;Paris;Saint Germain des Prés - Odéon;48.857774134;2.33571483494;5;"[""https://a0.muscache.com/im/pictures/1633cc25-28cb-46f0-ab6d-d933617626aa.jpg?aki_policy=large"", ""https://a0.muscache.com/im/pictures/2ce5ca27-3eca-4c46-a46b-346759877892.jpg?aki_policy=large"", ""https://a0.muscache.com/im/pictures/864b171b-2697-4bd8-bc12-271892783518.jpg?aki_policy=large"", ""https://a0.muscache.com/im/pictures/c87d9c16-dd92-41a9-924a-f2e1a70daaa4.jpg?aki_policy=large"", ""https://a0.muscache.com/im/pictures/f4eb0784-1c66-4884-91ff-9348bf96d99d.jpg?aki_policy=large"", ""https://a0.muscache.com/im/pictures/4c4e26d4-f7dd-4bab-b4b9-158d83603cb9.jpg?aki_policy=large"", ""https://a0.muscache.com/im/pictures/96c74fbc-300d-4406-8aca-3a90823e65d2.jpg?aki_policy=large"", ""https://a0.muscache.com/im/pictures/6dd0dbe0-ead0-4bdb-9643-7f86948610af.jpg?aki_policy=large"", ""https://a0.muscache.com/im/pictures/f85e0c56-faa6-4e4b-a1ec-95e20b872843.jpg?aki_policy=large"", ""https://a0.muscache.com/im/pictures/1ba25853-3dfe-4c75-a84e-cc4c31a08a0f.jpg?aki_policy=large"", ""https://a0.muscache.com/im/pictures/f19c5f84-669b-4c3d-aca1-c5b3737f291a.jpg?aki_policy=large"", ""https://a0.muscache.com/im/pictures/f0cab434-c040-432f-b888-10a57d71db0e.jpg?aki_policy=large"", ""https://a0.muscache.com/im/pictures/f8db9e72-0a5c-4954-8aa9-9688103800b7.jpg?aki_policy=large"", ""https://a0.muscache.com/im/pictures/a1e85c84-1889-45b0-b28e-ce2c8ec7d48c.jpg?aki_policy=large"", ""https://a0.muscache.com/im/pictures/89096e54-f2b3-487d-b08b-a57be9d7fc8e.jpg?aki_policy=large"", ""https://a0.muscache.com/im/pictures/71b24150-6d4d-4e7b-b81b-139d0d6fe740.jpg?aki_policy=large"", ""https://a0.muscache.com/im/pictures/01405155-066f-4a7c-8ef4-58259195d838.jpg?aki_policy=large"", ""https://a0.muscache.com/im/pictures/35fe584a-67e3-4b72-9f92-fab99ce2f2b3.jpg?aki_policy=large"", ""https://a0.muscache.com/im/pictures/18be079f-2706-4205-9101-4577d0352453.jpg?aki_policy=large"", ""https://a0.muscache.com/im/pictures/8f6c4c29-71b4-4454-aeb4-67e8d5322d6a.jpg?aki_policy=large""]";"{""beds"": 2, ""bedrooms"": 2, ""bathrooms"": 1.0, ""amenity_ids"": [32, 1, 33, 34, 3, 131, 4, 8, 40, 104, 41, 10, 44, 45, 77, 46, 47, 28, 30, 31], ""is_rebookable"": false, ""is_new_listing"": false, ""is_fully_refundable"": true, ""is_host_highly_rated"": true, ""is_business_travel_ready"": false}";"{""weekly_factor"": 1.0, ""monthly_factor"": 1.0}";7457;"";"{""is_superhost"": false}"
18423732;Typical charming apartment (Madeleine);entire_home;Paris;Opéra - Grands Boulevards;48.871967985;2.32694053771;6;"[""https://a0.muscache.com/im/pictures/a549014a-ee96-467e-b73f-d40bf6de431c.jpg?aki_policy=large"", ""https://a0.muscache.com/im/pictures/e95d55d1-3ce6-444b-bcd3-7011661d0d07.jpg?aki_policy=large"", ""https://a0.muscache.com/im/pictures/931ccfe9-23c7-4d77-ae43-14db77473006.jpg?aki_policy=large"", ""https://a0.muscache.com/im/pictures/0c820d83-6d66-42e0-8305-ecb8b1cb3ede.jpg?aki_policy=large"", ""https://a0.muscache.com/im/pictures/49e75fd0-4fe2-4e00-832d-e417905a4a69.jpg?aki_policy=large"", ""https://a0.muscache.com/im/pictures/8e8a7d1b-5e23-48bb-b3ac-19e53a69e73b.jpg?aki_policy=large"", ""https://a0.muscache.com/im/pictures/01164cb6-ed3b-4d35-b484-ab02d07c9d50.jpg?aki_policy=large"", ""https://a0.muscache.com/im/pictures/e7b181db-e2de-4cb8-97ef-c492b1416af1.jpg?aki_policy=large"", ""https://a0.muscache.com/im/pictures/ddbf8d41-b7fd-493b-9d03-c8fdd3574ac2.jpg?aki_policy=large"", ""https://a0.muscache.com/im/pictures/79eb2559-68e6-4c87-9562-53432a4bff96.jpg?aki_policy=large"", ""https://a0.muscache.com/im/pictures/838ce860-134e-4ea9-8d10-ae48f12f657c.jpg?aki_policy=large"", ""https://a0.muscache.com/im/pictures/20bfba0f-2f56-4a34-a892-5296ac707d15.jpg?aki_policy=large"", ""https://a0.muscache.com/im/pictures/5a13e64c-321b-4f8b-a355-b2a985fcb39f.jpg?aki_policy=large"", ""https://a0.muscache.com/im/pictures/2c4f428d-911b-4d58-8d12-56689b783683.jpg?aki_policy=large"", ""https://a0.muscache.com/im/pictures/a3af05d7-c430-42d2-9158-0e70d3ccf139.jpg?aki_policy=large"", ""https://a0.muscache.com/im/pictures/39b9ea0f-9c90-445d-bcf7-088bc8e96337.jpg?aki_policy=large"", ""https://a0.muscache.com/im/pictures/7ef045b0-89a3-4f70-94c1-6f1a29706b3a.jpg?aki_policy=large"", ""https://a0.muscache.com/im/pictures/6e5af158-b644-4c60-8acf-0622e7033280.jpg?aki_policy=large"", ""https://a0.muscache.com/im/pictures/9dc5e5d4-8034-416b-b20d-7f385c5761b5.jpg?aki_policy=large"", ""https://a0.muscache.com/im/pictures/9a2cdf17-eabb-43df-bc6d-749cb1a2063a.jpg?aki_policy=large"", ""https://a0.muscache.com/im/pictures/1b8d3394-e805-4103-8ef5-9fec31e74cb7.jpg?aki_policy=large"", ""https://a0.muscache.com/im/pictures/c69b7282-89fb-4445-919a-4d6deff280e8.jpg?aki_policy=large"", ""https://a0.muscache.com/im/pictures/4a0de5af-3cc0-41bf-8bd5-7b38b3dbe2cb.jpg?aki_policy=large"", ""https://a0.muscache.com/im/pictures/54ebbc78-ede3-4875-9e76-17a47791da11.jpg?aki_policy=large"", ""https://a0.muscache.com/im/pictures/721a77dc-9009-411b-a105-4e2331f405a3.jpg?aki_policy=large"", ""https://a0.muscache.com/im/pictures/5b941a0e-eb3c-40cf-94ad-219f43ecac1b.jpg?aki_policy=large"", ""https://a0.muscache.com/im/pictures/2126a268-9d2b-4b2d-9b4c-53cca10d6630.jpg?aki_policy=large"", ""https://a0.muscache.com/im/pictures/cb25f9cb-779c-4c82-ba63-297f05603428.jpg?aki_policy=large"", ""https://a0.muscache.com/im/pictures/1c6799d3-0d1a-40b8-9232-ffe5e6fc6842.jpg?aki_policy=large"", ""https://a0.muscache.com/im/pictures/5f5b7452-1a4a-4561-870f-293aaa87651f.jpg?aki_policy=large""]";"{""beds"": 4, ""bedrooms"": 3, ""bathrooms"": 3.0, ""amenity_ids"": [64, 129, 66, 3, 67, 4, 8, 10, 74, 77, 21, 85, 30, 31, 33, 34, 35, 38, 40, 44, 45, 46, 47, 57, 61], ""is_rebookable"": false, ""is_new_listing"": false, ""is_fully_refundable"": true, ""is_host_highly_rated"": true, ""is_business_travel_ready"": false}";"{""weekly_factor"": 0.85, ""monthly_factor"": 0.7}";1791;"";"{""is_superhost"": false}"
18431311;ID 114 Champs Élysées Georges V cosy apartment;entire_home;Paris;Champs-Elysées;48.8708903332;2.2996581418;4;"[""https://a0.muscache.com/im/pictures/502b5cb8-96a0-4777-9392-ae097816d427.jpg?aki_policy=large"", ""https://a0.muscache.com/im/pictures/5e048cc7-cb4e-443b-aa83-c6f765972be7.jpg?aki_policy=large"", ""https://a0.muscache.com/im/pictures/25962750-7ae4-4de3-95bb-9b1378c9bba1.jpg?aki_policy=large"", ""https://a0.muscache.com/im/pictures/e3d26bcf-3ef8-4b6e-bcaf-2df01e39e868.jpg?aki_policy=large"", ""https://a0.muscache.com/im/pictures/6a502d04-c3c7-4a26-8060-16fbb9d9ec53.jpg?aki_policy=large"", ""https://a0.muscache.com/im/pictures/26494579-d63a-41f9-8ebd-06ae7fa592f6.jpg?aki_policy=large"", ""https://a0.muscache.com/im/pictures/1ac0e3a6-355c-485c-bf7d-8ff6776ea8b3.jpg?aki_policy=large"", ""https://a0.muscache.com/im/pictures/edfe1820-3ffc-4b27-9d34-8dddf36966fd.jpg?aki_policy=large"", ""https://a0.muscache.com/im/pictures/7a469989-4b1b-4f9c-a4d1-940445659ac0.jpg?aki_policy=large"", ""https://a0.muscache.com/im/pictures/9c7306ef-3a53-4bc7-979c-8a7786d13dcb.jpg?aki_policy=large""]";"{""beds"": 2, ""bedrooms"": 0, ""bathrooms"": 1.0, ""amenity_ids"": [1, 33, 129, 34, 35, 4, 5, 8, 40, 10, 44, 45, 77, 46, 47, 21, 30, 31], ""is_rebookable"": false, ""is_new_listing"": false, ""is_fully_refundable"": true, ""is_host_highly_rated"": true, ""is_business_travel_ready"": false}";"{""weekly_factor"": 0.75, ""monthly_factor"": 0.43}";6005;"";"{""is_superhost"": false}"
18484044;★ Charmant studio de 38m2 - 16ème;entire_home;Paris;Auteuil;48.8515688975;2.26899249485;3;"[""https://a0.muscache.com/im/pictures/98c2d405-4e08-453f-a7ca-88072ba2fcf1.jpg?aki_policy=large"", ""https://a0.muscache.com/im/pictures/c5d47cb6-2abd-494d-a237-d351f3f5bd4e.jpg?aki_policy=large"", ""https://a0.muscache.com/im/pictures/e3cce4a5-5d68-4f4b-a791-03687494139c.jpg?aki_policy=large"", ""https://a0.muscache.com/im/pictures/aad88cf4-c935-4604-ac4f-bf424fa744af.jpg?aki_policy=large"", ""https://a0.muscache.com/im/pictures/26d679c9-2fb5-4229-b6e7-5990163c75a9.jpg?aki_policy=large"", ""https://a0.muscache.com/im/pictures/4c9ad0e3-b1de-4c9f-8d41-cb16b61f88ec.jpg?aki_policy=large"", ""https://a0.muscache.com/im/pictures/29b20c4a-0af7-4dc6-b6c5-7326da50bbdd.jpg?aki_policy=large"", ""https://a0.muscache.com/im/pictures/d5acaa54-cae7-4e53-a4c3-832d83ece8e5.jpg?aki_policy=large"", ""https://a0.muscache.com/im/pictures/56766d88-973f-497b-9bae-60245aff724b.jpg?aki_policy=large"", ""https://a0.muscache.com/im/pictures/0906bf09-fa97-4f61-8666-ee9f958a64f4.jpg?aki_policy=large"", ""https://a0.muscache.com/im/pictures/edd4baeb-8642-4ed9-a10e-63f5ff1afb6e.jpg?aki_policy=large"", ""https://a0.muscache.com/im/pictures/a6a9d1dc-a050-4e1a-adb4-6af1dea8d13c.jpg?aki_policy=large"", ""https://a0.muscache.com/im/pictures/3b4a75cb-f5c8-44f3-b1e5-b661fb0f9265.jpg?aki_policy=large"", ""https://a0.muscache.com/im/pictures/99ad6d36-4440-4bf9-b195-0d1d2c488f4f.jpg?aki_policy=large"", ""https://a0.muscache.com/im/pictures/407008d7-64f2-434f-a207-c2993a32b719.jpg?aki_policy=large"", ""https://a0.muscache.com/im/pictures/590ba3a5-2746-4c09-abb0-819cf9879c93.jpg?aki_policy=large"", ""https://a0.muscache.com/im/pictures/58aa9afc-3a1b-44ea-9c05-99150f0955b7.jpg?aki_policy=large"", ""https://a0.muscache.com/im/pictures/26bd9358-c3a7-42c1-baf4-81c991a6f6e8.jpg?aki_policy=large"", ""https://a0.muscache.com/im/pictures/3f32ea0c-95f6-4e68-bded-ae142c2eca66.jpg?aki_policy=large"", ""https://a0.muscache.com/im/pictures/e3d8fe96-6ce9-4465-b21d-2fc47f62e3ab.jpg?aki_policy=large"", ""https://a0.muscache.com/im/pictures/8b2edabb-4938-4cbe-b19a-4a908df5207d.jpg?aki_policy=large""]";"{""beds"": 2, ""bedrooms"": 0, ""bathrooms"": 1.0, ""amenity_ids"": [1, 33, 2, 34, 35, 4, 8, 40, 42, 44, 77, 46, 49, 50, 51, 21, 85, 86, 55, 87, 57, 30], ""is_rebookable"": false, ""is_new_listing"": false, ""is_fully_refundable"": true, ""is_host_highly_rated"": false, ""is_business_travel_ready"": false}";"{""weekly_factor"": 0.9, ""monthly_factor"": 1.0}";3218;"";"{""is_superhost"": false}"
18485360;Appartement deux pièces Belleville, Paris;entire_home;Paris;Buttes-Chaumont - Belleville;48.8721211079;2.37900235957;2;"[""https://a0.muscache.com/im/pictures/453c72a4-b3ad-4494-8b15-c26e7389a951.jpg?aki_policy=large"", ""https://a0.muscache.com/im/pictures/ed6470b0-867c-49a7-8b00-1144dffe5c0f.jpg?aki_policy=large"", ""https://a0.muscache.com/im/pictures/9a616112-0e31-4aac-8c92-da0b1532293c.jpg?aki_policy=large"", ""https://a0.muscache.com/im/pictures/6f3e9f91-2208-44c7-aecb-35b3c3ab3ee3.jpg?aki_policy=large"", ""https://a0.muscache.com/im/pictures/e56bd969-26db-447f-b09e-a9d4acc2b41b.jpg?aki_policy=large"", ""https://a0.muscache.com/im/pictures/b3013ec0-0d11-4eca-8adc-f5afd301de02.jpg?aki_policy=large"", ""https://a0.muscache.com/im/pictures/3244dce5-f84a-47eb-97ae-1e52e24aa0be.jpg?aki_policy=large"", ""https://a0.muscache.com/im/pictures/4a5a79f8-5af4-43b8-a50e-6ee2e1d4b8d4.jpg?aki_policy=large"", ""https://a0.muscache.com/im/pictures/7b1a588a-580b-4b87-bb52-c39a1d5af90d.jpg?aki_policy=large"", ""https://a0.muscache.com/im/pictures/d8c6916f-80d0-48b5-9ec8-36d9093bf009.jpg?aki_policy=large""]";"{""beds"": 1, ""bedrooms"": 1, ""bathrooms"": 1.0, ""amenity_ids"": [16, 33, 49, 129, 50, 4, 21, 40, 41, 30, 46], ""is_rebookable"": false, ""is_new_listing"": false, ""is_fully_refundable"": true, ""is_host_highly_rated"": true, ""is_business_travel_ready"": false}";"{""weekly_factor"": 0.79, ""monthly_factor"": 1.0}";3910;"";"{""is_superhost"": false}"
18633461;Chic & Cosy Nord  Marais !;entire_home;Paris;République;48.861713;2.370881;2;"[""https://a0.muscache.com/im/pictures/a4f68f47-d161-4e43-85bc-df2680251ba4.jpg?aki_policy=large"", ""https://a0.muscache.com/im/pictures/b7d13fc6-cf86-4c87-bc49-f486fce52060.jpg?aki_policy=large"", ""https://a0.muscache.com/im/pictures/69948c0f-2e07-4b7c-94d6-936e31ee7c36.jpg?aki_policy=large"", ""https://a0.muscache.com/im/pictures/8d1f60ed-7ff5-46c1-86d6-88cd936b501a.jpg?aki_policy=large"", ""https://a0.muscache.com/im/pictures/a7d3fcc1-158a-4952-a301-83f2128a2b67.jpg?aki_policy=large"", ""https://a0.muscache.com/im/pictures/b0edc7cd-ce53-4f11-aad8-4ee01534e45e.jpg?aki_policy=large"", ""https://a0.muscache.com/im/pictures/5004171b-71c7-4efa-b195-ae62f72a3f1c.jpg?aki_policy=large"", ""https://a0.muscache.com/im/pictures/b836b090-149d-4130-9e11-3bb3d79ec2d9.jpg?aki_policy=large"", ""https://a0.muscache.com/im/pictures/050c27bd-86a1-4bee-ab5a-6c78b8208532.jpg?aki_policy=large"", ""https://a0.muscache.com/im/pictures/ea5c7d48-1e21-463b-b3f5-8e89343b4cfb.jpg?aki_policy=large"", ""https://a0.muscache.com/im/pictures/3de7d9e3-56d7-411b-816d-3d5db8dddc69.jpg?aki_policy=large"", ""https://a0.muscache.com/im/pictures/eee25d53-aaae-449a-92b1-3331611ee96e.jpg?aki_policy=large"", ""https://a0.muscache.com/im/pictures/84ca86c8-403a-4f0c-8a0a-3a68ee4c192d.jpg?aki_policy=large"", ""https://a0.muscache.com/im/pictures/d11fa182-0e1b-4b12-8f28-ac7bcac54303.jpg?aki_policy=large"", ""https://a0.muscache.com/im/pictures/07f27744-9f42-4aa1-ab3a-059d85fd05f1.jpg?aki_policy=large""]";"{""beds"": 1, ""bedrooms"": 0, ""bathrooms"": 1.0, ""amenity_ids"": [1, 129, 2, 4, 8, 72, 10, 77, 85, 87, 89, 90, 91, 93, 30, 94, 31, 33, 35, 36, 40, 41, 44, 45, 46, 47, 51], ""is_rebookable"": false, ""is_new_listing"": false, ""is_fully_refundable"": true, ""is_host_highly_rated"": true, ""is_business_travel_ready"": false}";"{""weekly_factor"": 1.0, ""monthly_factor"": 1.0}";4902;"";"{""is_superhost"": false}"
18691947;Shared Room 3;shared_room;Paris;11e arrondissement;48.8660760165;2.38230771093;1;"[""https://a0.muscache.com/im/pictures/4cb008a7-ca5e-4ba1-a059-345960eccf85.jpg?aki_policy=large"", ""https://a0.muscache.com/im/pictures/03570288-2d15-4172-b0a9-ca04488b855e.jpg?aki_policy=large"", ""https://a0.muscache.com/im/pictures/4d45ab96-a1a2-4d51-b7b1-3fc63eb20376.jpg?aki_policy=large"", ""https://a0.muscache.com/im/pictures/2882fad7-4f9a-4899-96a4-492260e49345.jpg?aki_policy=large"", ""https://a0.muscache.com/im/pictures/d8bdfd32-c68e-490a-a150-d653c6f8dcff.jpg?aki_policy=large"", ""https://a0.muscache.com/im/pictures/cfa0a187-979b-4903-aa92-c3f7b06f43af.jpg?aki_policy=large"", ""https://a0.muscache.com/im/pictures/e53d5512-d390-4fcc-9075-1b2a25b6ac0f.jpg?aki_policy=large"", ""https://a0.muscache.com/im/pictures/105f5651-4876-4dab-bbb8-f91a5beeaa18.jpg?aki_policy=large""]";"{""beds"": 16, ""bedrooms"": 1, ""bathrooms"": 1.0, ""amenity_ids"": [4, 40, 11, 44, 45, 46, 49, 50, 21, 89, 90, 91, 93], ""is_rebookable"": false, ""is_new_listing"": false, ""is_fully_refundable"": true, ""is_host_highly_rated"": true, ""is_business_travel_ready"": false}";"{""weekly_factor"": 0.9, ""monthly_factor"": 1.0}";3710;"";"{""is_superhost"": false}"
18644634;41 - Atelier Star Wars;entire_home;Paris city;Châtelet - Les Halles - Beaubourg;48.866013;2.35084;13;"[""https://a0.muscache.com/im/pictures/ccad8808-8c0a-40ac-8267-56cc6784d486.jpg?aki_policy=large"", ""https://a0.muscache.com/im/pictures/350ed744-9a77-4fc9-91fa-c96012470305.jpg?aki_policy=large"", ""https://a0.muscache.com/im/pictures/9414d70c-4b9a-4f5d-b700-2e61f428db8c.jpg?aki_policy=large"", ""https://a0.muscache.com/im/pictures/f1ff336b-a983-41b8-9dbe-b442f71081c5.jpg?aki_policy=large"", ""https://a0.muscache.com/im/pictures/4af7b629-1c78-42fe-804a-f9a1d657f73e.jpg?aki_policy=large"", ""https://a0.muscache.com/im/pictures/a77890e4-22d4-457a-ae86-98ef9ccd5199.jpg?aki_policy=large"", ""https://a0.muscache.com/im/pictures/daca8d76-452b-4563-9328-41ccf1183650.jpg?aki_policy=large"", ""https://a0.muscache.com/im/pictures/2f9544af-fe7f-47db-a2df-20bc636ed0cf.jpg?aki_policy=large"", ""https://a0.muscache.com/im/pictures/bbbf4d40-2c7d-416a-a3eb-e8ab34d65309.jpg?aki_policy=large"", ""https://a0.muscache.com/im/pictures/8345aee9-b1bd-45db-9cab-7352e7496d7e.jpg?aki_policy=large"", ""https://a0.muscache.com/im/pictures/cd9d1031-fd7d-41ca-8bf7-837ec4ccacba.jpg?aki_policy=large"", ""https://a0.muscache.com/im/pictures/ec0afb59-3e6a-40a7-8e90-a5a6e95deaec.jpg?aki_policy=large"", ""https://a0.muscache.com/im/pictures/0e1a5dfc-9f42-4e7d-bce3-b71957acc137.jpg?aki_policy=large"", ""https://a0.muscache.com/im/pictures/39135256-c7ea-46dd-9288-82ca7a64ebbc.jpg?aki_policy=large"", ""https://a0.muscache.com/im/pictures/3276e975-073e-4fbc-88ba-25f7089b8b98.jpg?aki_policy=large"", ""https://a0.muscache.com/im/pictures/31e55c98-bcbb-45e7-8731-2a0b1cf417ac.jpg?aki_policy=large"", ""https://a0.muscache.com/im/pictures/cf12d35f-6597-4231-a1ee-42d8e99c0961.jpg?aki_policy=large"", ""https://a0.muscache.com/im/pictures/35ec2c3b-f0aa-47cc-ac46-c7016f98218b.jpg?aki_policy=large"", ""https://a0.muscache.com/im/pictures/e1c636d5-35f9-42d5-810d-59bf8ffc522f.jpg?aki_policy=large"", ""https://a0.muscache.com/im/pictures/400710cb-53ab-416f-84c4-9a317c34d933.jpg?aki_policy=large""]";"{""beds"": 7, ""bedrooms"": 3, ""bathrooms"": 1.5, ""amenity_ids"": [64, 1, 3, 4, 5, 71, 8, 40, 43, 12, 45, 46, 30, 31], ""is_rebookable"": false, ""is_new_listing"": false, ""is_fully_refundable"": false, ""is_host_highly_rated"": false, ""is_business_travel_ready"": false}";"{""weekly_factor"": 1.0, ""monthly_factor"": 1.0}";4070;"";"{""is_superhost"": false}"
18652981;95m2, Marais, calme, espace, confort, tout équipé;entire_home;Paris;3e arrondissement;48.8623528897;2.365030693;6;"[""https://a0.muscache.com/im/pictures/8f3b32ec-83f9-416a-bce7-71dc0f1a1023.jpg?aki_policy=large"", ""https://a0.muscache.com/im/pictures/2844411e-5bb8-400e-be0a-63886fe09194.jpg?aki_policy=large"", ""https://a0.muscache.com/im/pictures/045cb663-689c-40dc-b4ba-c3f0046d2562.jpg?aki_policy=large"", ""https://a0.muscache.com/im/pictures/5d6628c1-f4ef-426d-8146-8e1f657e706e.jpg?aki_policy=large"", ""https://a0.muscache.com/im/pictures/d3745b02-8f3b-4a32-a111-45de0c67f56f.jpg?aki_policy=large"", ""https://a0.muscache.com/im/pictures/caad8ff2-18f9-4d62-8b2f-f928abf624f2.jpg?aki_policy=large"", ""https://a0.muscache.com/im/pictures/bc06d10b-7f24-45cb-aa40-c4b89bdca9bc.jpg?aki_policy=large"", ""https://a0.muscache.com/im/pictures/f315c303-b814-46ca-a34e-7c6cb0c34272.jpg?aki_policy=large"", ""https://a0.muscache.com/im/pictures/06f4cc2f-f263-4320-8e91-5ad80dd106c2.jpg?aki_policy=large"", ""https://a0.muscache.com/im/pictures/4fe99bae-3368-4a6b-9602-a564d9ef4e2c.jpg?aki_policy=large"", ""https://a0.muscache.com/im/pictures/396ddb69-7f3a-4a9e-b7ad-33e385924cef.jpg?aki_policy=large"", ""https://a0.muscache.com/im/pictures/9f5c0e90-3ffa-4c0c-8288-c478cca6e60b.jpg?aki_policy=large"", ""https://a0.muscache.com/im/pictures/26513fc6-2f59-4cd4-acfd-4a8b03bd2490.jpg?aki_policy=large"", ""https://a0.muscache.com/im/pictures/488c1db7-2a7e-4d80-b27d-7eb73c5fd952.jpg?aki_policy=large"", ""https://a0.muscache.com/im/pictures/6859ac2b-22c5-4448-992e-406f386d74cb.jpg?aki_policy=large"", ""https://a0.muscache.com/im/pictures/920c9e95-2262-402e-b230-f38eda2f67d7.jpg?aki_policy=large"", ""https://a0.muscache.com/im/pictures/1db8336e-a719-4041-9428-e117fba76d30.jpg?aki_policy=large"", ""https://a0.muscache.com/im/pictures/384bbdbf-577f-42d8-91f5-6f928eff5bac.jpg?aki_policy=large""]";"{""beds"": 4, ""bedrooms"": 3, ""bathrooms"": 1.0, ""amenity_ids"": [1, 33, 129, 35, 4, 36, 38, 39, 8, 40, 41, 10, 42, 44, 45, 77, 46, 47, 50, 85, 86, 87, 30, 31], ""is_rebookable"": false, ""is_new_listing"": false, ""is_fully_refundable"": true, ""is_host_highly_rated"": true, ""is_business_travel_ready"": false}";"{""weekly_factor"": 0.9, ""monthly_factor"": 0.85}";5442;"";"{""is_superhost"": false}"
18679416;Charming parisian bedroom;private_room;Paris;Buttes-Chaumont - Belleville;48.8742165989;2.39370345004;2;"[""https://a0.muscache.com/im/pictures/11745a12-39b2-4648-9d32-68a48246a128.jpg?aki_policy=large"", ""https://a0.muscache.com/im/pictures/097c0287-9cfc-4b91-9780-18373820410c.jpg?aki_policy=large"", ""https://a0.muscache.com/im/pictures/e0fb88ec-d6f5-43b6-be8f-b35fc8b5a481.jpg?aki_policy=large"", ""https://a0.muscache.com/im/pictures/284f7511-4e7b-4fe4-a2f5-9111ffb00815.jpg?aki_policy=large"", ""https://a0.muscache.com/im/pictures/4417ff90-5338-4239-9ff4-12194e293207.jpg?aki_policy=large"", ""https://a0.muscache.com/im/pictures/a033d82a-1a6e-4db9-a47e-285c327509a9.jpg?aki_policy=large"", ""https://a0.muscache.com/im/pictures/b68e2473-1e93-4ad3-bf1e-3416890fc492.jpg?aki_policy=large"", ""https://a0.muscache.com/im/pictures/3ec053ac-30e9-4783-b748-74a21628b6d3.jpg?aki_policy=large""]";"{""beds"": 1, ""bedrooms"": 1, ""bathrooms"": 1.0, ""amenity_ids"": [49, 50], ""is_rebookable"": false, ""is_new_listing"": false, ""is_fully_refundable"": true, ""is_host_highly_rated"": false, ""is_business_travel_ready"": false}";"{""weekly_factor"": 1.0, ""monthly_factor"": 1.0}";5628;"";"{""is_superhost"": false}"
18687715;Cosy studio in the heart of Marais;entire_home;Paris;"";48.8553127034;2.35983977953;3;"[""https://a0.muscache.com/im/pictures/93d52fa8-c2f9-4343-97e9-51646e148a5c.jpg?aki_policy=large"", ""https://a0.muscache.com/im/pictures/11637479-0338-48ee-8052-28855cf75cad.jpg?aki_policy=large"", ""https://a0.muscache.com/im/pictures/108d0b81-52fa-41b1-89b8-c46e3ea5edf5.jpg?aki_policy=large"", ""https://a0.muscache.com/im/pictures/4c396a74-fa93-42b6-bd82-dfaf570995e3.jpg?aki_policy=large"", ""https://a0.muscache.com/im/pictures/716d607c-5364-43d0-86ac-6654e3dd04f4.jpg?aki_policy=large"", ""https://a0.muscache.com/im/pictures/fcbb3f22-8b11-4bc9-9569-7b1806a55d64.jpg?aki_policy=large"", ""https://a0.muscache.com/im/pictures/3846c6ab-130c-4f53-881e-4bcfd8e1e88b.jpg?aki_policy=large"", ""https://a0.muscache.com/im/pictures/ec5134eb-2155-483c-a0c8-bb405c027117.jpg?aki_policy=large"", ""https://a0.muscache.com/im/pictures/6358c4a9-c051-40df-b204-e67a4d669b5a.jpg?aki_policy=large"", ""https://a0.muscache.com/im/pictures/dcc53b83-cea7-4a21-bcb9-ca5b598431ca.jpg?aki_policy=large"", ""https://a0.muscache.com/im/pictures/eff4dae9-0e1c-4b74-95e3-29d9a632f271.jpg?aki_policy=large"", ""https://a0.muscache.com/im/pictures/5e68b0c2-b52c-47c3-8e2a-863e0b60f2c4.jpg?aki_policy=large"", ""https://a0.muscache.com/im/pictures/80f69fcf-4934-4e92-a798-d2e234194b99.jpg?aki_policy=large"", ""https://a0.muscache.com/im/pictures/015c5799-9810-4cee-b458-b058d93c28cd.jpg?aki_policy=large""]";"{""beds"": 2, ""bedrooms"": 1, ""bathrooms"": 1.0, ""amenity_ids"": [2, 4, 21, 8, 40, 41, 44, 45, 30, 31, 47], ""is_rebookable"": false, ""is_new_listing"": false, ""is_fully_refundable"": true, ""is_host_highly_rated"": true, ""is_business_travel_ready"": false}";"{""weekly_factor"": 0.85, ""monthly_factor"": 0.7}";1705;"";"{""is_superhost"": false}"
18691419;Shared Room 1;shared_room;Paris;11e arrondissement;48.8671913301;2.38168528994;1;"[""https://a0.muscache.com/im/pictures/da064fae-8637-483b-8d18-93a0bb0b0032.jpg?aki_policy=large"", ""https://a0.muscache.com/im/pictures/c8d53827-622d-4b9b-9812-6ca59432ff04.jpg?aki_policy=large"", ""https://a0.muscache.com/im/pictures/44ab2834-81ad-4c19-bc78-63db9477b424.jpg?aki_policy=large"", ""https://a0.muscache.com/im/pictures/78619ae6-8d4b-4060-9d14-a5f95feeae48.jpg?aki_policy=large"", ""https://a0.muscache.com/im/pictures/2415e866-2700-4765-a954-9571f02b6f2b.jpg?aki_policy=large"", ""https://a0.muscache.com/im/pictures/f7cc0c0e-c39b-4089-9097-81537d34bef1.jpg?aki_policy=large"", ""https://a0.muscache.com/im/pictures/f81a8f14-b07a-450e-9983-27d93cfe6c8f.jpg?aki_policy=large"", ""https://a0.muscache.com/im/pictures/4389e986-c470-4bd1-a509-c3e7085767b4.jpg?aki_policy=large""]";"{""beds"": 16, ""bedrooms"": 1, ""bathrooms"": 1.0, ""amenity_ids"": [49, 50, 4, 21, 40, 89, 90, 91, 44, 45, 46], ""is_rebookable"": false, ""is_new_listing"": false, ""is_fully_refundable"": true, ""is_host_highly_rated"": true, ""is_business_travel_ready"": false}";"{""weekly_factor"": 0.9, ""monthly_factor"": 1.0}";3710;"";"{""is_superhost"": false}"
18729378;110m² 4bedrs modern cosy & family with garden view;entire_home;Paris;Nation;48.8459561231;2.39495448627;6;"[""https://a0.muscache.com/im/pictures/458e573f-1f84-42f7-ab1f-f6bb4f215c1f.jpg?aki_policy=large"", ""https://a0.muscache.com/im/pictures/fc94c431-ea37-4e1a-b518-34c51b7b9448.jpg?aki_policy=large"", ""https://a0.muscache.com/im/pictures/91519e72-8565-4803-9b1d-b44a75561316.jpg?aki_policy=large"", ""https://a0.muscache.com/im/pictures/e190e628-5c62-4932-b153-d3f75e991950.jpg?aki_policy=large"", ""https://a0.muscache.com/im/pictures/69623b44-d623-4f8e-a1bd-51446e5e4420.jpg?aki_policy=large"", ""https://a0.muscache.com/im/pictures/60a83be8-1712-4b06-aa94-17616fe350da.jpg?aki_policy=large"", ""https://a0.muscache.com/im/pictures/d25a62c0-fe15-4eca-9a89-7456593f3bf9.jpg?aki_policy=large"", ""https://a0.muscache.com/im/pictures/759acf6f-6671-4f50-874c-5c840948569b.jpg?aki_policy=large"", ""https://a0.muscache.com/im/pictures/44155c58-b91a-4d31-bdd3-a14b5cb06821.jpg?aki_policy=large"", ""https://a0.muscache.com/im/pictures/46074843-bba7-4d6d-a3d2-1026f87063f5.jpg?aki_policy=large"", ""https://a0.muscache.com/im/pictures/8eaa9e45-1dfb-400b-ac21-bf45be9e09cc.jpg?aki_policy=large"", ""https://a0.muscache.com/im/pictures/292fc2d4-4096-4eb9-aaaf-4ea93cbbe9bb.jpg?aki_policy=large"", ""https://a0.muscache.com/im/pictures/6d085a31-aca5-41ce-9846-18e951569a63.jpg?aki_policy=large"", ""https://a0.muscache.com/im/pictures/3681c345-5945-428c-9f89-a2c3034a9567.jpg?aki_policy=large"", ""https://a0.muscache.com/im/pictures/76358f7f-4f95-40ab-b68f-8aaf5cb40ba1.jpg?aki_policy=large"", ""https://a0.muscache.com/im/pictures/01742882-a8fa-4e9a-8f82-4b49cab2d98d.jpg?aki_policy=large"", ""https://a0.muscache.com/im/pictures/0c3d391d-abc7-419b-a186-cb8e1c92a273.jpg?aki_policy=large"", ""https://a0.muscache.com/im/pictures/5431c654-f0e0-455b-af3a-caa5013d2a8e.jpg?aki_policy=large"", ""https://a0.muscache.com/im/pictures/165d1359-db1b-45bb-b266-7b2fa39515d8.jpg?aki_policy=large""]";"{""beds"": 6, ""bedrooms"": 4, ""bathrooms"": 2.5, ""amenity_ids"": [33, 34, 35, 4, 38, 8, 40, 41, 44, 45, 46, 47, 16, 21, 30, 31], ""is_rebookable"": false, ""is_new_listing"": false, ""is_fully_refundable"": true, ""is_host_highly_rated"": false, ""is_business_travel_ready"": false}";"{""weekly_factor"": 0.9, ""monthly_factor"": 0.75}";6430;"";"{""is_superhost"": false}"
18743165;BEL APPARTEMENT 37m² - SAINT HONORÉ;entire_home;Paris;Palais Royal;48.8652402694;2.33366313028;2;"[""https://a0.muscache.com/im/pictures/d2fe4a3d-389c-4b31-940a-ab3026e25e15.jpg?aki_policy=large"", ""https://a0.muscache.com/im/pictures/c866d43d-9e1d-4558-ac7a-a80f63bf8304.jpg?aki_policy=large"", ""https://a0.muscache.com/im/pictures/7f8a753b-3b9d-402d-a4ff-1760e606451f.jpg?aki_policy=large"", ""https://a0.muscache.com/im/pictures/f55eec6b-a731-453d-b0a9-92b7b3e551d0.jpg?aki_policy=large"", ""https://a0.muscache.com/im/pictures/66cda1eb-43c3-4cc8-99d6-14c6e236a66a.jpg?aki_policy=large"", ""https://a0.muscache.com/im/pictures/0ae16648-9c5d-4407-a856-72bea500268e.jpg?aki_policy=large"", ""https://a0.muscache.com/im/pictures/0435ddd7-191f-4641-b139-7a3f7597ac0e.jpg?aki_policy=large"", ""https://a0.muscache.com/im/pictures/800c9093-134b-4ad1-bab9-7861baf9c3bc.jpg?aki_policy=large"", ""https://a0.muscache.com/im/pictures/2f06e743-b830-4380-b48f-ad49312bdf32.jpg?aki_policy=large"", ""https://a0.muscache.com/im/pictures/c3519b0f-2c45-4100-9a03-ba09a12a2a0f.jpg?aki_policy=large"", ""https://a0.muscache.com/im/pictures/875bae3d-1d89-4bb4-9df4-de2b2e036375.jpg?aki_policy=large"", ""https://a0.muscache.com/im/pictures/99fb4bb0-f752-4331-87a5-d59e247c6805.jpg?aki_policy=large"", ""https://a0.muscache.com/im/pictures/40f02a63-dede-43d4-ab86-0a3a4f225bf1.jpg?aki_policy=large"", ""https://a0.muscache.com/im/pictures/7d97cb0b-6bee-4192-9d4f-d2d11d4f9295.jpg?aki_policy=large"", ""https://a0.muscache.com/im/pictures/2bf66d3c-1941-47bb-9b39-4ba2ba8d2a3e.jpg?aki_policy=large""]";"{""beds"": 1, ""bedrooms"": 1, ""bathrooms"": 1.0, ""amenity_ids"": [1, 33, 34, 3, 35, 4, 8, 40, 41, 44, 45, 46, 47, 21, 30, 31], ""is_rebookable"": false, ""is_new_listing"": false, ""is_fully_refundable"": true, ""is_host_highly_rated"": false, ""is_business_travel_ready"": false}";"{""weekly_factor"": 1.0, ""monthly_factor"": 0.9}";7724;"";"{""is_superhost"": true}"
18745056;Appartement Tour Eiffel 240 M² Luxe Haussmannien;entire_home;Paris;Tour Eiffel - Champ de Mars;48.865233228;2.29572996869;6;"[""https://a0.muscache.com/im/pictures/8486b50b-f5ba-4fd3-ac58-88a7608c8a1b.jpg?aki_policy=large"", ""https://a0.muscache.com/im/pictures/01f2cf4d-de84-497f-acdb-fb641c5e5af2.jpg?aki_policy=large"", ""https://a0.muscache.com/im/pictures/4a73ab96-a789-40db-b490-710653241c6f.jpg?aki_policy=large"", ""https://a0.muscache.com/im/pictures/791de89f-5b21-4b09-ab9e-38dc0d201cd7.jpg?aki_policy=large"", ""https://a0.muscache.com/im/pictures/64203d85-7e74-4d51-b660-612d2ed08a16.jpg?aki_policy=large"", ""https://a0.muscache.com/im/pictures/a980d795-bcb4-4b11-ac85-3b0ea29ab39b.jpg?aki_policy=large"", ""https://a0.muscache.com/im/pictures/8061618a-f7a5-4590-b52c-1c3c676a88e6.jpg?aki_policy=large"", ""https://a0.muscache.com/im/pictures/6aecf8e0-98e9-491c-8f6d-3448447432a5.jpg?aki_policy=large"", ""https://a0.muscache.com/im/pictures/c4bcb998-e609-4764-b250-cad8e6f0f739.jpg?aki_policy=large"", ""https://a0.muscache.com/im/pictures/99474b64-5b20-40f4-8a0d-b121f4c01d17.jpg?aki_policy=large"", ""https://a0.muscache.com/im/pictures/2d9ceac9-4430-45d1-86d5-584e886e0092.jpg?aki_policy=large"", ""https://a0.muscache.com/im/pictures/bf492974-ef16-4afc-8ef3-46a26f7161a9.jpg?aki_policy=large"", ""https://a0.muscache.com/im/pictures/5d4f2cb9-d155-414b-9cf0-78d89e262f8b.jpg?aki_policy=large"", ""https://a0.muscache.com/im/pictures/6bd5bdbd-f9ba-4430-8151-8ed95890c0e9.jpg?aki_policy=large"", ""https://a0.muscache.com/im/pictures/f1262fb9-d925-4bed-aa05-dc20b426aeb4.jpg?aki_policy=large"", ""https://a0.muscache.com/im/pictures/2ab94c03-d9d2-436c-afbe-2bb0b8101790.jpg?aki_policy=large"", ""https://a0.muscache.com/im/pictures/020742e7-b024-40e6-8d12-9f5cb2180b89.jpg?aki_policy=large"", ""https://a0.muscache.com/im/pictures/de9bddd6-1954-47b7-8310-3d6b3c6ae22e.jpg?aki_policy=large"", ""https://a0.muscache.com/im/pictures/745df0fd-1895-4808-9418-2852c850cb5d.jpg?aki_policy=large"", ""https://a0.muscache.com/im/pictures/e8485af7-5ff8-44ca-9a66-dd2ea488f193.jpg?aki_policy=large"", ""https://a0.muscache.com/im/pictures/0425688a-3ff3-4066-a7f4-fef218c5c128.jpg?aki_policy=large"", ""https://a0.muscache.com/im/pictures/9b2d1cdf-e3d6-4e53-b47f-49b6d793a4b3.jpg?aki_policy=large"", ""https://a0.muscache.com/im/pictures/3ad0217f-44f9-445f-9009-cb8ce4e7ae83.jpg?aki_policy=large"", ""https://a0.muscache.com/im/pictures/b84ec0e1-9537-4be8-8b1e-3cbcdf0ee061.jpg?aki_policy=large""]";"{""beds"": 3, ""bedrooms"": 3, ""bathrooms"": 2.5, ""amenity_ids"": [1, 33, 34, 35, 4, 38, 8, 40, 41, 44, 45, 46, 47, 16, 21, 27, 30, 31], ""is_rebookable"": false, ""is_new_listing"": false, ""is_fully_refundable"": true, ""is_host_highly_rated"": true, ""is_business_travel_ready"": false}";"{""weekly_factor"": 0.9, ""monthly_factor"": 0.6}";276;"";"{""is_superhost"": false}"
18762365;APPARTEMENT SPACIEUX & ÉLÉGANT 68M2 - 6E ARR.;entire_home;Paris;"";48.8478021807;2.31959058707;6;"[""https://a0.muscache.com/im/pictures/85faa680-0d4c-4e0d-a924-c5febd95247c.jpg?aki_policy=large"", ""https://a0.muscache.com/im/pictures/f30906ad-c2ed-4bfb-92e6-55a66bb1c925.jpg?aki_policy=large"", ""https://a0.muscache.com/im/pictures/92db5d3f-44f8-43bb-9dcf-160024d7da3f.jpg?aki_policy=large"", ""https://a0.muscache.com/im/pictures/8ee20e88-a181-43c1-b213-8efe7daecbc4.jpg?aki_policy=large"", ""https://a0.muscache.com/im/pictures/d0b2ce08-0ea0-44c6-8353-8db7ad4586b4.jpg?aki_policy=large"", ""https://a0.muscache.com/im/pictures/ec4c8f70-cec1-463c-9da7-987665ce7f20.jpg?aki_policy=large"", ""https://a0.muscache.com/im/pictures/cd3df647-15e6-460b-9f1a-a55b7ef06cba.jpg?aki_policy=large"", ""https://a0.muscache.com/im/pictures/63b053e5-606c-4c64-8a94-f31b3b4e04c9.jpg?aki_policy=large"", ""https://a0.muscache.com/im/pictures/2bcddfd2-eeee-448f-b132-8479d3b2ac3b.jpg?aki_policy=large"", ""https://a0.muscache.com/im/pictures/d44331d7-74d5-477c-abcf-16209f9b2fdf.jpg?aki_policy=large"", ""https://a0.muscache.com/im/pictures/de9e2cd9-9854-45f9-87c1-defab3515292.jpg?aki_policy=large"", ""https://a0.muscache.com/im/pictures/37162027-22c2-4a48-80d8-311dd73a9667.jpg?aki_policy=large"", ""https://a0.muscache.com/im/pictures/8f94e1d4-7c38-432e-bd66-5e44bc88d240.jpg?aki_policy=large"", ""https://a0.muscache.com/im/pictures/e9f666c5-f8b4-4dbd-bd69-93b773bd0b7e.jpg?aki_policy=large"", ""https://a0.muscache.com/im/pictures/fe3b0964-b035-4444-89df-bcbeca696754.jpg?aki_policy=large"", ""https://a0.muscache.com/im/pictures/9c9292d4-8d67-47aa-a8bc-5c9236266339.jpg?aki_policy=large"", ""https://a0.muscache.com/im/pictures/b387d7f1-60dc-4268-b5f5-0b5ed8633c9a.jpg?aki_policy=large"", ""https://a0.muscache.com/im/pictures/4b32e264-25f0-43c9-9832-54be1459d290.jpg?aki_policy=large"", ""https://a0.muscache.com/im/pictures/01de33bf-7c96-448a-b7f7-1f9eeb781e45.jpg?aki_policy=large""]";"{""beds"": 3, ""bedrooms"": 2, ""bathrooms"": 2.0, ""amenity_ids"": [1, 33, 34, 3, 35, 4, 8, 40, 41, 44, 47, 30, 31], ""is_rebookable"": false, ""is_new_listing"": false, ""is_fully_refundable"": true, ""is_host_highly_rated"": false, ""is_business_travel_ready"": false}";"{""weekly_factor"": 1.0, ""monthly_factor"": 0.9}";4082;"";"{""is_superhost"": false}"
18779924;Studio 28 m2 Oberkampf;entire_home;Paris;"";48.8640730766;2.37331841076;2;"[""https://a0.muscache.com/im/pictures/b8d5cbb2-f10a-4928-9214-f1bf26bbfd9f.jpg?aki_policy=large"", ""https://a0.muscache.com/im/pictures/491619cb-6766-4dd9-93f0-afde4a872af6.jpg?aki_policy=large"", ""https://a0.muscache.com/im/pictures/74246b85-4027-4ffc-9121-045bf111ff26.jpg?aki_policy=large"", ""https://a0.muscache.com/im/pictures/52397a24-2e28-4924-8f19-a6e0426e7b5a.jpg?aki_policy=large"", ""https://a0.muscache.com/im/pictures/345d7d2f-18e0-48b9-a769-9d1bf4383e64.jpg?aki_policy=large"", ""https://a0.muscache.com/im/pictures/9c86ddc2-01aa-4547-9b6c-17d34d915115.jpg?aki_policy=large"", ""https://a0.muscache.com/im/pictures/aa06d79c-215b-44a6-a379-b64c97bd3776.jpg?aki_policy=large"", ""https://a0.muscache.com/im/pictures/ec7ba31f-239c-453d-9203-e50ef1d6a195.jpg?aki_policy=large"", ""https://a0.muscache.com/im/pictures/59d70ab6-dc26-4ee4-95e4-92d37c4828a4.jpg?aki_policy=large""]";"{""beds"": 1, ""bedrooms"": 1, ""bathrooms"": 1.0, ""amenity_ids"": [96, 33, 129, 35, 36, 38, 8, 40, 41, 73, 44, 77, 46, 47, 89, 91, 28, 61, 30, 94, 31, 95], ""is_rebookable"": false, ""is_new_listing"": false, ""is_fully_refundable"": true, ""is_host_highly_rated"": false, ""is_business_travel_ready"": false}";"{""weekly_factor"": 0.82, ""monthly_factor"": 0.63}";6560;"";"{""is_superhost"": false}"
18807254;Spacious Large Bright Chic Paris Apartment 350SQM;entire_home;Paris;Passy;48.8717347934;2.28656596899;9;"[""https://a0.muscache.com/im/pictures/55b04781-bfed-4e38-874d-0064d521de59.jpg?aki_policy=large"", ""https://a0.muscache.com/im/pictures/d86280d8-30b9-4ba3-83ce-a7120d5812dd.jpg?aki_policy=large"", ""https://a0.muscache.com/im/pictures/5192ae96-10d6-482d-a2b6-012189f7dc9c.jpg?aki_policy=large"", ""https://a0.muscache.com/im/pictures/321d8396-93cc-4b18-966d-77e787ca0d14.jpg?aki_policy=large"", ""https://a0.muscache.com/im/pictures/794a3046-a441-414e-9d50-f43739ad6562.jpg?aki_policy=large"", ""https://a0.muscache.com/im/pictures/ee14c3f0-7f16-46d7-a09d-d964bcdf0b87.jpg?aki_policy=large"", ""https://a0.muscache.com/im/pictures/0440ef2a-0e2b-450f-8e5f-9e28f7316fc0.jpg?aki_policy=large"", ""https://a0.muscache.com/im/pictures/fa9a3b7b-4a77-4bad-8db8-68accb3d749b.jpg?aki_policy=large"", ""https://a0.muscache.com/im/pictures/f2ba02e7-fd59-4303-af5d-07b7bf01ff08.jpg?aki_policy=large"", ""https://a0.muscache.com/im/pictures/ef5f6ef0-7cd6-4b4c-bfea-86b5ec9cf1a1.jpg?aki_policy=large"", ""https://a0.muscache.com/im/pictures/3423ffd4-229e-4f3e-beee-d1245082368f.jpg?aki_policy=large"", ""https://a0.muscache.com/im/pictures/33418d80-36f1-4b59-bc14-ee1015c414fd.jpg?aki_policy=large"", ""https://a0.muscache.com/im/pictures/52f2dd27-9c44-41c3-b511-85eec8fabfb5.jpg?aki_policy=large"", ""https://a0.muscache.com/im/pictures/40736263-bbfb-421d-a142-dc597db661d1.jpg?aki_policy=large"", ""https://a0.muscache.com/im/pictures/fefe2c24-eb89-4a99-9dce-5b9cab552571.jpg?aki_policy=large"", ""https://a0.muscache.com/im/pictures/70376b94-8181-4c45-9679-aef7f1a71f59.jpg?aki_policy=large"", ""https://a0.muscache.com/im/pictures/f6d39496-f7a5-486f-b254-7cbccc655e40.jpg?aki_policy=large"", ""https://a0.muscache.com/im/pictures/bfd90bc2-6757-4506-a294-b3cc74523ed6.jpg?aki_policy=large"", ""https://a0.muscache.com/im/pictures/d036d07a-2d16-488d-82b5-e64cb7c7fd25.jpg?aki_policy=large""]";"{""beds"": 4, ""bedrooms"": 4, ""bathrooms"": 3.5, ""amenity_ids"": [1, 2, 66, 3, 4, 5, 69, 70, 8, 73, 75, 14, 16, 21, 27, 28, 31, 33, 34, 35, 36, 37, 38, 39, 40, 41, 42, 44, 45, 46, 47, 57, 61], ""is_rebookable"": false, ""is_new_listing"": false, ""is_fully_refundable"": true, ""is_host_highly_rated"": false, ""is_business_travel_ready"": false}";"{""weekly_factor"": 0.95, ""monthly_factor"": 0.9}";627;"";"{""is_superhost"": false}"
18817417;LE MARAIS - Appartement spacieux avec vue;entire_home;Paris;Châtelet - Les Halles - Beaubourg;48.8591159549;2.34830823582;8;"[""https://a0.muscache.com/im/pictures/e5ca1ddc-7754-43e2-92a8-a6f137ff6c47.jpg?aki_policy=large"", ""https://a0.muscache.com/im/pictures/53fcda24-7e3c-4d4a-89ed-b6359002d077.jpg?aki_policy=large"", ""https://a0.muscache.com/im/pictures/5b3639d1-04f6-4770-a1f4-8b3ca1f4aa9a.jpg?aki_policy=large"", ""https://a0.muscache.com/im/pictures/fc4ab482-6a5d-456f-b911-873b176f3a24.jpg?aki_policy=large"", ""https://a0.muscache.com/im/pictures/97b89215-350a-4e17-aafc-9c7111e568bc.jpg?aki_policy=large"", ""https://a0.muscache.com/im/pictures/339385b3-51b4-428d-901e-bb42122c8473.jpg?aki_policy=large"", ""https://a0.muscache.com/im/pictures/242cbc87-d1cf-47ce-bce5-5513f83d7e0d.jpg?aki_policy=large"", ""https://a0.muscache.com/im/pictures/300f1427-7c67-4e92-8017-1ccc28f33315.jpg?aki_policy=large"", ""https://a0.muscache.com/im/pictures/f1b88dfb-adf7-4970-aa0f-09784bbcde01.jpg?aki_policy=large"", ""https://a0.muscache.com/im/pictures/01e30cc3-ebcb-4639-9949-3d18d1943be2.jpg?aki_policy=large"", ""https://a0.muscache.com/im/pictures/4262b4fc-4066-48f3-9763-ffe36095898b.jpg?aki_policy=large"", ""https://a0.muscache.com/im/pictures/2f1c94c1-9964-4875-8be2-58336a236084.jpg?aki_policy=large"", ""https://a0.muscache.com/im/pictures/37a2462d-79b4-4fbb-8273-ac08fc5314c0.jpg?aki_policy=large"", ""https://a0.muscache.com/im/pictures/c4d3cff0-33ad-4d08-b831-0622ca3e773a.jpg?aki_policy=large"", ""https://a0.muscache.com/im/pictures/fb466312-2710-45d9-ac47-5baa12deac4d.jpg?aki_policy=large"", ""https://a0.muscache.com/im/pictures/442142e7-c883-4367-a598-fe5963827029.jpg?aki_policy=large"", ""https://a0.muscache.com/im/pictures/f32963e6-c7ac-4535-ab15-5132acbf8336.jpg?aki_policy=large"", ""https://a0.muscache.com/im/pictures/cba3774d-e343-48a3-ab66-d27ae4ad0b7a.jpg?aki_policy=large"", ""https://a0.muscache.com/im/pictures/884472ef-2c52-40da-8693-4e2f62aed6f9.jpg?aki_policy=large"", ""https://a0.muscache.com/im/pictures/97a19df0-104a-490f-81c4-9c2720165f3f.jpg?aki_policy=large"", ""https://a0.muscache.com/im/pictures/31555432-9ac6-46e4-a2ab-36ea60471c98.jpg?aki_policy=large"", ""https://a0.muscache.com/im/pictures/1b28b473-1558-4686-b7d4-a26fdeae0347.jpg?aki_policy=large"", ""https://a0.muscache.com/im/pictures/5ddbf106-6204-4589-a362-6883b1af4b01.jpg?aki_policy=large"", ""https://a0.muscache.com/im/pictures/fc4b7347-1e9c-40d7-9630-a5c292dabf60.jpg?aki_policy=large"", ""https://a0.muscache.com/im/pictures/9ff86343-3020-459b-a44b-b33acce74ccb.jpg?aki_policy=large"", ""https://a0.muscache.com/im/pictures/37525676-edeb-4d9d-9c5d-14c2657f9a9e.jpg?aki_policy=large"", ""https://a0.muscache.com/im/pictures/cdcb897e-1d70-488c-b825-41b1dbce74d2.jpg?aki_policy=large"", ""https://a0.muscache.com/im/pictures/4b9cdc86-c25d-44a8-b0a8-d5fcabe5ed22.jpg?aki_policy=large"", ""https://a0.muscache.com/im/pictures/b8097959-b71a-46ba-885b-6d4483b9ce48.jpg?aki_policy=large"", ""https://a0.muscache.com/im/pictures/b070d388-1378-48c4-b9b8-8389cab4dcc6.jpg?aki_policy=large""]";"{""beds"": 5, ""bedrooms"": 3, ""bathrooms"": 2.5, ""amenity_ids"": [1, 33, 2, 3, 35, 4, 36, 8, 40, 41, 10, 44, 45, 77, 46, 47, 50, 51, 21, 55, 28, 61, 30, 31], ""is_rebookable"": false, ""is_new_listing"": false, ""is_fully_refundable"": true, ""is_host_highly_rated"": false, ""is_business_travel_ready"": false}";"{""weekly_factor"": 1.0, ""monthly_factor"": 1.0}";7971;"";"{""is_superhost"": true}"
18946061;Room for two in a Latin Quarter. Free Breakfast!;private_room;Paris;Saint-Michel;48.8491265809;2.34607663937;2;"[""https://a0.muscache.com/im/pictures/3edca7af-ed7b-409b-821a-3bbc6b3e0857.jpg?aki_policy=large"", ""https://a0.muscache.com/im/pictures/2d2ab3df-0b5a-42a9-83c3-f52d86c64616.jpg?aki_policy=large"", ""https://a0.muscache.com/im/pictures/68b381f8-c815-4cd8-8824-9216d9517f1e.jpg?aki_policy=large"", ""https://a0.muscache.com/im/pictures/92710dc6-e757-4fc8-8fc0-fffc0f515d66.jpg?aki_policy=large"", ""https://a0.muscache.com/im/pictures/abf9a2d4-ec4e-46a2-b5bc-ec29593c9159.jpg?aki_policy=large"", ""https://a0.muscache.com/im/pictures/d2b037f4-b4f6-43ea-9b7a-65b8c8bc7560.jpg?aki_policy=large""]";"{""beds"": 2, ""bedrooms"": 1, ""bathrooms"": 1.0, ""amenity_ids"": [33, 34, 35, 4, 36, 37, 38, 39, 8, 40, 41, 42, 44, 45, 46, 47, 16, 31], ""is_rebookable"": false, ""is_new_listing"": false, ""is_fully_refundable"": true, ""is_host_highly_rated"": false, ""is_business_travel_ready"": false}";"{""weekly_factor"": 0.74, ""monthly_factor"": 1.0}";5720;"";"{""is_superhost"": false}"
18824088;SUPERBE APPARTEMENT ESPRIT LOFT TOUR EIFFEL;entire_home;Paris 15e Arrondissement;Tour Eiffel - Champ de Mars;48.8502959505;2.29436634256;4;"[""https://a0.muscache.com/im/pictures/4306c932-cc26-485c-8b58-5a94002af757.jpg?aki_policy=large"", ""https://a0.muscache.com/im/pictures/c1fef171-789d-4819-9748-8eb577dffa5b.jpg?aki_policy=large"", ""https://a0.muscache.com/im/pictures/fb4611dd-aff1-4ed4-966f-a740c3fe884d.jpg?aki_policy=large"", ""https://a0.muscache.com/im/pictures/28d4816a-47ce-4e54-9f18-c4c7e8fdd499.jpg?aki_policy=large"", ""https://a0.muscache.com/im/pictures/189c6e70-9e57-4d64-8054-a753cd018811.jpg?aki_policy=large"", ""https://a0.muscache.com/im/pictures/93bfda2c-8ecd-433c-81f7-555ae62ab6e6.jpg?aki_policy=large"", ""https://a0.muscache.com/im/pictures/823aebca-58a3-41fa-af93-d7dad4770f1c.jpg?aki_policy=large"", ""https://a0.muscache.com/im/pictures/9f4e52c2-a390-45cf-a170-aacbccada054.jpg?aki_policy=large"", ""https://a0.muscache.com/im/pictures/25548c81-fad6-47b7-9164-704f1b5e2d49.jpg?aki_policy=large"", ""https://a0.muscache.com/im/pictures/7934260f-6b91-40fc-a0cf-2037b844ce39.jpg?aki_policy=large"", ""https://a0.muscache.com/im/pictures/26054885-8769-4092-bddf-d101b7125101.jpg?aki_policy=large"", ""https://a0.muscache.com/im/pictures/7dc256b3-372c-42f0-a535-143e10d1f26c.jpg?aki_policy=large"", ""https://a0.muscache.com/im/pictures/eac7ec73-5983-432e-9eb4-819620928643.jpg?aki_policy=large"", ""https://a0.muscache.com/im/pictures/b1f283fc-45c8-4b05-a99f-4c2a6a9d5129.jpg?aki_policy=large"", ""https://a0.muscache.com/im/pictures/d6624555-30f7-4a91-909f-e2b1df30281e.jpg?aki_policy=large""]";"{""beds"": 2, ""bedrooms"": 1, ""bathrooms"": 1.0, ""amenity_ids"": [1, 33, 2, 3, 35, 4, 8, 40, 41, 44, 45, 46, 47, 21, 30, 31], ""is_rebookable"": false, ""is_new_listing"": false, ""is_fully_refundable"": true, ""is_host_highly_rated"": false, ""is_business_travel_ready"": false}";"{""weekly_factor"": 1.0, ""monthly_factor"": 1.0}";4358;"";"{""is_superhost"": false}"
18870266;Magnifique Appartement George V;entire_home;Paris;Champs-Elysées;48.8710608043;2.29862568671;4;"[""https://a0.muscache.com/im/pictures/074321ab-d4fb-43b1-8c42-64d787c7765b.jpg?aki_policy=large"", ""https://a0.muscache.com/im/pictures/dfa82148-a9a1-4ca5-a1d0-4c69f85f56fd.jpg?aki_policy=large"", ""https://a0.muscache.com/im/pictures/fb1ad965-584d-4f37-b0a2-1ad4d2b8b1ec.jpg?aki_policy=large"", ""https://a0.muscache.com/im/pictures/bcc4256b-d708-4f8a-a134-ee7c857d08f6.jpg?aki_policy=large"", ""https://a0.muscache.com/im/pictures/2961974a-aea7-48d1-8eaa-d01006edf303.jpg?aki_policy=large"", ""https://a0.muscache.com/im/pictures/3f6458ef-26b3-4e88-aa47-416157822792.jpg?aki_policy=large"", ""https://a0.muscache.com/im/pictures/b1172be2-9ca1-4a67-ab3c-9081b078c8c4.jpg?aki_policy=large"", ""https://a0.muscache.com/im/pictures/37a84f55-cca0-4b32-9b71-0411532e450f.jpg?aki_policy=large"", ""https://a0.muscache.com/im/pictures/ad7b4963-6550-4d57-9c07-fc7f32d11a78.jpg?aki_policy=large"", ""https://a0.muscache.com/im/pictures/53fff257-1975-4ec6-81f6-b92f48cb08b7.jpg?aki_policy=large"", ""https://a0.muscache.com/im/pictures/83c31e1f-36fb-4d0c-bbd1-5f93e38877c1.jpg?aki_policy=large"", ""https://a0.muscache.com/im/pictures/f204477d-95eb-4624-86c7-89908896e68c.jpg?aki_policy=large"", ""https://a0.muscache.com/im/pictures/1375cd84-d105-481d-8be8-157a7d687822.jpg?aki_policy=large"", ""https://a0.muscache.com/im/pictures/f4b38b94-4499-4cdd-a96a-e4432f99ed7b.jpg?aki_policy=large"", ""https://a0.muscache.com/im/pictures/f4498708-526d-45fd-9bd7-e26162bbd153.jpg?aki_policy=large"", ""https://a0.muscache.com/im/pictures/3ae39a48-f629-465e-afc1-4479cfcca888.jpg?aki_policy=large"", ""https://a0.muscache.com/im/pictures/e00d4540-72f8-42cc-9226-2f6cd3fcbe22.jpg?aki_policy=large"", ""https://a0.muscache.com/im/pictures/03ed9a07-b7d4-4a6b-a477-47569473a0de.jpg?aki_policy=large"", ""https://a0.muscache.com/im/pictures/ab359453-4080-4baa-9d99-c7b058f5ccaf.jpg?aki_policy=large"", ""https://a0.muscache.com/im/pictures/181de6c1-c194-4a54-b826-070dbe30c767.jpg?aki_policy=large"", ""https://a0.muscache.com/im/pictures/3b19f75e-7a73-47dd-a607-06af02bac429.jpg?aki_policy=large"", ""https://a0.muscache.com/im/pictures/5c15b6ab-de88-43cb-8530-08710dd481ac.jpg?aki_policy=large"", ""https://a0.muscache.com/im/pictures/4c8e53d5-e13e-4742-a3e7-9e5c17538a4d.jpg?aki_policy=large""]";"{""beds"": 2, ""bedrooms"": 2, ""bathrooms"": 2.0, ""amenity_ids"": [1, 4, 8, 10, 11, 77, 16, 21, 85, 89, 90, 91, 92, 93, 30, 94, 31, 95, 96, 33, 34, 98, 35, 36, 100, 37, 40, 104, 41, 44, 45, 46, 47], ""is_rebookable"": false, ""is_new_listing"": false, ""is_fully_refundable"": true, ""is_host_highly_rated"": true, ""is_business_travel_ready"": false}";"{""weekly_factor"": 0.9, ""monthly_factor"": 0.85}";3369;"";"{""is_superhost"": false}"
18885121;Wonderful apartment on the most beautiful quartier;entire_home;Paris;Champs-Elysées;48.8745739684;2.28919725622;5;"[""https://a0.muscache.com/im/pictures/4e675299-ebd4-46a7-bc83-3fcf364d3d7b.jpg?aki_policy=large"", ""https://a0.muscache.com/im/pictures/7079edbf-adde-463a-a60b-50b198cc7177.jpg?aki_policy=large"", ""https://a0.muscache.com/im/pictures/17e4209b-c09f-4843-a287-07f326071c8a.jpg?aki_policy=large"", ""https://a0.muscache.com/im/pictures/6f6dedc5-119d-4449-ab1d-781848247c29.jpg?aki_policy=large"", ""https://a0.muscache.com/im/pictures/5f989ef0-7078-4aad-92a4-e2ebe4716ab3.jpg?aki_policy=large"", ""https://a0.muscache.com/im/pictures/fe7c29f3-5f33-4246-8a7d-564ba24d9d25.jpg?aki_policy=large"", ""https://a0.muscache.com/im/pictures/c1072dfa-4e44-4221-8918-224405be69b2.jpg?aki_policy=large"", ""https://a0.muscache.com/im/pictures/805ce781-1903-4759-9b12-9b0f11b3d229.jpg?aki_policy=large"", ""https://a0.muscache.com/im/pictures/e1520214-071d-4e87-a220-2ee2541a3ba4.jpg?aki_policy=large""]";"{""beds"": 3, ""bedrooms"": 2, ""bathrooms"": 1.0, ""amenity_ids"": [1, 33, 129, 34, 66, 35, 4, 5, 37, 38, 103, 8, 40, 41, 44, 45, 77, 46, 47, 16, 21, 30, 31], ""is_rebookable"": false, ""is_new_listing"": false, ""is_fully_refundable"": true, ""is_host_highly_rated"": false, ""is_business_travel_ready"": false}";"{""weekly_factor"": 0.95, ""monthly_factor"": 1.0}";4060;"";"{""is_superhost"": false}"
18889749;Quiet cozy studio near Belleville, Buttes Chaumont;entire_home;Paris;Buttes-Chaumont - Belleville;48.8765065945;2.37513651751;2;"[""https://a0.muscache.com/im/pictures/76ed94f9-874b-448c-85e3-128dc879776c.jpg?aki_policy=large"", ""https://a0.muscache.com/im/pictures/a9f3082e-230b-40d5-8a8e-30e428fe18eb.jpg?aki_policy=large"", ""https://a0.muscache.com/im/pictures/5715b8c0-eebb-4a1e-9c7d-af2cd73c4f38.jpg?aki_policy=large"", ""https://a0.muscache.com/im/pictures/d7be1dfe-8516-4fa5-820d-8065dcc4dcef.jpg?aki_policy=large"", ""https://a0.muscache.com/im/pictures/0abc8d9b-7f25-4623-ba43-acac0b6b9ab6.jpg?aki_policy=large"", ""https://a0.muscache.com/im/pictures/e6d86df4-8f07-4565-82f3-893724f4e875.jpg?aki_policy=large"", ""https://a0.muscache.com/im/pictures/d3844b78-5118-4681-9977-21bf3b60983b.jpg?aki_policy=large"", ""https://a0.muscache.com/im/pictures/f632cc61-fe9e-48ba-9076-d6e271dd7b9e.jpg?aki_policy=large"", ""https://a0.muscache.com/im/pictures/60b6ae7a-16f6-4d93-93d2-1efffef2d8a1.jpg?aki_policy=large""]";"{""beds"": 1, ""bedrooms"": 1, ""bathrooms"": 1.0, ""amenity_ids"": [129, 4, 8, 136, 73, 11, 21, 90, 91, 28, 93, 30, 94, 31, 95, 96, 101, 38, 40, 41, 44, 45, 109, 46, 47, 49, 113, 120, 61, 127], ""is_rebookable"": false, ""is_new_listing"": false, ""is_fully_refundable"": true, ""is_host_highly_rated"": true, ""is_business_travel_ready"": false}";"{""weekly_factor"": 0.9, ""monthly_factor"": 0.76}";7953;"";"{""is_superhost"": false}"
18900954;Bel Appartement Paris 8ème pour 6 personnes;entire_home;Paris;Monceau;48.8777132637;2.31205531814;6;"[""https://a0.muscache.com/im/pictures/0432e622-0b21-48ba-bbd9-3e096404857d.jpg?aki_policy=large"", ""https://a0.muscache.com/im/pictures/472c271d-4d1d-49a3-a597-1668ac8fcf1e.jpg?aki_policy=large"", ""https://a0.muscache.com/im/pictures/e9fab457-2761-4d80-b163-7518009bc174.jpg?aki_policy=large"", ""https://a0.muscache.com/im/pictures/90f9b05b-87cc-42ad-8cf0-ae949350eda1.jpg?aki_policy=large"", ""https://a0.muscache.com/im/pictures/aec99bfb-41b2-47ea-9d9d-51beb85fd1ef.jpg?aki_policy=large"", ""https://a0.muscache.com/im/pictures/7dcfd7c9-fde8-4548-aef3-416a2c98f9b7.jpg?aki_policy=large"", ""https://a0.muscache.com/im/pictures/b1e4e696-3bba-4a8f-b68a-2075b609f0a8.jpg?aki_policy=large"", ""https://a0.muscache.com/im/pictures/cd4e2631-2b6d-4119-be85-cabe6632fce9.jpg?aki_policy=large"", ""https://a0.muscache.com/im/pictures/ae93ab0f-e61b-434a-9c61-02cc003ddbc5.jpg?aki_policy=large"", ""https://a0.muscache.com/im/pictures/ba3a0241-3681-4951-9b35-d0a86dcb24ec.jpg?aki_policy=large"", ""https://a0.muscache.com/im/pictures/354ba5ad-348b-4434-854a-77cb1be9e4a1.jpg?aki_policy=large""]";"{""beds"": 3, ""bedrooms"": 3, ""bathrooms"": 2.0, ""amenity_ids"": [1, 33, 2, 34, 35, 4, 39, 8, 40, 11, 12, 44, 46, 21, 27, 28, 61, 30, 31], ""is_rebookable"": false, ""is_new_listing"": false, ""is_fully_refundable"": true, ""is_host_highly_rated"": false, ""is_business_travel_ready"": false}";"{""weekly_factor"": 1.0, ""monthly_factor"": 1.0}";3271;"";"{""is_superhost"": false}"
18937483;Appart splendid R.MARTYRS au coeur de Paris 75009;entire_home;Paris;Pigalle - Saint-Georges;48.8778260474;2.34009722543;3;"[""https://a0.muscache.com/im/pictures/a715f487-5406-4475-88b3-69eaed17aefe.jpg?aki_policy=large"", ""https://a0.muscache.com/im/pictures/42f11c7a-7a73-4661-9075-2a92f6f34eee.jpg?aki_policy=large"", ""https://a0.muscache.com/im/pictures/cdf1a8be-7870-40a2-8a79-15169aabcb5c.jpg?aki_policy=large"", ""https://a0.muscache.com/im/pictures/70e0868b-54e1-4757-853c-d3de55f85086.jpg?aki_policy=large"", ""https://a0.muscache.com/im/pictures/5dbe5906-4368-459c-bd5d-3a60c2f0ea61.jpg?aki_policy=large"", ""https://a0.muscache.com/im/pictures/3e8906ca-b3c4-4dac-929e-e9356d921768.jpg?aki_policy=large"", ""https://a0.muscache.com/im/pictures/f59efdb8-460a-4686-9f90-f6fc2c2e8d50.jpg?aki_policy=large"", ""https://a0.muscache.com/im/pictures/a7207402-2402-4fa7-bebf-a8132cb38499.jpg?aki_policy=large"", ""https://a0.muscache.com/im/pictures/29257b3d-50ee-4d9d-be8e-6ad1a4d1f61f.jpg?aki_policy=large"", ""https://a0.muscache.com/im/pictures/fd9affb6-889b-428a-bf14-487adbff5ed0.jpg?aki_policy=large"", ""https://a0.muscache.com/im/pictures/248615c7-895d-4acc-a1c5-4af0c0aea746.jpg?aki_policy=large"", ""https://a0.muscache.com/im/pictures/d63506a9-812a-41f1-bcf0-252f977dbbb6.jpg?aki_policy=large"", ""https://a0.muscache.com/im/pictures/096b1d60-833c-4543-a2fa-625963b2d0a9.jpg?aki_policy=large"", ""https://a0.muscache.com/im/pictures/14260a67-6808-45b0-a374-9ed0fab5a831.jpg?aki_policy=large"", ""https://a0.muscache.com/im/pictures/7a140ac7-6fcb-4c7b-8e17-2c329209c519.jpg?aki_policy=large"", ""https://a0.muscache.com/im/pictures/5bdea3ff-b35c-416b-868c-abeb6fef8a33.jpg?aki_policy=large"", ""https://a0.muscache.com/im/pictures/552e0072-c5b4-49fd-a072-1b984c56eb7a.jpg?aki_policy=large"", ""https://a0.muscache.com/im/pictures/a4927ef2-94c9-487f-824c-ec5ace05e843.jpg?aki_policy=large"", ""https://a0.muscache.com/im/pictures/c975f00e-23dd-477e-a477-512cac5f373d.jpg?aki_policy=large"", ""https://a0.muscache.com/im/pictures/7b0e25fa-2201-4bf3-bbbf-d250c7f0c503.jpg?aki_policy=large"", ""https://a0.muscache.com/im/pictures/c9e92416-ca6d-465c-8d45-20c3ee0328e8.jpg?aki_policy=large"", ""https://a0.muscache.com/im/pictures/df2eaefa-8b49-4655-a8f4-2315eb0579ab.jpg?aki_policy=large"", ""https://a0.muscache.com/im/pictures/e688c99e-7b24-4254-b055-5fe8baed1570.jpg?aki_policy=large"", ""https://a0.muscache.com/im/pictures/6e8f6d63-6f25-4e8d-a5ac-aeaded7f5cf3.jpg?aki_policy=large"", ""https://a0.muscache.com/im/pictures/d13f481d-c978-4fb3-b26f-aa4a26ead796.jpg?aki_policy=large"", ""https://a0.muscache.com/im/pictures/696e42e8-f7d3-40a8-bf99-93df0dcb6343.jpg?aki_policy=large"", ""https://a0.muscache.com/im/pictures/3a072aad-0d5d-43ba-a4b0-dc8ead1ac1aa.jpg?aki_policy=large"", ""https://a0.muscache.com/im/pictures/708266fc-b4ca-4736-89ea-b15a61267cd3.jpg?aki_policy=large"", ""https://a0.muscache.com/im/pictures/6df27103-63c5-4a14-b5dc-26efd00ddce3.jpg?aki_policy=large"", ""https://a0.muscache.com/im/pictures/4a3bebc7-773f-40a7-95a5-44dabd5dc89a.jpg?aki_policy=large""]";"{""beds"": 2, ""bedrooms"": 2, ""bathrooms"": 1.0, ""amenity_ids"": [1, 33, 35, 4, 71, 103, 8, 40, 10, 42, 44, 45, 77, 46, 47, 51, 55, 30, 31], ""is_rebookable"": false, ""is_new_listing"": false, ""is_fully_refundable"": true, ""is_host_highly_rated"": true, ""is_business_travel_ready"": false}";"{""weekly_factor"": 0.95, ""monthly_factor"": 1.0}";2395;"";"{""is_superhost"": true}"
18956979;Lumineux appartement proche de tous musées;entire_home;Paris;Invalides - Ecole Militaire;48.8587664012;2.31604702636;5;"[""https://a0.muscache.com/im/pictures/39b06da3-7958-4ed5-a07b-f5838226f908.jpg?aki_policy=large"", ""https://a0.muscache.com/im/pictures/9a4e01ae-4719-42ad-80a5-81b163b21b0b.jpg?aki_policy=large"", ""https://a0.muscache.com/im/pictures/78536664-c48a-4205-a16c-0fe2d611495a.jpg?aki_policy=large"", ""https://a0.muscache.com/im/pictures/b244307e-0053-4689-8362-49f88a0f7828.jpg?aki_policy=large"", ""https://a0.muscache.com/im/pictures/6b7affa3-3b6b-490d-b2c7-9127df1fc3d2.jpg?aki_policy=large"", ""https://a0.muscache.com/im/pictures/90260dce-ea63-411a-9ea1-41f7a65ef14e.jpg?aki_policy=large""]";"{""beds"": 5, ""bedrooms"": 3, ""bathrooms"": 1.0, ""amenity_ids"": [33, 35, 4, 36, 8, 40, 44, 47, 16, 50, 21, 28, 30, 31], ""is_rebookable"": false, ""is_new_listing"": false, ""is_fully_refundable"": true, ""is_host_highly_rated"": false, ""is_business_travel_ready"": false}";"{""weekly_factor"": 1.0, ""monthly_factor"": 1.0}";1673;"";"{""is_superhost"": false}"
19079934;2 pièces au coeur de Paris;entire_home;Paris;Opéra - Grands Boulevards;48.8721023464;2.35403229157;4;"[""https://a0.muscache.com/im/pictures/6fb098d1-4300-4e29-8547-addde9d68b42.jpg?aki_policy=large"", ""https://a0.muscache.com/im/pictures/16447fd7-cf60-4722-9afb-146fa2e029d1.jpg?aki_policy=large"", ""https://a0.muscache.com/im/pictures/83aa3d29-966c-4de7-b301-9215528f396c.jpg?aki_policy=large"", ""https://a0.muscache.com/im/pictures/110fda9b-64f8-4825-a10f-eaf6e4a0661a.jpg?aki_policy=large""]";"{""beds"": 2, ""bedrooms"": 1, ""bathrooms"": 1.0, ""amenity_ids"": [33, 35, 4, 8, 40, 57, 45, 30, 46, 31], ""is_rebookable"": false, ""is_new_listing"": false, ""is_fully_refundable"": true, ""is_host_highly_rated"": false, ""is_business_travel_ready"": false}";"{""weekly_factor"": 0.9, ""monthly_factor"": 1.0}";2217;"";"{""is_superhost"": false}"
18969773;Appartement Hotel de ville - Notre Dame - Rivoli;entire_home;Paris;Notre Dame - Ile de La Cité;48.8571090701;2.35212118035;3;"[""https://a0.muscache.com/im/pictures/ff9282d3-4a0e-428a-9f7c-a5d8a34e3e1a.jpg?aki_policy=large"", ""https://a0.muscache.com/im/pictures/83f5e6d7-20d1-4921-b7b9-4dd336e5bfd6.jpg?aki_policy=large"", ""https://a0.muscache.com/im/pictures/c17e5d32-2709-47d0-8f5d-2c9c82dc5635.jpg?aki_policy=large"", ""https://a0.muscache.com/im/pictures/d6320705-2536-48a7-82ec-2beb351f9337.jpg?aki_policy=large"", ""https://a0.muscache.com/im/pictures/de37b38b-80cb-4b05-abd9-ac692cfa7bbd.jpg?aki_policy=large"", ""https://a0.muscache.com/im/pictures/eaf238a1-44bb-420c-8b0f-9759ce17c6b5.jpg?aki_policy=large"", ""https://a0.muscache.com/im/pictures/e29d3895-71d5-4b1b-9284-d7e5202fd5f0.jpg?aki_policy=large"", ""https://a0.muscache.com/im/pictures/3ddf0c89-f633-43f1-9011-f725d8fa74c5.jpg?aki_policy=large"", ""https://a0.muscache.com/im/pictures/23dd3710-f3f5-40e5-96ef-940447d6aa17.jpg?aki_policy=large"", ""https://a0.muscache.com/im/pictures/b73d7732-4870-4c9e-a72e-8caaae9b7667.jpg?aki_policy=large"", ""https://a0.muscache.com/im/pictures/896d437f-1a53-4ebf-bfff-cfe4235137fc.jpg?aki_policy=large"", ""https://a0.muscache.com/im/pictures/16b77e75-49a0-4383-ad53-f89c429851b7.jpg?aki_policy=large"", ""https://a0.muscache.com/im/pictures/8d5e4dd7-f06f-430b-8382-337edab1e735.jpg?aki_policy=large"", ""https://a0.muscache.com/im/pictures/ac193428-1f14-441f-9164-fabbb8b64bd5.jpg?aki_policy=large"", ""https://a0.muscache.com/im/pictures/d988d169-e9a6-4150-94d1-4a2956855fe0.jpg?aki_policy=large"", ""https://a0.muscache.com/im/pictures/04971f97-9c67-4ab4-86ad-27168700902d.jpg?aki_policy=large"", ""https://a0.muscache.com/im/pictures/1292fefd-7800-48d2-8c53-8a9310ffda28.jpg?aki_policy=large"", ""https://a0.muscache.com/im/pictures/660d418f-7d70-4102-8961-1c4526dd9e1b.jpg?aki_policy=large"", ""https://a0.muscache.com/im/pictures/52f74088-b1cd-4860-b355-b3f2821b1b87.jpg?aki_policy=large"", ""https://a0.muscache.com/im/pictures/fedd9096-8beb-48c7-b130-b829307c2f9c.jpg?aki_policy=large"", ""https://a0.muscache.com/im/pictures/c20bb823-77fa-48b6-9a5b-c2df4eaa851f.jpg?aki_policy=large"", ""https://a0.muscache.com/im/pictures/db0022ca-dad3-40ce-a82d-3202fcae2e4a.jpg?aki_policy=large"", ""https://a0.muscache.com/im/pictures/7413fc3c-2ffe-4511-9ee7-7658101660d7.jpg?aki_policy=large"", ""https://a0.muscache.com/im/pictures/f1022378-bd17-46fd-b49c-9b72c89116c7.jpg?aki_policy=large"", ""https://a0.muscache.com/im/pictures/cf92c4b2-eb83-4a8c-a054-cd9c55123194.jpg?aki_policy=large"", ""https://a0.muscache.com/im/pictures/8cc26c6e-bcea-4243-9b6d-f05547bcbfc5.jpg?aki_policy=large"", ""https://a0.muscache.com/im/pictures/4f2c10f6-8fc6-4d5c-9e9e-17e8c6ba58e3.jpg?aki_policy=large"", ""https://a0.muscache.com/im/pictures/16f6d22b-5b7c-4cda-ada8-a4e847bc7e75.jpg?aki_policy=large"", ""https://a0.muscache.com/im/pictures/fbf741eb-f534-4160-8182-508d79814dc3.jpg?aki_policy=large"", ""https://a0.muscache.com/im/pictures/33e096cf-d597-48d3-ac6b-0dcbd81225f5.jpg?aki_policy=large""]";"{""beds"": 1, ""bedrooms"": 1, ""bathrooms"": 1.0, ""amenity_ids"": [1, 33, 129, 35, 4, 37, 39, 8, 40, 41, 44, 45, 77, 46, 47, 16, 30, 31], ""is_rebookable"": false, ""is_new_listing"": false, ""is_fully_refundable"": true, ""is_host_highly_rated"": true, ""is_business_travel_ready"": false}";"{""weekly_factor"": 0.9, ""monthly_factor"": 0.75}";189;"";"{""is_superhost"": true}"
18971405;50 m2 Charming Loft Victor Hugo Area;entire_home;Paris;Passy;48.8683461381;2.28303912686;4;"[""https://a0.muscache.com/im/pictures/d08c074d-921f-41e4-8a91-086b09e855a4.jpg?aki_policy=large"", ""https://a0.muscache.com/im/pictures/0ee30948-d06c-4055-80e8-f96fa12c4fac.jpg?aki_policy=large"", ""https://a0.muscache.com/im/pictures/5477e981-6c07-4ee9-9be7-aff389cf12c5.jpg?aki_policy=large"", ""https://a0.muscache.com/im/pictures/6d3dac23-3cd9-4e5f-86dc-483bd7369d60.jpg?aki_policy=large"", ""https://a0.muscache.com/im/pictures/d36e841b-36e1-415f-98b1-caf5ae91f88e.jpg?aki_policy=large"", ""https://a0.muscache.com/im/pictures/e46e7caf-1e8a-426b-902e-386df5fe4b60.jpg?aki_policy=large"", ""https://a0.muscache.com/im/pictures/55cd010f-f79c-4aca-aca4-a74783db2772.jpg?aki_policy=large"", ""https://a0.muscache.com/im/pictures/48cfc95b-f1bf-4c88-9217-dcb9d9d2a10b.jpg?aki_policy=large"", ""https://a0.muscache.com/im/pictures/b7f4ed53-d353-4856-a29f-04583774e05b.jpg?aki_policy=large"", ""https://a0.muscache.com/im/pictures/3c93c1fc-dbb0-46ca-a855-753ad9d0a861.jpg?aki_policy=large"", ""https://a0.muscache.com/im/pictures/1b0f7e9a-1885-4c43-86a3-58e7fca5c726.jpg?aki_policy=large"", ""https://a0.muscache.com/im/pictures/f91074e6-e748-4178-8b7b-212efe9e021f.jpg?aki_policy=large"", ""https://a0.muscache.com/im/pictures/2e1a4997-58bf-4664-800d-0a6920f23751.jpg?aki_policy=large"", ""https://a0.muscache.com/im/pictures/00008bff-1a06-4001-90d9-a1bd880c8b78.jpg?aki_policy=large"", ""https://a0.muscache.com/im/pictures/522a8f0b-7b7a-4fbf-bd4e-bce9e2b3c765.jpg?aki_policy=large"", ""https://a0.muscache.com/im/pictures/2fff620d-bc29-43bf-b3a9-f8c7e40b5f53.jpg?aki_policy=large"", ""https://a0.muscache.com/im/pictures/ffcbb456-6dd5-464a-a63e-4f7ff521eef4.jpg?aki_policy=large"", ""https://a0.muscache.com/im/pictures/561a4771-0ebe-4982-b256-dddd51df7a53.jpg?aki_policy=large"", ""https://a0.muscache.com/im/pictures/7931b71f-5329-4c06-9784-d64776c9df05.jpg?aki_policy=large"", ""https://a0.muscache.com/im/pictures/11fa3de1-ec99-4692-90d4-a30d1e32ba5b.jpg?aki_policy=large"", ""https://a0.muscache.com/im/pictures/7afdedf6-6ba5-482a-b6e5-a7e08f4efae3.jpg?aki_policy=large""]";"{""beds"": 2, ""bedrooms"": 0, ""bathrooms"": 1.0, ""amenity_ids"": [1, 33, 4, 8, 40, 9, 41, 44, 45, 77, 46, 47, 51, 52, 21, 89, 90, 91, 92, 30, 31], ""is_rebookable"": false, ""is_new_listing"": false, ""is_fully_refundable"": true, ""is_host_highly_rated"": false, ""is_business_travel_ready"": false}";"{""weekly_factor"": 0.78, ""monthly_factor"": 1.0}";4618;"";"{""is_superhost"": false}"
19225449;Bright & sunny duplex in the heart of Paris;entire_home;Paris;Châtelet - Les Halles - Beaubourg;48.8640933338;2.35096060174;2;"[""https://a0.muscache.com/im/pictures/8990e1c8-ca68-4174-a24c-358577a3a755.jpg?aki_policy=large"", ""https://a0.muscache.com/im/pictures/94d78b7b-5767-4aa7-8b6a-42a9bd08890e.jpg?aki_policy=large"", ""https://a0.muscache.com/im/pictures/2afd434a-131e-4ff9-b743-1bb63f75dbe3.jpg?aki_policy=large"", ""https://a0.muscache.com/im/pictures/d13249e9-5585-4a7b-a68c-48d148846571.jpg?aki_policy=large"", ""https://a0.muscache.com/im/pictures/0c8f80b8-a3ab-4931-8998-38ae752082fa.jpg?aki_policy=large"", ""https://a0.muscache.com/im/pictures/365e307c-1403-44dc-8d6f-0f2f3c70df6d.jpg?aki_policy=large"", ""https://a0.muscache.com/im/pictures/9354fd81-6a49-4619-a38a-6accf4ff5018.jpg?aki_policy=large""]";"{""beds"": 1, ""bedrooms"": 1, ""bathrooms"": 1.0, ""amenity_ids"": [1, 33, 129, 4, 8, 40, 41, 44, 45, 46, 49, 50, 30], ""is_rebookable"": false, ""is_new_listing"": false, ""is_fully_refundable"": true, ""is_host_highly_rated"": true, ""is_business_travel_ready"": false}";"{""weekly_factor"": 0.9, ""monthly_factor"": 1.0}";5216;"";"{""is_superhost"": false}"
19224034;L'ensoleillé;entire_home;Paris;Buttes-Chaumont - Belleville;48.8763539709;2.39333930154;2;"[""https://a0.muscache.com/im/pictures/78afdb3e-a094-4ca2-85c3-99bf88bc8fad.jpg?aki_policy=large"", ""https://a0.muscache.com/im/pictures/215273a8-d081-4088-bc83-1faece8e1d09.jpg?aki_policy=large"", ""https://a0.muscache.com/im/pictures/f0999a72-5ede-4a65-90be-3d4208b63712.jpg?aki_policy=large"", ""https://a0.muscache.com/im/pictures/e03a3b49-8b81-4f3c-8521-4bab15d5c945.jpg?aki_policy=large"", ""https://a0.muscache.com/im/pictures/2e5a743e-0bc5-4afb-8797-a4dbbdea0a29.jpg?aki_policy=large"", ""https://a0.muscache.com/im/pictures/726dcdfe-4ea9-44bd-a20f-aa4fb86347a9.jpg?aki_policy=large"", ""https://a0.muscache.com/im/pictures/0d552d64-6c6b-4366-89b1-4ceb7b197941.jpg?aki_policy=large"", ""https://a0.muscache.com/im/pictures/bffe8da4-5140-4158-867f-b432c1b7665e.jpg?aki_policy=large"", ""https://a0.muscache.com/im/pictures/23da2f5d-c4f0-494f-a3c1-10a304a6e1df.jpg?aki_policy=large"", ""https://a0.muscache.com/im/pictures/1365f50f-2a60-4917-a7af-62a2a3f58bea.jpg?aki_policy=large"", ""https://a0.muscache.com/im/pictures/647adbb9-f00a-44dc-961d-38c32db14b55.jpg?aki_policy=large"", ""https://a0.muscache.com/im/pictures/04e94cdf-4811-4dc2-a9b1-4b04434c4e49.jpg?aki_policy=large""]";"{""beds"": 1, ""bedrooms"": 0, ""bathrooms"": 1.0, ""amenity_ids"": [1, 33, 35, 4, 38, 8, 40, 41, 11, 12, 44, 47, 21, 61, 30, 31], ""is_rebookable"": false, ""is_new_listing"": false, ""is_fully_refundable"": true, ""is_host_highly_rated"": false, ""is_business_travel_ready"": false}";"{""weekly_factor"": 0.9, ""monthly_factor"": 0.71}";4777;"";"{""is_superhost"": false}"
19224902;Invalides Eiffel Tower-Unique View-last minute sp;entire_home;Paris;Tour Eiffel - Champ de Mars;48.855973573;2.30883181479;3;"[""https://a0.muscache.com/im/pictures/55b239ea-6836-46fc-8d6b-01d6bfeaa7f7.jpg?aki_policy=large"", ""https://a0.muscache.com/im/pictures/135e9d47-a1ee-4812-87b5-c1d0a440f353.jpg?aki_policy=large"", ""https://a0.muscache.com/im/pictures/f5052f12-2282-485d-b571-01952ab09f87.jpg?aki_policy=large"", ""https://a0.muscache.com/im/pictures/ea1ccf05-9abe-4fba-8673-4a1cdbf967bf.jpg?aki_policy=large"", ""https://a0.muscache.com/im/pictures/1afb2333-dd7c-4b57-a571-fe774e58974e.jpg?aki_policy=large"", ""https://a0.muscache.com/im/pictures/6b9c6f3c-97c8-4f27-a57e-aa091bb7d478.jpg?aki_policy=large"", ""https://a0.muscache.com/im/pictures/970508f8-48f3-43cd-a2c7-024a87c6a359.jpg?aki_policy=large"", ""https://a0.muscache.com/im/pictures/6019da98-cf7f-4473-aab1-32797448c399.jpg?aki_policy=large"", ""https://a0.muscache.com/im/pictures/7dec7b86-5808-4a7f-aeb4-65e80f1dfe42.jpg?aki_policy=large"", ""https://a0.muscache.com/im/pictures/cdf9dd3b-ef7e-4d8f-9bcb-23e2c68e9654.jpg?aki_policy=large"", ""https://a0.muscache.com/im/pictures/e20cf8cd-451a-4ea5-95f2-d837dcc39dd4.jpg?aki_policy=large"", ""https://a0.muscache.com/im/pictures/dce2f4c8-95e6-467a-bcdf-a972329a469c.jpg?aki_policy=large"", ""https://a0.muscache.com/im/pictures/48985c24-38d0-46f4-aa54-86decc095373.jpg?aki_policy=large"", ""https://a0.muscache.com/im/pictures/7340d716-05ee-46c8-961e-73d41c8c991e.jpg?aki_policy=large"", ""https://a0.muscache.com/im/pictures/c5e866ff-54fb-4ec5-9179-384942be43ec.jpg?aki_policy=large"", ""https://a0.muscache.com/im/pictures/22823e3d-18c7-42be-b58a-0c97339c5002.jpg?aki_policy=large"", ""https://a0.muscache.com/im/pictures/abb223b3-3757-4f7d-97d0-935a23efc543.jpg?aki_policy=large"", ""https://a0.muscache.com/im/pictures/aecb9aaa-2f93-4d0c-aa21-90f825f6e987.jpg?aki_policy=large"", ""https://a0.muscache.com/im/pictures/4da5b20a-5daf-4702-8bf2-a83b28101f2a.jpg?aki_policy=large"", ""https://a0.muscache.com/im/pictures/d68d4801-083b-4051-9933-2501b186135b.jpg?aki_policy=large"", ""https://a0.muscache.com/im/pictures/6abafae6-d7f9-4e10-ac82-796b2e794953.jpg?aki_policy=large"", ""https://a0.muscache.com/im/pictures/f757fc73-2b12-484c-bf04-afc01568cd55.jpg?aki_policy=large"", ""https://a0.muscache.com/im/pictures/17f802ba-dba3-43df-971d-454813e4211b.jpg?aki_policy=large"", ""https://a0.muscache.com/im/pictures/3414a0e0-be47-48fc-9dda-bdab85379b6a.jpg?aki_policy=large"", ""https://a0.muscache.com/im/pictures/c4ab678b-dd25-48b5-9166-af840786ff6e.jpg?aki_policy=large"", ""https://a0.muscache.com/im/pictures/580fa881-ba70-4bdb-8de6-0fd57cb41301.jpg?aki_policy=large"", ""https://a0.muscache.com/im/pictures/b9b730a7-2610-47e8-9b96-4ba727cbdaea.jpg?aki_policy=large"", ""https://a0.muscache.com/im/pictures/f6baf37f-2e5b-48c1-9f9d-7afb3798d7ed.jpg?aki_policy=large""]";"{""beds"": 2, ""bedrooms"": 2, ""bathrooms"": 1.0, ""amenity_ids"": [1, 129, 2, 4, 8, 10, 77, 16, 85, 86, 30, 31, 33, 34, 35, 37, 40, 104, 41, 42, 44, 45, 46, 47, 57], ""is_rebookable"": false, ""is_new_listing"": false, ""is_fully_refundable"": true, ""is_host_highly_rated"": true, ""is_business_travel_ready"": false}";"{""weekly_factor"": 0.9, ""monthly_factor"": 0.75}";904;"";"{""is_superhost"": true}"
19255212;Maison d'Architecte avec Jardin,proche Tour Eiffel;entire_home;Paris;Commerce - Dupleix;48.8480643074;2.29251643725;8;"[""https://a0.muscache.com/im/pictures/1fd4851f-36bf-4e45-8137-ab6722334892.jpg?aki_policy=large"", ""https://a0.muscache.com/im/pictures/37bbb17a-a0fd-43dc-9cfd-4efef75aea71.jpg?aki_policy=large"", ""https://a0.muscache.com/im/pictures/71edc0b4-c4f9-4c09-b803-99739b702fd4.jpg?aki_policy=large"", ""https://a0.muscache.com/im/pictures/bc71f76a-82d7-4374-86b8-b16e2f09cc5f.jpg?aki_policy=large"", ""https://a0.muscache.com/im/pictures/77f3ec00-5aaa-4922-bcaa-6392ccf0a281.jpg?aki_policy=large"", ""https://a0.muscache.com/im/pictures/b99410c1-e63f-4e7a-ae93-dcd16832c7c5.jpg?aki_policy=large"", ""https://a0.muscache.com/im/pictures/ef762351-ae6e-49e4-9875-d394b2fb692f.jpg?aki_policy=large"", ""https://a0.muscache.com/im/pictures/7d7ff792-f653-47d0-bbfa-6a091e0d5592.jpg?aki_policy=large"", ""https://a0.muscache.com/im/pictures/68879ac2-d4ff-4724-81f3-986696115803.jpg?aki_policy=large"", ""https://a0.muscache.com/im/pictures/bb11b4af-e17a-4073-8d7c-96a763754b8c.jpg?aki_policy=large"", ""https://a0.muscache.com/im/pictures/f02a3d97-4251-4a07-9457-0ff9a6cef9af.jpg?aki_policy=large"", ""https://a0.muscache.com/im/pictures/a5cb4151-6964-42d4-a7ac-57a3c4b8641b.jpg?aki_policy=large"", ""https://a0.muscache.com/im/pictures/40001f11-239d-40a6-8ecf-684a616ea33e.jpg?aki_policy=large"", ""https://a0.muscache.com/im/pictures/547b3d21-72a0-4b98-b93e-2aec4035033c.jpg?aki_policy=large"", ""https://a0.muscache.com/im/pictures/9202e71d-a91a-493d-81f0-523c7f78663c.jpg?aki_policy=large"", ""https://a0.muscache.com/im/pictures/5844e9b5-cc22-4315-a6e7-998656a1055a.jpg?aki_policy=large"", ""https://a0.muscache.com/im/pictures/554e5f8a-a9bf-43d8-833c-28282949ece0.jpg?aki_policy=large"", ""https://a0.muscache.com/im/pictures/e9ce9d51-f9b3-4a4b-a096-061f844a2c21.jpg?aki_policy=large"", ""https://a0.muscache.com/im/pictures/42cb3708-e445-40bf-9aee-04496754fd21.jpg?aki_policy=large"", ""https://a0.muscache.com/im/pictures/3f4ec830-816f-4818-835b-703a3d4d5589.jpg?aki_policy=large"", ""https://a0.muscache.com/im/pictures/ef134236-60e5-453e-a46e-564249f2550f.jpg?aki_policy=large"", ""https://a0.muscache.com/im/pictures/49794e55-67d2-487c-a5e2-ad1186c73a8e.jpg?aki_policy=large"", ""https://a0.muscache.com/im/pictures/1cb7fcf0-b539-456b-b6ab-089e9ec600f2.jpg?aki_policy=large"", ""https://a0.muscache.com/im/pictures/e9783eb7-1f85-439f-a941-ed339e928e6e.jpg?aki_policy=large"", ""https://a0.muscache.com/im/pictures/b28036d1-a57c-4010-b68b-8fb19d2ad599.jpg?aki_policy=large"", ""https://a0.muscache.com/im/pictures/56c3b423-8f76-4c15-881f-a8beb7aba304.jpg?aki_policy=large"", ""https://a0.muscache.com/im/pictures/242c9eb4-8a20-4585-bf66-f072e735b412.jpg?aki_policy=large"", ""https://a0.muscache.com/im/pictures/3c823c02-4e42-44dc-87da-181fef4993b3.jpg?aki_policy=large"", ""https://a0.muscache.com/im/pictures/9dd01492-d21d-4818-b986-5fd2d7622025.jpg?aki_policy=large"", ""https://a0.muscache.com/im/pictures/905144a2-5753-4728-96a2-541c875e6173.jpg?aki_policy=large""]";"{""beds"": 4, ""bedrooms"": 3, ""bathrooms"": 2.0, ""amenity_ids"": [1, 33, 129, 34, 35, 4, 37, 38, 39, 8, 40, 41, 42, 44, 45, 46, 16, 30, 31], ""is_rebookable"": false, ""is_new_listing"": false, ""is_fully_refundable"": true, ""is_host_highly_rated"": false, ""is_business_travel_ready"": false}";"{""weekly_factor"": 0.95, ""monthly_factor"": 1.0}";1136;"";"{""is_superhost"": false}"
19266707;Cozy studio in Higher Marais - Residence Meslay;entire_home;Paris;3e arrondissement;48.8681143518;2.35806974269;2;"[""https://a0.muscache.com/im/pictures/3af07276-53b7-434a-8bd1-a7f832f83546.jpg?aki_policy=large"", ""https://a0.muscache.com/im/pictures/53bee754-671d-4190-947a-9cff4ee1cd33.jpg?aki_policy=large"", ""https://a0.muscache.com/im/pictures/8529f1f8-75b3-4dd9-b475-a53eac0c3cff.jpg?aki_policy=large"", ""https://a0.muscache.com/im/pictures/f7c7765f-df8c-4991-81aa-ca77c8e1d135.jpg?aki_policy=large"", ""https://a0.muscache.com/im/pictures/58bf24c5-27f0-4b1a-a06f-e7e4277f4fdd.jpg?aki_policy=large"", ""https://a0.muscache.com/im/pictures/d65f4cf6-876d-4927-bf8c-dc4f956060e7.jpg?aki_policy=large"", ""https://a0.muscache.com/im/pictures/1459191f-f56d-422c-b277-7c25688f43e7.jpg?aki_policy=large"", ""https://a0.muscache.com/im/pictures/61d135d2-ddb8-4334-9838-2fd708a3fd8a.jpg?aki_policy=large"", ""https://a0.muscache.com/im/pictures/f7442c54-4a32-47f5-ac35-e264bfcc4f68.jpg?aki_policy=large"", ""https://a0.muscache.com/im/pictures/61584629-c939-464a-81fb-a802e34cfe48.jpg?aki_policy=large"", ""https://a0.muscache.com/im/pictures/00927c31-f69a-4e90-b238-9e3ccc0c94c9.jpg?aki_policy=large"", ""https://a0.muscache.com/im/pictures/d5a2cc19-2edf-479a-94c4-87b53b7f5b12.jpg?aki_policy=large"", ""https://a0.muscache.com/im/pictures/38702c67-7cab-4928-8e94-fbb77b1baeeb.jpg?aki_policy=large"", ""https://a0.muscache.com/im/pictures/57e7fa94-02a3-41c3-bb7b-64d8f389cef9.jpg?aki_policy=large""]";"{""beds"": 1, ""bedrooms"": 0, ""bathrooms"": 1.0, ""amenity_ids"": [1, 33, 34, 35, 131, 4, 71, 103, 8, 40, 41, 44, 45, 77, 46, 47, 49, 50, 30], ""is_rebookable"": false, ""is_new_listing"": false, ""is_fully_refundable"": true, ""is_host_highly_rated"": true, ""is_business_travel_ready"": false}";"{""weekly_factor"": 1.0, ""monthly_factor"": 1.0}";1545;"";"{""is_superhost"": false}"
19282953;Beautiful 1-BDR Saint Germain / rue Babylone;entire_home;Paris;Invalides - Ecole Militaire;48.8512274577;2.31687899687;2;"[""https://a0.muscache.com/im/pictures/996dfd76-9037-4989-9fe8-b764bab52047.jpg?aki_policy=large"", ""https://a0.muscache.com/im/pictures/018d7ecc-5c69-4358-a504-71f181734384.jpg?aki_policy=large"", ""https://a0.muscache.com/im/pictures/ed78817f-ba17-4e04-adb0-9f7165575d68.jpg?aki_policy=large"", ""https://a0.muscache.com/im/pictures/b67b6fc0-0df7-4a12-8824-bbfd47c9ca03.jpg?aki_policy=large"", ""https://a0.muscache.com/im/pictures/9a762071-77ad-457a-a39e-1cecd9cf70f2.jpg?aki_policy=large"", ""https://a0.muscache.com/im/pictures/5878d5a5-6c08-453c-a639-625fb9997a9f.jpg?aki_policy=large"", ""https://a0.muscache.com/im/pictures/2d189582-95db-4f7b-844d-6e25e8fbf8ba.jpg?aki_policy=large"", ""https://a0.muscache.com/im/pictures/ab04ee38-7e6f-4b96-b094-8d5ee3329741.jpg?aki_policy=large"", ""https://a0.muscache.com/im/pictures/7f01f817-1a23-4f9c-bab8-757cdec9b10f.jpg?aki_policy=large"", ""https://a0.muscache.com/im/pictures/90b9a510-bd99-4621-b031-6b3ce24461ff.jpg?aki_policy=large"", ""https://a0.muscache.com/im/pictures/f0d0c35e-11b3-4b9b-9cb7-9fa1ccdd304c.jpg?aki_policy=large"", ""https://a0.muscache.com/im/pictures/799740a3-d376-4e39-a846-43361f62e3e5.jpg?aki_policy=large"", ""https://a0.muscache.com/im/pictures/ca467020-36cf-4a4d-83a7-7d8e121a89f3.jpg?aki_policy=large"", ""https://a0.muscache.com/im/pictures/7454ea40-5fca-4b20-a9d1-e0ecd7511fb3.jpg?aki_policy=large""]";"{""beds"": 1, ""bedrooms"": 1, ""bathrooms"": 1.0, ""amenity_ids"": [1, 33, 34, 35, 131, 4, 71, 103, 8, 40, 41, 44, 45, 77, 46, 47, 49, 30, 31], ""is_rebookable"": false, ""is_new_listing"": false, ""is_fully_refundable"": true, ""is_host_highly_rated"": true, ""is_business_travel_ready"": false}";"{""weekly_factor"": 1.0, ""monthly_factor"": 1.0}";1545;"";"{""is_superhost"": false}"
19403332;Chambre Studette  16eme, a 2 mn de Trocadero;private_room;Paris;Tour Eiffel - Champ de Mars;48.8645212906;2.28978368363;2;"[""https://a0.muscache.com/im/pictures/0a1e1d87-a186-4b90-81b8-71f47d28055c.jpg?aki_policy=large"", ""https://a0.muscache.com/im/pictures/5ab7d180-d6c8-4515-8bdd-aafabed05d8b.jpg?aki_policy=large"", ""https://a0.muscache.com/im/pictures/6250c829-b1d8-46ed-8ef1-7b75fb90d6c6.jpg?aki_policy=large"", ""https://a0.muscache.com/im/pictures/cc83ef9e-c5e7-419c-981b-d77b0c5dc642.jpg?aki_policy=large"", ""https://a0.muscache.com/im/pictures/eada2076-994a-4afa-87c0-b73fb7f0dd5a.jpg?aki_policy=large"", ""https://a0.muscache.com/im/pictures/060c7c7b-67cc-4092-8865-c36bf71b4282.jpg?aki_policy=large"", ""https://a0.muscache.com/im/pictures/2c21dd36-834e-4747-919d-07915f1f2e6e.jpg?aki_policy=large"", ""https://a0.muscache.com/im/pictures/a209c6b1-99fc-4534-a73f-41e46d550782.jpg?aki_policy=large"", ""https://a0.muscache.com/im/pictures/fc58e06c-838a-4150-8454-5ea79c4ca2ca.jpg?aki_policy=large"", ""https://a0.muscache.com/im/pictures/2fc794c3-7005-45d1-ae74-e5f01cbf8a3a.jpg?aki_policy=large"", ""https://a0.muscache.com/im/pictures/4c5132bb-fc9d-4f45-a87b-bf563130bd61.jpg?aki_policy=large"", ""https://a0.muscache.com/im/pictures/b3274210-414a-4f73-8532-b8c43ab939db.jpg?aki_policy=large""]";"{""beds"": 0, ""bedrooms"": 1, ""bathrooms"": 1.5, ""amenity_ids"": [33, 129, 8, 40, 41, 42, 44, 45, 77, 46, 47, 49, 50, 85, 86, 57, 90, 91, 30, 94, 95, 287], ""is_rebookable"": false, ""is_new_listing"": false, ""is_fully_refundable"": true, ""is_host_highly_rated"": false, ""is_business_travel_ready"": false}";"{""weekly_factor"": 0.97, ""monthly_factor"": 0.72}";5400;"";"{""is_superhost"": false}"
19373778;Amazing apartment in Champs-Elysées;entire_home;Paris;Champs-Elysées;48.8696725773;2.31054565106;5;"[""https://a0.muscache.com/im/pictures/88baeaf2-bc52-4671-aa89-8f21aa2bc7e3.jpg?aki_policy=large"", ""https://a0.muscache.com/im/pictures/a7fe955b-c788-46fe-a4cf-a819099449bd.jpg?aki_policy=large"", ""https://a0.muscache.com/im/pictures/60611834-6101-4179-8c1b-aa16d4dc7e95.jpg?aki_policy=large"", ""https://a0.muscache.com/im/pictures/3ea6380e-dd28-4612-ba86-1c601875cd94.jpg?aki_policy=large"", ""https://a0.muscache.com/im/pictures/d2ec2f82-efd9-4303-bf77-825904b89b08.jpg?aki_policy=large"", ""https://a0.muscache.com/im/pictures/23efde71-32ba-4317-bb33-7e6f2673d72f.jpg?aki_policy=large"", ""https://a0.muscache.com/im/pictures/7bde27c1-3921-42b6-8672-42920eafd902.jpg?aki_policy=large"", ""https://a0.muscache.com/im/pictures/4d6ff19a-5f04-4f2b-81fd-1b0162f2ccd0.jpg?aki_policy=large"", ""https://a0.muscache.com/im/pictures/79852a36-ed03-4a3e-84ef-100735ef62b7.jpg?aki_policy=large"", ""https://a0.muscache.com/im/pictures/c96b7f23-ca1c-4b27-a1a0-1e99d85b5124.jpg?aki_policy=large"", ""https://a0.muscache.com/im/pictures/1f65829a-8b6e-460a-bb14-e50aa666e201.jpg?aki_policy=large"", ""https://a0.muscache.com/im/pictures/3797e1ad-c2e4-42f4-9860-1270bc26e013.jpg?aki_policy=large"", ""https://a0.muscache.com/im/pictures/1e9ff1f3-dcc9-4cf0-bfe3-908602bcae72.jpg?aki_policy=large"", ""https://a0.muscache.com/im/pictures/b0f33d6b-bf8e-4205-a81f-20075e85d33f.jpg?aki_policy=large"", ""https://a0.muscache.com/im/pictures/6431ed79-9da7-494f-9c1e-2cea164e4094.jpg?aki_policy=large"", ""https://a0.muscache.com/im/pictures/c4f99665-9d2a-43ff-926f-ab0e8282df20.jpg?aki_policy=large"", ""https://a0.muscache.com/im/pictures/1cc47e61-ad74-4e54-90f9-d78937d14885.jpg?aki_policy=large""]";"{""beds"": 3, ""bedrooms"": 2, ""bathrooms"": 1.5, ""amenity_ids"": [1, 33, 129, 35, 4, 36, 38, 39, 8, 40, 41, 42, 44, 46, 47, 21, 30, 31], ""is_rebookable"": false, ""is_new_listing"": false, ""is_fully_refundable"": true, ""is_host_highly_rated"": false, ""is_business_travel_ready"": false}";"{""weekly_factor"": 1.0, ""monthly_factor"": 0.95}";6324;"";"{""is_superhost"": false}"
19376460;Appartement en rez de Jardin 2 Chambres le MARAIS;entire_home;Paris;Le Marais;48.8586666899;2.36286450777;5;"[""https://a0.muscache.com/im/pictures/e22356a1-7ff4-4ecb-8a22-35bdf631d692.jpg?aki_policy=large"", ""https://a0.muscache.com/im/pictures/484f54b9-fdeb-4b2c-b8e9-c0c48b2eae68.jpg?aki_policy=large"", ""https://a0.muscache.com/im/pictures/34b16270-4c61-47a4-8fc1-e214bb78e145.jpg?aki_policy=large"", ""https://a0.muscache.com/im/pictures/0e7a6b60-43f0-45e1-95a2-f9dbdd13044c.jpg?aki_policy=large"", ""https://a0.muscache.com/im/pictures/5352405a-9ff3-45d4-88f8-d7bcc48cdc08.jpg?aki_policy=large"", ""https://a0.muscache.com/im/pictures/4a5228a8-49d3-46e5-9cfa-5ac73a2b75a6.jpg?aki_policy=large"", ""https://a0.muscache.com/im/pictures/255a3496-41fc-453a-b389-5475572a6d72.jpg?aki_policy=large"", ""https://a0.muscache.com/im/pictures/b3f26d9a-0e17-4ef0-9e93-f795ffa04e63.jpg?aki_policy=large"", ""https://a0.muscache.com/im/pictures/525b8332-4256-4aae-86d3-f3b184602044.jpg?aki_policy=large"", ""https://a0.muscache.com/im/pictures/a8da5f44-7055-4c2c-b3e8-fb715dcc51b2.jpg?aki_policy=large"", ""https://a0.muscache.com/im/pictures/31dcffe0-a733-457e-bdca-b5a5ed6b9ede.jpg?aki_policy=large"", ""https://a0.muscache.com/im/pictures/ea5a5f8a-935a-411e-b961-747ac39bb845.jpg?aki_policy=large"", ""https://a0.muscache.com/im/pictures/e74836ac-4a2a-4405-bd12-893eff52fba2.jpg?aki_policy=large"", ""https://a0.muscache.com/im/pictures/e7b1c3eb-4d41-48f6-974f-8a4efafad900.jpg?aki_policy=large"", ""https://a0.muscache.com/im/pictures/7750b9da-a010-4fc4-a6fc-ff51788964a1.jpg?aki_policy=large"", ""https://a0.muscache.com/im/pictures/8eab4fa8-828c-402a-b8c5-7da42d7bc8d7.jpg?aki_policy=large"", ""https://a0.muscache.com/im/pictures/193fa636-5c33-4371-9566-54ef018435ea.jpg?aki_policy=large"", ""https://a0.muscache.com/im/pictures/bb6910e4-c289-403a-aaad-a924cb4d1118.jpg?aki_policy=large"", ""https://a0.muscache.com/im/pictures/b038659a-0715-4627-8fae-4ebbe2124324.jpg?aki_policy=large"", ""https://a0.muscache.com/im/pictures/9e156ac6-b7f5-44fe-bd6e-c4dbdae280ab.jpg?aki_policy=large"", ""https://a0.muscache.com/im/pictures/726beeb0-066e-4e9f-801c-6aa857e399b7.jpg?aki_policy=large""]";"{""beds"": 4, ""bedrooms"": 2, ""bathrooms"": 1.0, ""amenity_ids"": [1, 129, 2, 4, 8, 10, 77, 21, 85, 89, 90, 91, 92, 93, 30, 94, 31, 33, 34, 35, 36, 38, 103, 40, 104, 42, 44, 45, 46, 50, 57], ""is_rebookable"": false, ""is_new_listing"": false, ""is_fully_refundable"": true, ""is_host_highly_rated"": false, ""is_business_travel_ready"": false}";"{""weekly_factor"": 0.9, ""monthly_factor"": 0.85}";1473;"";"{""is_superhost"": false}"
19377935;102198 - Appartement 1 chambre - Sentier;entire_home;Paris;Châtelet - Les Halles - Beaubourg;48.8677590011;2.34526946527;4;"[""https://a0.muscache.com/im/pictures/6777902a-3c29-42b9-b520-799004453725.jpg?aki_policy=large"", ""https://a0.muscache.com/im/pictures/4ab9c4ca-ac51-4fd9-a80c-eb1b42719e8b.jpg?aki_policy=large"", ""https://a0.muscache.com/im/pictures/e53b2296-9357-4190-9769-cf410c2866b4.jpg?aki_policy=large"", ""https://a0.muscache.com/im/pictures/e02fb399-1a04-4137-ab59-d8330fbf835e.jpg?aki_policy=large"", ""https://a0.muscache.com/im/pictures/c86979f4-8a8b-4acf-a3ed-5732b6a29ef3.jpg?aki_policy=large"", ""https://a0.muscache.com/im/pictures/3136b102-bd3c-4dd9-a2be-2ca3a025e26d.jpg?aki_policy=large"", ""https://a0.muscache.com/im/pictures/cfd83c36-e70a-4e79-ad9d-4590f7b849a9.jpg?aki_policy=large"", ""https://a0.muscache.com/im/pictures/e57a69fb-335e-4195-8085-2d73b2c55ed2.jpg?aki_policy=large"", ""https://a0.muscache.com/im/pictures/e6c2e148-4291-4ce1-ae4d-3d67a98a5594.jpg?aki_policy=large"", ""https://a0.muscache.com/im/pictures/70ad7a2b-81da-44b8-b9e6-f161b891f6c5.jpg?aki_policy=large"", ""https://a0.muscache.com/im/pictures/9a07f68a-5131-4d67-b88c-17ec30cd0e13.jpg?aki_policy=large"", ""https://a0.muscache.com/im/pictures/5e507958-4f0c-4921-a8d8-58634da77259.jpg?aki_policy=large"", ""https://a0.muscache.com/im/pictures/9bfbb43c-567d-4984-899e-ff36d534fb00.jpg?aki_policy=large"", ""https://a0.muscache.com/im/pictures/0f023fb7-b8ed-4e4a-8ea7-b902da734025.jpg?aki_policy=large"", ""https://a0.muscache.com/im/pictures/80217ef4-e458-4f67-945f-f43b7e3d471b.jpg?aki_policy=large"", ""https://a0.muscache.com/im/pictures/83f8418e-55cd-485f-abf8-e065bcc7c3ee.jpg?aki_policy=large""]";"{""beds"": 2, ""bedrooms"": 1, ""bathrooms"": 1.0, ""amenity_ids"": [1, 129, 3, 4, 8, 10, 77, 85, 86, 89, 90, 91, 93, 30, 94, 31, 95, 96, 98, 35, 103, 40, 104, 41, 44, 45, 46, 47, 57], ""is_rebookable"": false, ""is_new_listing"": false, ""is_fully_refundable"": true, ""is_host_highly_rated"": true, ""is_business_travel_ready"": false}";"{""weekly_factor"": 1.0, ""monthly_factor"": 1.0}";5338;"";"{""is_superhost"": false}"
19395544;Chambre d'hôte proche des buttes chaumont Et PLCHS;private_room;Paris;Buttes-Chaumont - Belleville;48.8740554792;2.39455172743;2;"[""https://a0.muscache.com/im/pictures/e75bd9ab-f782-4e47-843c-9209e1a7b03f.jpg?aki_policy=large"", ""https://a0.muscache.com/im/pictures/82a2b039-3846-434b-9286-f8e061173d5c.jpg?aki_policy=large"", ""https://a0.muscache.com/im/pictures/ab170e63-9566-49b2-8e76-f9d447e5ad62.jpg?aki_policy=large"", ""https://a0.muscache.com/im/pictures/5fffd82f-a738-4278-9823-bf64025ef9de.jpg?aki_policy=large"", ""https://a0.muscache.com/im/pictures/774c8a1f-958b-4b41-a969-3b487b61bb5d.jpg?aki_policy=large"", ""https://a0.muscache.com/im/pictures/28103c95-5ef4-44b0-b7db-f20edd1c6de7.jpg?aki_policy=large"", ""https://a0.muscache.com/im/pictures/23ec07be-b3ea-4a29-844b-60c25fadfe7d.jpg?aki_policy=large"", ""https://a0.muscache.com/im/pictures/ce82ebcb-46f6-4849-b7e0-e1054e25b376.jpg?aki_policy=large"", ""https://a0.muscache.com/im/pictures/6f9ea29b-94f2-49ed-a613-56118faa61b7.jpg?aki_policy=large"", ""https://a0.muscache.com/im/pictures/02361f7d-609a-4df2-aa4b-9a0c4163608b.jpg?aki_policy=large""]";"{""beds"": 1, ""bedrooms"": 1, ""bathrooms"": 1.0, ""amenity_ids"": [1, 4, 5, 8, 10, 77, 16, 21, 85, 86, 89, 90, 91, 93, 30, 94, 31, 96, 35, 36, 37, 40, 104, 107, 44, 46, 49, 113], ""is_rebookable"": false, ""is_new_listing"": false, ""is_fully_refundable"": true, ""is_host_highly_rated"": false, ""is_business_travel_ready"": false}";"{""weekly_factor"": 0.87, ""monthly_factor"": 0.8}";6218;"";"{""is_superhost"": false}"
19421822;Appartement très propre à Saint-Fargeau;entire_home;Paris;Buttes-Chaumont - Belleville;48.8740698102;2.39958044134;2;"[""https://a0.muscache.com/im/pictures/f56454fb-1237-4652-a8fb-454d35e59050.jpg?aki_policy=large"", ""https://a0.muscache.com/im/pictures/23b0fd77-0f7b-485e-9891-503090d09a4b.jpg?aki_policy=large"", ""https://a0.muscache.com/im/pictures/23119f5b-fbe8-40c4-9768-53320954fe64.jpg?aki_policy=large"", ""https://a0.muscache.com/im/pictures/bf43d2fd-be91-45b0-af66-bfb2652ad8a3.jpg?aki_policy=large"", ""https://a0.muscache.com/im/pictures/858f2b07-f2a6-4338-a15c-21dbc86486cc.jpg?aki_policy=large"", ""https://a0.muscache.com/im/pictures/617f379e-6e13-4a52-86cf-a8f6b2f1a0a0.jpg?aki_policy=large"", ""https://a0.muscache.com/im/pictures/3bcdebc5-56b4-4c6b-bdac-4ed26c8d913e.jpg?aki_policy=large"", ""https://a0.muscache.com/im/pictures/7ee0a2d0-e3f4-4c7e-8db0-aa110aef7238.jpg?aki_policy=large"", ""https://a0.muscache.com/im/pictures/67a78709-9b20-4417-949b-2dde29070cbe.jpg?aki_policy=large"", ""https://a0.muscache.com/im/pictures/cd0e9ea1-1925-4904-bd26-31c064ee7802.jpg?aki_policy=large"", ""https://a0.muscache.com/im/pictures/1727d03e-d0ce-4856-bf8a-46a9e0483675.jpg?aki_policy=large"", ""https://a0.muscache.com/im/pictures/db73564a-4874-475c-bc4c-a8afab9bfd75.jpg?aki_policy=large""]";"{""beds"": 1, ""bedrooms"": 0, ""bathrooms"": 1.0, ""amenity_ids"": [1, 33, 35, 4, 36, 21, 8, 40, 31], ""is_rebookable"": false, ""is_new_listing"": false, ""is_fully_refundable"": true, ""is_host_highly_rated"": true, ""is_business_travel_ready"": false}";"{""weekly_factor"": 1.0, ""monthly_factor"": 1.0}";7732;"";"{""is_superhost"": false}"
19456001;Sunny appartement close to metro;entire_home;Paris;Nation;48.853413518;2.40973156254;2;"[""https://a0.muscache.com/im/pictures/ddb1e145-b570-4068-a3d6-9f1f7cadb3c5.jpg?aki_policy=large"", ""https://a0.muscache.com/im/pictures/49563ea2-269f-495a-b743-e8c058d2a7e2.jpg?aki_policy=large"", ""https://a0.muscache.com/im/pictures/bff92055-9d2d-4ef3-ae9d-9b22f6792308.jpg?aki_policy=large""]";"{""beds"": 1, ""bedrooms"": 1, ""bathrooms"": 1.0, ""amenity_ids"": [16, 1, 33, 35, 4, 8, 40, 44, 30, 46], ""is_rebookable"": false, ""is_new_listing"": false, ""is_fully_refundable"": true, ""is_host_highly_rated"": false, ""is_business_travel_ready"": false}";"{""weekly_factor"": 0.96, ""monthly_factor"": 0.65}";267;"";"{""is_superhost"": false}"
19530809;Chambre agréable super quartier;private_room;Paris;Buttes-Chaumont - Belleville;48.876835813;2.38611277187;1;"[""https://a0.muscache.com/im/pictures/5c24b3d8-34e5-46a7-84f7-7890b93c0e2a.jpg?aki_policy=large"", ""https://a0.muscache.com/im/pictures/f9cdc719-0061-4fb5-be87-45af42a0fd20.jpg?aki_policy=large"", ""https://a0.muscache.com/im/pictures/841f9e36-06a2-4024-bd05-daf7aaa2f813.jpg?aki_policy=large"", ""https://a0.muscache.com/im/pictures/06b5206b-c88c-4ca3-827e-e2d81a286d01.jpg?aki_policy=large"", ""https://a0.muscache.com/im/pictures/420d3516-dd50-44e6-81c5-5d7c53c0f211.jpg?aki_policy=large"", ""https://a0.muscache.com/im/pictures/e07d47a7-06d9-4cde-86f6-868a02eaa3e0.jpg?aki_policy=large""]";"{""beds"": 1, ""bedrooms"": 1, ""bathrooms"": 1.0, ""amenity_ids"": [33, 129, 4, 8, 40, 41, 10, 44, 45, 77, 30, 47], ""is_rebookable"": false, ""is_new_listing"": false, ""is_fully_refundable"": true, ""is_host_highly_rated"": false, ""is_business_travel_ready"": false}";"{""weekly_factor"": 0.95, ""monthly_factor"": 0.8}";4102;"";"{""is_superhost"": false}"
19560032;ST GERMAIN/MUSEE D'ORSAY,RUE DU BAC-CITY HEARTBEAT;private_room;Paris;Saint Germain des Prés - Odéon;48.8575398268;2.32810378228;6;"[""https://a0.muscache.com/im/pictures/e9e8b8fd-48de-4cc1-bd55-003d0492479f.jpg?aki_policy=large"", ""https://a0.muscache.com/im/pictures/59f3eb42-f36e-43bd-bcd6-4f6f797097f2.jpg?aki_policy=large"", ""https://a0.muscache.com/im/pictures/c4283e98-8d17-4ea4-acd0-200625521b47.jpg?aki_policy=large"", ""https://a0.muscache.com/im/pictures/349df56a-acf6-479c-b66e-51947147fc88.jpg?aki_policy=large"", ""https://a0.muscache.com/im/pictures/5ac3d2f1-ec9f-4abf-af4d-850a9251442b.jpg?aki_policy=large"", ""https://a0.muscache.com/im/pictures/2d98c5b9-41f6-4f76-afab-72ea08c4fc36.jpg?aki_policy=large"", ""https://a0.muscache.com/im/pictures/271312e2-997d-45c3-a337-79a6d97cb9a8.jpg?aki_policy=large"", ""https://a0.muscache.com/im/pictures/826e83ab-9105-468a-a6a4-8e92b19b9456.jpg?aki_policy=large"", ""https://a0.muscache.com/im/pictures/2976f6e1-6f33-4c1d-96c8-817f268e8fd0.jpg?aki_policy=large"", ""https://a0.muscache.com/im/pictures/0783675f-952e-4cd0-8eb3-0f9479ccd84c.jpg?aki_policy=large"", ""https://a0.muscache.com/im/pictures/89313e09-c17b-4b11-9dff-e22219805fe0.jpg?aki_policy=large"", ""https://a0.muscache.com/im/pictures/71b373f0-4449-4c59-b4d2-8b69e5f722ab.jpg?aki_policy=large"", ""https://a0.muscache.com/im/pictures/855c1e54-3c04-4230-b4ad-bade923bd9d8.jpg?aki_policy=large"", ""https://a0.muscache.com/im/pictures/a4f3c0a4-f8c9-4d8b-a95c-fd39d5c3ac27.jpg?aki_policy=large"", ""https://a0.muscache.com/im/pictures/8f9e057e-92f3-4907-9869-ac7a1ef62b50.jpg?aki_policy=large"", ""https://a0.muscache.com/im/pictures/88f5cb53-229f-42bb-b9fb-a0f0cf552878.jpg?aki_policy=large"", ""https://a0.muscache.com/im/pictures/ddd5b8ab-3d93-4418-a558-756c9eb91827.jpg?aki_policy=large"", ""https://a0.muscache.com/im/pictures/e41470fb-394c-416c-9d17-2cffb1b3f561.jpg?aki_policy=large"", ""https://a0.muscache.com/im/pictures/46c33eac-84c7-4bcf-845e-04125087042f.jpg?aki_policy=large"", ""https://a0.muscache.com/im/pictures/d60e63ef-e20c-41be-988a-7cc4d15e5043.jpg?aki_policy=large"", ""https://a0.muscache.com/im/pictures/3769a23e-2575-4afe-9433-bb1d6344adb7.jpg?aki_policy=large"", ""https://a0.muscache.com/im/pictures/1ec96f43-e7ad-4a94-9148-033a199ee2c4.jpg?aki_policy=large"", ""https://a0.muscache.com/im/pictures/c3af45ff-c41a-49b2-a269-1b01c835f380.jpg?aki_policy=large"", ""https://a0.muscache.com/im/pictures/b6303823-da42-4840-a25b-e30b82b8b7ce.jpg?aki_policy=large"", ""https://a0.muscache.com/im/pictures/6078cab3-623b-424b-9ca3-ad070de5c552.jpg?aki_policy=large"", ""https://a0.muscache.com/im/pictures/84c9d0b1-726e-4ffa-bbb5-33eb61da12bc.jpg?aki_policy=large"", ""https://a0.muscache.com/im/pictures/4e615880-9272-44d8-af12-05c78ed57005.jpg?aki_policy=large"", ""https://a0.muscache.com/im/pictures/fd7a5f5e-6128-46f5-a77c-334b5f862486.jpg?aki_policy=large"", ""https://a0.muscache.com/im/pictures/17087e5c-9459-41fa-86b4-085e5604f698.jpg?aki_policy=large"", ""https://a0.muscache.com/im/pictures/58ed874e-e892-4d1d-bb6a-9d9631966573.jpg?aki_policy=large""]";"{""beds"": 4, ""bedrooms"": 3, ""bathrooms"": 2.0, ""amenity_ids"": [64, 1, 2, 4, 71, 8, 77, 21, 85, 89, 90, 91, 92, 93, 30, 94, 31, 95, 33, 34, 35, 39, 103, 40, 104, 42, 44, 45, 46, 47, 57], ""is_rebookable"": false, ""is_new_listing"": false, ""is_fully_refundable"": false, ""is_host_highly_rated"": false, ""is_business_travel_ready"": false}";"{""weekly_factor"": 1.0, ""monthly_factor"": 0.7}";3984;"";"{""is_superhost"": false}"
19580829;50 - Loft Flat Paris Marais 2G;entire_home;Paris city;Le Marais;48.862221;2.360483;4;"[""https://a0.muscache.com/im/pictures/8275b388-03f8-4738-853d-4a24a454bd72.jpg?aki_policy=large"", ""https://a0.muscache.com/im/pictures/3a30eb09-7683-48db-87a3-cfad4166a92d.jpg?aki_policy=large"", ""https://a0.muscache.com/im/pictures/9be8d347-ec3b-419c-8f94-7836f9d01732.jpg?aki_policy=large"", ""https://a0.muscache.com/im/pictures/9d9e19e9-0480-46d8-8420-bbbc7f7bb508.jpg?aki_policy=large"", ""https://a0.muscache.com/im/pictures/aa9d0d6d-1cfb-431d-a1d8-499832da9139.jpg?aki_policy=large"", ""https://a0.muscache.com/im/pictures/6d97f680-bdc2-434a-9ec6-fcbbacc539b0.jpg?aki_policy=large"", ""https://a0.muscache.com/im/pictures/9e8b733c-574e-4e56-a344-7421a247fec8.jpg?aki_policy=large"", ""https://a0.muscache.com/im/pictures/085c7ad0-6281-4b72-987d-620f0b509dcf.jpg?aki_policy=large"", ""https://a0.muscache.com/im/pictures/2aef97bb-9797-4c0c-afff-73cde78fc739.jpg?aki_policy=large"", ""https://a0.muscache.com/im/pictures/f5088923-28d7-4201-96ff-0ad77777f1a2.jpg?aki_policy=large"", ""https://a0.muscache.com/im/pictures/40e940e7-e19e-4318-8926-50149a311551.jpg?aki_policy=large"", ""https://a0.muscache.com/im/pictures/1339e895-3322-4a6e-b388-b96b94461e16.jpg?aki_policy=large"", ""https://a0.muscache.com/im/pictures/4776a293-ff2a-4fa2-9b8c-55b2ca68ebca.jpg?aki_policy=large""]";"{""beds"": 2, ""bedrooms"": 0, ""bathrooms"": 1.5, ""amenity_ids"": [64, 1, 3, 4, 71, 8, 43, 45, 30, 46, 31], ""is_rebookable"": false, ""is_new_listing"": false, ""is_fully_refundable"": false, ""is_host_highly_rated"": false, ""is_business_travel_ready"": false}";"{""weekly_factor"": 1.0, ""monthly_factor"": 1.0}";4070;"";"{""is_superhost"": false}"
19652272;Adorable studio à deux pas du Louvre !;entire_home;Paris-1ER-Arrondissement;Palais Royal;48.8615702558;2.34055462939;4;"[""https://a0.muscache.com/im/pictures/9e82713e-06d6-4f9e-a1ba-9e61a374d0a0.jpg?aki_policy=large"", ""https://a0.muscache.com/im/pictures/b131182b-92d9-4b7a-a735-57a31ca201c5.jpg?aki_policy=large"", ""https://a0.muscache.com/im/pictures/e9c90434-bc0e-4312-946a-93bb89ebbdad.jpg?aki_policy=large"", ""https://a0.muscache.com/im/pictures/d7906c9b-7e92-413c-a4cf-47c7f29d93a6.jpg?aki_policy=large"", ""https://a0.muscache.com/im/pictures/e2976f21-785f-40b4-a23a-a15f404180dc.jpg?aki_policy=large"", ""https://a0.muscache.com/im/pictures/80e00887-baf1-4c46-aced-289bc9c779c1.jpg?aki_policy=large"", ""https://a0.muscache.com/im/pictures/2fea8f0c-2890-4ae2-86fa-c77a078d362c.jpg?aki_policy=large""]";"{""beds"": 2, ""bedrooms"": 1, ""bathrooms"": 1.0, ""amenity_ids"": [32, 35, 131, 4, 37, 38, 8, 40, 104, 44, 45, 77, 46, 47, 30], ""is_rebookable"": false, ""is_new_listing"": false, ""is_fully_refundable"": true, ""is_host_highly_rated"": false, ""is_business_travel_ready"": false}";"{""weekly_factor"": 0.95, ""monthly_factor"": 0.9}";2096;"";"{""is_superhost"": false}"
19657936;JULIETTE'S Palais des Congrès Porte Maillot Ternes;entire_home;Paris;Ternes;48.8817707662;2.28753934256;4;"[""https://a0.muscache.com/im/pictures/86c44d4d-00ea-45ee-885c-c0054c7e2edb.jpg?aki_policy=large"", ""https://a0.muscache.com/im/pictures/6098c6df-990f-4b85-a1f4-2bf0a9f87e3b.jpg?aki_policy=large"", ""https://a0.muscache.com/im/pictures/03d66cd6-e1d2-47a4-94f2-53637b423d5d.jpg?aki_policy=large"", ""https://a0.muscache.com/im/pictures/99eeb65f-7f36-4c63-a3bd-0f4be959edcc.jpg?aki_policy=large"", ""https://a0.muscache.com/im/pictures/d106aa68-58d0-43bc-b252-5753aaac1f9d.jpg?aki_policy=large"", ""https://a0.muscache.com/im/pictures/d4aec924-28a0-4e64-befd-823b7935e33d.jpg?aki_policy=large"", ""https://a0.muscache.com/im/pictures/d5cbc81d-5270-4219-aa2d-287c568c090b.jpg?aki_policy=large"", ""https://a0.muscache.com/im/pictures/37396626-2f9b-4ad7-b1c3-5852dafd779e.jpg?aki_policy=large"", ""https://a0.muscache.com/im/pictures/b95cba38-94b0-4d28-904c-b04b1a1a2402.jpg?aki_policy=large"", ""https://a0.muscache.com/im/pictures/a8196cea-5a8f-467c-80bc-c63ce694c769.jpg?aki_policy=large""]";"{""beds"": 1, ""bedrooms"": 1, ""bathrooms"": 1.0, ""amenity_ids"": [1, 33, 34, 35, 4, 8, 40, 41, 44, 45, 21, 57, 30], ""is_rebookable"": false, ""is_new_listing"": false, ""is_fully_refundable"": true, ""is_host_highly_rated"": false, ""is_business_travel_ready"": false}";"{""weekly_factor"": 0.78, ""monthly_factor"": 1.0}";1353;"";"{""is_superhost"": false}"
19689918;Appartement cosy dans le 16ème;entire_home;Paris;Passy;48.862476;2.276666;5;"[""https://a0.muscache.com/im/pictures/eb43aed6-7c67-4fbc-bf28-d8da664ff7ea.jpg?aki_policy=large"", ""https://a0.muscache.com/im/pictures/3b9d60a5-13df-4c5f-8099-8daae47ef2ad.jpg?aki_policy=large"", ""https://a0.muscache.com/im/pictures/ebf0f80c-633c-460a-8d4d-508b5044320d.jpg?aki_policy=large"", ""https://a0.muscache.com/im/pictures/c93b9779-0dbb-4e2d-843f-00f9a1aa7705.jpg?aki_policy=large"", ""https://a0.muscache.com/im/pictures/f1e56196-4285-43b4-a705-b2e408601588.jpg?aki_policy=large"", ""https://a0.muscache.com/im/pictures/d724e552-8a31-43fd-91ae-1a7b331d1816.jpg?aki_policy=large"", ""https://a0.muscache.com/im/pictures/1197a771-dcd4-4332-b004-239d103fbe94.jpg?aki_policy=large"", ""https://a0.muscache.com/im/pictures/e39ada50-6f01-4e1b-8650-3677548aee31.jpg?aki_policy=large"", ""https://a0.muscache.com/im/pictures/ca4891a8-f2ad-4c04-aac6-deb320b7ab8c.jpg?aki_policy=large"", ""https://a0.muscache.com/im/pictures/891655a3-04c0-4232-8028-3ee58d62c512.jpg?aki_policy=large"", ""https://a0.muscache.com/im/pictures/e15cce27-81c3-4f92-9967-a96c3d1983de.jpg?aki_policy=large"", ""https://a0.muscache.com/im/pictures/72e42a17-e535-4b45-b50f-bed5b49bc72f.jpg?aki_policy=large"", ""https://a0.muscache.com/im/pictures/8e07879b-951d-4961-b3c3-573a3b7f7fe8.jpg?aki_policy=large"", ""https://a0.muscache.com/im/pictures/08406bff-4bbc-4b5b-9a1f-365b742902e1.jpg?aki_policy=large"", ""https://a0.muscache.com/im/pictures/3bc411e2-50ae-44b2-922c-240fcc89e43b.jpg?aki_policy=large"", ""https://a0.muscache.com/im/pictures/264fb4f7-0c6f-45e6-9ee7-e41328ba8746.jpg?aki_policy=large"", ""https://a0.muscache.com/im/pictures/fb864843-37e5-49ad-8fba-0db0964fa1fd.jpg?aki_policy=large"", ""https://a0.muscache.com/im/pictures/26a3d359-aa87-4c0c-9f32-f276da2f4151.jpg?aki_policy=large"", ""https://a0.muscache.com/im/pictures/7d6f9321-6a25-4209-a459-6e4f9381c492.jpg?aki_policy=large"", ""https://a0.muscache.com/im/pictures/38fbd20d-16b4-46f0-ac6e-35fff6027429.jpg?aki_policy=large"", ""https://a0.muscache.com/im/pictures/e75fc0fb-4537-45d7-baed-f3df2ce02f89.jpg?aki_policy=large"", ""https://a0.muscache.com/im/pictures/316752f1-6083-44fa-8162-ccc20bcf5807.jpg?aki_policy=large"", ""https://a0.muscache.com/im/pictures/54d8e915-1782-4319-a92a-c664a638d888.jpg?aki_policy=large"", ""https://a0.muscache.com/im/pictures/48e32920-e506-42fb-8832-55b11467e67e.jpg?aki_policy=large"", ""https://a0.muscache.com/im/pictures/d23cce9f-5065-4200-8e1e-14e6b98451aa.jpg?aki_policy=large"", ""https://a0.muscache.com/im/pictures/7fb726ac-a858-4c46-867e-fc8abfb10a41.jpg?aki_policy=large"", ""https://a0.muscache.com/im/pictures/c5e59151-9274-48c1-ab79-1b81ceeebb26.jpg?aki_policy=large"", ""https://a0.muscache.com/im/pictures/6ed99996-2951-4330-acab-3c8f995e7c08.jpg?aki_policy=large"", ""https://a0.muscache.com/im/pictures/86c42d58-5f22-4e98-9364-dbf7f3a12e76.jpg?aki_policy=large"", ""https://a0.muscache.com/im/pictures/6d76a90d-8d04-4a2d-8224-a12e1572a45f.jpg?aki_policy=large""]";"{""beds"": 3, ""bedrooms"": 2, ""bathrooms"": 1.5, ""amenity_ids"": [1, 2, 3, 4, 8, 10, 77, 21, 85, 89, 90, 27, 91, 92, 93, 30, 94, 33, 98, 35, 101, 40, 104, 41, 44, 45, 46, 47, 51, 54], ""is_rebookable"": false, ""is_new_listing"": false, ""is_fully_refundable"": true, ""is_host_highly_rated"": true, ""is_business_travel_ready"": false}";"{""weekly_factor"": 0.95, ""monthly_factor"": 0.9}";1253;"";"{""is_superhost"": false}"
19741785;PENTHOUSE 65m2 MONTORGUEIL-MARAIS;entire_home;Paris;Châtelet - Les Halles - Beaubourg;48.8637847664;2.34869100785;4;"[""https://a0.muscache.com/im/pictures/a4485bb5-ef01-4dd7-8f7d-017e5d6221cb.jpg?aki_policy=large"", ""https://a0.muscache.com/im/pictures/849b33db-0561-474a-bca3-4ac3fbd62cea.jpg?aki_policy=large"", ""https://a0.muscache.com/im/pictures/71a8da25-45ba-47b3-a8e6-3e555ccd1963.jpg?aki_policy=large"", ""https://a0.muscache.com/im/pictures/775674b8-adb0-485d-afd4-bd047f5c7ea0.jpg?aki_policy=large"", ""https://a0.muscache.com/im/pictures/61a47bee-aad1-40be-83c5-e81463fd91eb.jpg?aki_policy=large"", ""https://a0.muscache.com/im/pictures/b2d61103-437e-43b9-8c60-0b9207561403.jpg?aki_policy=large"", ""https://a0.muscache.com/im/pictures/028ff350-5ba9-4ab2-83bb-1c564e212233.jpg?aki_policy=large"", ""https://a0.muscache.com/im/pictures/ef43335c-10fa-42d0-9afb-41b2604dae18.jpg?aki_policy=large"", ""https://a0.muscache.com/im/pictures/1f2d3088-06bf-445a-9391-32ff24e33ef9.jpg?aki_policy=large"", ""https://a0.muscache.com/im/pictures/5da372f8-7c3b-458c-8456-15868be88020.jpg?aki_policy=large"", ""https://a0.muscache.com/im/pictures/1b998a55-6472-420d-aa37-ef81d91516a5.jpg?aki_policy=large"", ""https://a0.muscache.com/im/pictures/da676c2d-66f8-4754-b24e-c6843011bdda.jpg?aki_policy=large"", ""https://a0.muscache.com/im/pictures/9ef2d8a7-06a0-4d39-8c61-6ae59d36866d.jpg?aki_policy=large"", ""https://a0.muscache.com/im/pictures/02b1714f-caaa-437b-937f-8b8b9cfb824d.jpg?aki_policy=large"", ""https://a0.muscache.com/im/pictures/241e4e09-cd48-4d21-8a72-77639e1b9b1e.jpg?aki_policy=large"", ""https://a0.muscache.com/im/pictures/5138e7b2-f1fe-45cd-8d5a-a3fdad59c8a1.jpg?aki_policy=large"", ""https://a0.muscache.com/im/pictures/6cfad94e-7140-485c-92e1-22d06a55ca28.jpg?aki_policy=large"", ""https://a0.muscache.com/im/pictures/31849e51-ede2-445e-b5c0-f46112d8af14.jpg?aki_policy=large""]";"{""beds"": 2, ""bedrooms"": 1, ""bathrooms"": 1.0, ""amenity_ids"": [1, 2, 4, 8, 10, 77, 16, 85, 86, 89, 90, 91, 93, 30, 94, 95, 35, 36, 103, 40, 104, 41, 44, 45, 46, 47, 51, 54], ""is_rebookable"": false, ""is_new_listing"": false, ""is_fully_refundable"": true, ""is_host_highly_rated"": true, ""is_business_travel_ready"": false}";"{""weekly_factor"": 0.95, ""monthly_factor"": 0.9}";6799;"";"{""is_superhost"": true}"
19748977;Appartement Moulin Rouge/ Montmartre;entire_home;Paris;Pigalle - Saint-Georges;48.8821173363;2.3323045323;2;"[""https://a0.muscache.com/im/pictures/dcd46d26-f5e0-4477-9ca0-0a92dd2b3255.jpg?aki_policy=large"", ""https://a0.muscache.com/im/pictures/0262b276-ed54-4be6-a517-d9805ce14637.jpg?aki_policy=large"", ""https://a0.muscache.com/im/pictures/a6268ac7-1501-4e72-aa3a-cd6893c7c8b0.jpg?aki_policy=large"", ""https://a0.muscache.com/im/pictures/b3ff523d-d62d-4a61-b1b0-b9880297a56c.jpg?aki_policy=large"", ""https://a0.muscache.com/im/pictures/7505e8df-d223-45e5-883c-9263d3959e2b.jpg?aki_policy=large"", ""https://a0.muscache.com/im/pictures/398915e0-b73e-4fab-a0d2-cb047ee2ae56.jpg?aki_policy=large"", ""https://a0.muscache.com/im/pictures/a3205f67-9859-476f-81f6-42b87446e45c.jpg?aki_policy=large""]";"{""beds"": 1, ""bedrooms"": 0, ""bathrooms"": 1.0, ""amenity_ids"": [16, 35, 4, 85, 8, 40, 88, 42, 44, 77, 30], ""is_rebookable"": false, ""is_new_listing"": false, ""is_fully_refundable"": true, ""is_host_highly_rated"": true, ""is_business_travel_ready"": false}";"{""weekly_factor"": 0.79, ""monthly_factor"": 1.0}";6385;"";"{""is_superhost"": false}"
19756683;Appartement familial et cosy aux portes de Paris;entire_home;Le Pré-Saint-Gervais;19e arrondissement;48.8791989754;2.41127171894;5;"[""https://a0.muscache.com/im/pictures/57004ac3-cde2-402c-a880-0b6b6161c4d9.jpg?aki_policy=large"", ""https://a0.muscache.com/im/pictures/647cf1b7-99d3-4df4-98aa-4b717f8385b5.jpg?aki_policy=large"", ""https://a0.muscache.com/im/pictures/66057272-3534-4440-8f6a-0d6d3d76ca88.jpg?aki_policy=large"", ""https://a0.muscache.com/im/pictures/db2a111e-37d3-4f47-9a0d-a4f3da2de45c.jpg?aki_policy=large"", ""https://a0.muscache.com/im/pictures/597143a4-4e28-4455-8921-98f58841fb8c.jpg?aki_policy=large"", ""https://a0.muscache.com/im/pictures/9566fc22-9059-4e44-8e07-cacf127c36cb.jpg?aki_policy=large"", ""https://a0.muscache.com/im/pictures/8eb7909b-cc1a-43da-a57b-8a931718c88b.jpg?aki_policy=large"", ""https://a0.muscache.com/im/pictures/0d4b01d4-4ab2-4f85-95cb-5d749b73c963.jpg?aki_policy=large""]";"{""beds"": 3, ""bedrooms"": 3, ""bathrooms"": 1.0, ""amenity_ids"": [64, 1, 66, 131, 4, 71, 8, 10, 11, 77, 89, 90, 91, 92, 94, 95, 96, 33, 35, 38, 103, 40, 47, 61, 62, 63], ""is_rebookable"": false, ""is_new_listing"": false, ""is_fully_refundable"": true, ""is_host_highly_rated"": false, ""is_business_travel_ready"": false}";"{""weekly_factor"": 0.9, ""monthly_factor"": 1.0}";3457;"";"{""is_superhost"": false}"
19776151;"Amazing loft ""Champs-Élysées""";entire_home;Paris;Champs-Elysées;48.8722664862;2.30596499921;4;"[""https://a0.muscache.com/im/pictures/97f5c11e-7952-4816-a916-67fcf0667791.jpg?aki_policy=large"", ""https://a0.muscache.com/im/pictures/a6834d5b-2fc0-4638-a0a3-1d060e9aa8c9.jpg?aki_policy=large"", ""https://a0.muscache.com/im/pictures/dfc1f1b5-8d6c-489b-8ec2-a9252cc849c9.jpg?aki_policy=large"", ""https://a0.muscache.com/im/pictures/6d03306d-ec14-4aa8-b51d-a400736fa694.jpg?aki_policy=large"", ""https://a0.muscache.com/im/pictures/b1d91c81-2e7e-41d7-827f-130962ec379a.jpg?aki_policy=large"", ""https://a0.muscache.com/im/pictures/0f72b803-df6d-4080-a0fe-6f6b491f9a22.jpg?aki_policy=large"", ""https://a0.muscache.com/im/pictures/2d322639-7166-46b6-b3ea-730ab5ae04d6.jpg?aki_policy=large"", ""https://a0.muscache.com/im/pictures/032a6991-8ac4-4320-8e99-6527cb4efaf7.jpg?aki_policy=large"", ""https://a0.muscache.com/im/pictures/b9b96b30-9d9e-4e37-bc8a-1963a2240be8.jpg?aki_policy=large"", ""https://a0.muscache.com/im/pictures/79341cc1-baa2-45c4-b817-f027658392da.jpg?aki_policy=large"", ""https://a0.muscache.com/im/pictures/74e52e15-525d-41d8-91b6-0fe1c17fb4b1.jpg?aki_policy=large"", ""https://a0.muscache.com/im/pictures/a9943275-ff82-4be8-a1b8-4b86cba81705.jpg?aki_policy=large"", ""https://a0.muscache.com/im/pictures/5cdc68cd-8bdd-44e0-ac33-f583713ad975.jpg?aki_policy=large"", ""https://a0.muscache.com/im/pictures/93c02898-80ed-4ed3-b534-32d1c83f5a51.jpg?aki_policy=large"", ""https://a0.muscache.com/im/pictures/a637ab75-3ae0-4cf7-8d9e-a2fe43caa2cb.jpg?aki_policy=large"", ""https://a0.muscache.com/im/pictures/2aca2ed0-5354-4351-9297-6e0cb9907690.jpg?aki_policy=large"", ""https://a0.muscache.com/im/pictures/d7c27b3b-64ed-490f-bac2-ef3fbba5b813.jpg?aki_policy=large""]";"{""beds"": 2, ""bedrooms"": 0, ""bathrooms"": 1.0, ""amenity_ids"": [64, 1, 129, 2, 4, 68, 8, 72, 77, 21, 85, 89, 90, 27, 91, 92, 93, 30, 94, 31, 95, 96, 33, 34, 35, 36, 40, 104, 41, 44, 45, 46, 47, 60], ""is_rebookable"": false, ""is_new_listing"": false, ""is_fully_refundable"": true, ""is_host_highly_rated"": false, ""is_business_travel_ready"": false}";"{""weekly_factor"": 0.97, ""monthly_factor"": 0.95}";5593;"";"{""is_superhost"": false}"
19796151;Magnifique Vue Tour Eiffel;entire_home;Paris;Tour Eiffel - Champ de Mars;48.854301;2.295719;2;"[""https://a0.muscache.com/im/pictures/947dc3af-74a7-408a-b6aa-767e2ca7c4a7.jpg?aki_policy=large"", ""https://a0.muscache.com/im/pictures/0840e149-cdf0-4157-87d2-be51a2f5e288.jpg?aki_policy=large"", ""https://a0.muscache.com/im/pictures/0af1875d-66e9-4fec-81e8-ca780fd52029.jpg?aki_policy=large"", ""https://a0.muscache.com/im/pictures/0da1dfa7-ccaa-4670-9add-d36decbadaf5.jpg?aki_policy=large"", ""https://a0.muscache.com/im/pictures/944decec-8a58-463b-a68d-69203738fbe1.jpg?aki_policy=large"", ""https://a0.muscache.com/im/pictures/d6f5d404-8fc6-45b7-9946-e09dd9fb38db.jpg?aki_policy=large"", ""https://a0.muscache.com/im/pictures/295d460e-6d22-4592-8455-efdc6ba2275e.jpg?aki_policy=large"", ""https://a0.muscache.com/im/pictures/f8419d46-2787-4e16-a3d7-f49d0c49fdad.jpg?aki_policy=large"", ""https://a0.muscache.com/im/pictures/59ef6b8e-9f29-45cc-ad33-1d527cbd5b70.jpg?aki_policy=large"", ""https://a0.muscache.com/im/pictures/605a8ecb-9678-42b3-9874-216b3c5af5a0.jpg?aki_policy=large"", ""https://a0.muscache.com/im/pictures/112c42d9-8413-406d-9bed-334df23fafb1.jpg?aki_policy=large"", ""https://a0.muscache.com/im/pictures/ed1e560b-85c8-4a4a-bab1-781797d86ece.jpg?aki_policy=large"", ""https://a0.muscache.com/im/pictures/a8eb4554-7089-4742-ac32-1a4b3db59801.jpg?aki_policy=large"", ""https://a0.muscache.com/im/pictures/184fe6ba-6076-41bc-b9b0-e609f2e8d1c4.jpg?aki_policy=large"", ""https://a0.muscache.com/im/pictures/86dd3f67-37d1-49eb-8af3-a7c8bfd40a09.jpg?aki_policy=large"", ""https://a0.muscache.com/im/pictures/037a06ec-2e48-4d80-b237-6d5e8259478d.jpg?aki_policy=large"", ""https://a0.muscache.com/im/pictures/bebc4f60-f706-4689-975f-d83d3a19cc3f.jpg?aki_policy=large"", ""https://a0.muscache.com/im/pictures/d7efdd27-4b28-428c-9dfe-78502213f4aa.jpg?aki_policy=large"", ""https://a0.muscache.com/im/pictures/3f788673-edff-40ac-8f15-1493590e9a5c.jpg?aki_policy=large"", ""https://a0.muscache.com/im/pictures/d5402be0-cd13-4253-8b0a-a67d63ad28a5.jpg?aki_policy=large"", ""https://a0.muscache.com/im/pictures/91b13ae3-7740-4c60-8b41-40fd2d1eeb50.jpg?aki_policy=large""]";"{""beds"": 1, ""bedrooms"": 1, ""bathrooms"": 1.0, ""amenity_ids"": [1, 129, 4, 8, 10, 77, 16, 85, 89, 90, 91, 93, 30, 94, 95, 33, 35, 100, 103, 40, 104, 41, 44, 45, 46, 47, 57], ""is_rebookable"": false, ""is_new_listing"": false, ""is_fully_refundable"": true, ""is_host_highly_rated"": true, ""is_business_travel_ready"": false}";"{""weekly_factor"": 1.0, ""monthly_factor"": 1.0}";3357;"";"{""is_superhost"": true}"
19796857;Five stars luxurious place in Bastille, Le Marais;entire_home;Paris;Bastille;48.8547893248;2.37138462267;2;"[""https://a0.muscache.com/im/pictures/98db9a88-b57e-486e-9858-e2ab3edd7110.jpg?aki_policy=large"", ""https://a0.muscache.com/im/pictures/fe5375e2-9233-4968-9ebd-949cf86d5603.jpg?aki_policy=large"", ""https://a0.muscache.com/im/pictures/a6bd572d-fe9a-4fb4-a159-7deae2d2021a.jpg?aki_policy=large"", ""https://a0.muscache.com/im/pictures/56179396-47a1-4f4e-823d-c137bb631483.jpg?aki_policy=large"", ""https://a0.muscache.com/im/pictures/df4f1451-3a3c-47e0-ba86-75a912ea6d8c.jpg?aki_policy=large"", ""https://a0.muscache.com/im/pictures/68b94f6c-c66c-403b-b62f-90f8cfc01e0d.jpg?aki_policy=large"", ""https://a0.muscache.com/im/pictures/9b1728ae-ab0b-4921-9bb4-bcf2088fa237.jpg?aki_policy=large"", ""https://a0.muscache.com/im/pictures/66c11b8c-4419-4e9d-8cd6-71892f997e77.jpg?aki_policy=large"", ""https://a0.muscache.com/im/pictures/274822f3-63ea-4e70-b976-86d3933717fd.jpg?aki_policy=large"", ""https://a0.muscache.com/im/pictures/3056709c-06f2-4cad-b9b0-9915920c32b0.jpg?aki_policy=large"", ""https://a0.muscache.com/im/pictures/d921134e-7ef5-4401-8c16-6b0a2deafa50.jpg?aki_policy=large"", ""https://a0.muscache.com/im/pictures/f50639a8-7eb8-4a3c-8ebd-20bab4021b05.jpg?aki_policy=large"", ""https://a0.muscache.com/im/pictures/4f597a2d-e896-405a-be8c-c14dbc33acf0.jpg?aki_policy=large"", ""https://a0.muscache.com/im/pictures/03c8ddb3-1ac9-43fc-924d-759c3afe072b.jpg?aki_policy=large"", ""https://a0.muscache.com/im/pictures/26102098-e3de-4e78-a3fb-125edfed67d0.jpg?aki_policy=large"", ""https://a0.muscache.com/im/pictures/06a5cb01-59af-468e-8b55-681d04613f37.jpg?aki_policy=large"", ""https://a0.muscache.com/im/pictures/cf6620d8-3307-48ba-adb1-9928a6557606.jpg?aki_policy=large"", ""https://a0.muscache.com/im/pictures/0d43a004-33dc-4096-9b58-6a49e3bae9ae.jpg?aki_policy=large"", ""https://a0.muscache.com/im/pictures/e7b6fb3d-85ea-4059-8756-6333c133a968.jpg?aki_policy=large"", ""https://a0.muscache.com/im/pictures/ec907929-11cd-4934-882d-c657def5dc38.jpg?aki_policy=large"", ""https://a0.muscache.com/im/pictures/2fffc4e6-2dc6-4af2-a11a-b2bd01a9d676.jpg?aki_policy=large"", ""https://a0.muscache.com/im/pictures/ab8c461b-4372-4012-8a9f-6fab03e69e10.jpg?aki_policy=large"", ""https://a0.muscache.com/im/pictures/3b6b7e9b-d6f2-431d-9378-763264a79ca1.jpg?aki_policy=large"", ""https://a0.muscache.com/im/pictures/9cec6ab6-ee38-4968-91ac-c8a2e84a43bf.jpg?aki_policy=large"", ""https://a0.muscache.com/im/pictures/00be7f8b-e5da-45dd-b336-cce5c4ae1e9d.jpg?aki_policy=large"", ""https://a0.muscache.com/im/pictures/b931b61c-ed63-4fe6-95c6-7fdede487acc.jpg?aki_policy=large""]";"{""beds"": 1, ""bedrooms"": 1, ""bathrooms"": 1.0, ""amenity_ids"": [129, 4, 8, 77, 21, 85, 86, 87, 88, 89, 90, 91, 92, 93, 30, 94, 95, 96, 33, 34, 35, 100, 39, 103, 40, 41, 42, 44, 45, 46, 47], ""is_rebookable"": false, ""is_new_listing"": false, ""is_fully_refundable"": true, ""is_host_highly_rated"": true, ""is_business_travel_ready"": false}";"{""weekly_factor"": 0.88, ""monthly_factor"": 0.45}";6367;"";"{""is_superhost"": false}"
19854019;APPARTEMENT MODERNE AU COEUR DE PARIS - LOUVRE;entire_home;Paris;Madeleine - Vendôme;48.8669322177;2.33374454334;3;"[""https://a0.muscache.com/im/pictures/60508512-f188-467e-bcbe-e55d4eb6cf9e.jpg?aki_policy=large"", ""https://a0.muscache.com/im/pictures/44438494-9306-497b-bc3c-9e24e01bc587.jpg?aki_policy=large"", ""https://a0.muscache.com/im/pictures/f8a229d1-9128-43aa-a325-6f58dd955bf7.jpg?aki_policy=large"", ""https://a0.muscache.com/im/pictures/0ba50b30-8d2b-440b-aeb9-27ea5cc77ac3.jpg?aki_policy=large"", ""https://a0.muscache.com/im/pictures/555bb065-771b-4934-b6fa-139f919559b3.jpg?aki_policy=large"", ""https://a0.muscache.com/im/pictures/22ce8802-00a0-46ce-ba24-5c7a2e57fbd6.jpg?aki_policy=large"", ""https://a0.muscache.com/im/pictures/1281712c-de16-4990-b60b-2af9d6366c75.jpg?aki_policy=large"", ""https://a0.muscache.com/im/pictures/624c9765-5378-488e-b6a7-bfd4022b7e78.jpg?aki_policy=large"", ""https://a0.muscache.com/im/pictures/6cdafe2b-bffa-4ef8-aec5-4e7354f4589a.jpg?aki_policy=large"", ""https://a0.muscache.com/im/pictures/bb549e34-9516-4382-85eb-906f6b6cd425.jpg?aki_policy=large"", ""https://a0.muscache.com/im/pictures/4fa78cb9-56bf-488b-925b-185dceae835e.jpg?aki_policy=large"", ""https://a0.muscache.com/im/pictures/b3b1c38a-3a3a-4a78-a743-6cbb87fdc3c6.jpg?aki_policy=large"", ""https://a0.muscache.com/im/pictures/67b48894-08e0-46ec-8417-3790a6b9c72f.jpg?aki_policy=large"", ""https://a0.muscache.com/im/pictures/cce3c3f8-13d5-4dec-a26c-4c3c8140f921.jpg?aki_policy=large"", ""https://a0.muscache.com/im/pictures/f7549aba-694b-4b53-978c-e771c47a1c3a.jpg?aki_policy=large"", ""https://a0.muscache.com/im/pictures/5130be95-77dc-4a3b-884d-9dfb7a302b35.jpg?aki_policy=large"", ""https://a0.muscache.com/im/pictures/89a7d804-3fa8-435a-8b55-d7b7288b46e0.jpg?aki_policy=large"", ""https://a0.muscache.com/im/pictures/e3b987dd-b9a5-423c-91ac-8eb1d9e7580e.jpg?aki_policy=large"", ""https://a0.muscache.com/im/pictures/9f4cec33-8d25-4802-8e77-a8d714e16161.jpg?aki_policy=large""]";"{""beds"": 2, ""bedrooms"": 1, ""bathrooms"": 1.0, ""amenity_ids"": [1, 2, 3, 35, 4, 8, 40, 41, 44, 45, 46, 47, 21, 31], ""is_rebookable"": false, ""is_new_listing"": false, ""is_fully_refundable"": true, ""is_host_highly_rated"": false, ""is_business_travel_ready"": false}";"{""weekly_factor"": 1.0, ""monthly_factor"": 0.9}";4114;"";"{""is_superhost"": false}"
19855401;Appartement calme dans le quartier Foch/Dauphine;entire_home;Paris;Passy;48.8725325874;2.28008571563;4;"[""https://a0.muscache.com/im/pictures/2aa0c77e-f852-4fb0-9dd2-419ce8857338.jpg?aki_policy=large"", ""https://a0.muscache.com/im/pictures/42415b5f-42f1-4739-b695-92c992f15573.jpg?aki_policy=large"", ""https://a0.muscache.com/im/pictures/4865d199-bf73-4cbf-bbbe-e5bb04089d81.jpg?aki_policy=large"", ""https://a0.muscache.com/im/pictures/f6c54835-acb0-4261-b42b-c29326b6bb15.jpg?aki_policy=large"", ""https://a0.muscache.com/im/pictures/7c3faa9f-4d86-4ce5-9a0d-39eb1f067b0c.jpg?aki_policy=large"", ""https://a0.muscache.com/im/pictures/5f6811d1-2a78-4ad2-a44c-d21167979879.jpg?aki_policy=large"", ""https://a0.muscache.com/im/pictures/1b7dc4a2-0da5-4fc2-be33-eca9eff8d941.jpg?aki_policy=large"", ""https://a0.muscache.com/im/pictures/79b6a6d1-a7b5-4f13-b0aa-f1a884e645e6.jpg?aki_policy=large"", ""https://a0.muscache.com/im/pictures/525511dc-92ae-410c-a89e-f1eae87df00f.jpg?aki_policy=large"", ""https://a0.muscache.com/im/pictures/bb0fde75-4d46-4dff-92c8-b206ba2c1b4e.jpg?aki_policy=large"", ""https://a0.muscache.com/im/pictures/67b5b881-698b-4139-9463-7d91d08e9452.jpg?aki_policy=large"", ""https://a0.muscache.com/im/pictures/eaf6d66a-cc08-44b1-866a-f27ed42edffc.jpg?aki_policy=large"", ""https://a0.muscache.com/im/pictures/d33e55a1-0bbb-44ed-a238-83c695964404.jpg?aki_policy=large"", ""https://a0.muscache.com/im/pictures/a7375131-3306-4cf2-b761-b1722ba1df4b.jpg?aki_policy=large"", ""https://a0.muscache.com/im/pictures/a3a3b176-84ae-4603-845c-e5d1c021137f.jpg?aki_policy=large"", ""https://a0.muscache.com/im/pictures/1bf0af71-db7c-460e-bb36-6506b9ecfb6b.jpg?aki_policy=large""]";"{""beds"": 2, ""bedrooms"": 2, ""bathrooms"": 1.0, ""amenity_ids"": [1, 33, 129, 2, 35, 4, 36, 8, 40, 104, 41, 10, 44, 45, 77, 46, 47, 21, 23, 27, 30], ""is_rebookable"": false, ""is_new_listing"": false, ""is_fully_refundable"": true, ""is_host_highly_rated"": true, ""is_business_travel_ready"": false}";"{""weekly_factor"": 0.92, ""monthly_factor"": 0.84}";3262;"";"{""is_superhost"": true}"
19867903;Grand studio lumineux & calme dans quartier animé!;entire_home;Paris;"";48.874561479;2.40102382154;2;"[""https://a0.muscache.com/im/pictures/e0b2815f-ffcd-4295-a7f0-15a648d15664.jpg?aki_policy=large"", ""https://a0.muscache.com/im/pictures/39f789b5-96e4-4d58-a33e-eb79e8291bd6.jpg?aki_policy=large"", ""https://a0.muscache.com/im/pictures/d6540561-30bf-46c2-8319-7232e7cb4106.jpg?aki_policy=large"", ""https://a0.muscache.com/im/pictures/1f136971-20c7-492b-b05b-733076f64e2c.jpg?aki_policy=large"", ""https://a0.muscache.com/im/pictures/271179af-bacf-4e51-8b36-885a1e7ccd67.jpg?aki_policy=large"", ""https://a0.muscache.com/im/pictures/d7158ca7-2170-408a-a586-1722f921710d.jpg?aki_policy=large"", ""https://a0.muscache.com/im/pictures/7c389ac3-1d92-423f-acb6-e4b30826ce58.jpg?aki_policy=large"", ""https://a0.muscache.com/im/pictures/a798ccd8-b59c-410f-9e39-09cfb544249b.jpg?aki_policy=large"", ""https://a0.muscache.com/im/pictures/b2c07969-736c-43f7-be1f-50090d8fd3b4.jpg?aki_policy=large""]";"{""beds"": 1, ""bedrooms"": 1, ""bathrooms"": 1.0, ""amenity_ids"": [129, 4, 8, 10, 12, 77, 21, 85, 23, 90, 91, 93, 30, 94, 95, 96, 33, 98, 35, 103, 40, 41, 107, 44, 46, 47], ""is_rebookable"": false, ""is_new_listing"": false, ""is_fully_refundable"": true, ""is_host_highly_rated"": false, ""is_business_travel_ready"": false}";"{""weekly_factor"": 0.85, ""monthly_factor"": 0.7}";7396;"";"{""is_superhost"": false}"
19868823;BETWEEN MADELEINE& CONCORDE-EXQUISITELY STYLED 2BR;entire_home;Paris;Madeleine - Vendôme;48.8696452456;2.32280336438;4;"[""https://a0.muscache.com/im/pictures/19239ad8-1861-4889-9808-1683f875c537.jpg?aki_policy=large"", ""https://a0.muscache.com/im/pictures/33c3ed38-95e4-43d4-83be-96ed83facb05.jpg?aki_policy=large"", ""https://a0.muscache.com/im/pictures/9ef915b2-2a80-462f-8c30-e5f45e2b18ef.jpg?aki_policy=large"", ""https://a0.muscache.com/im/pictures/a4d82b3a-a881-47e4-bd01-caeabe8e4c58.jpg?aki_policy=large"", ""https://a0.muscache.com/im/pictures/27038d3c-457b-4a02-b79b-08a5ba3aa992.jpg?aki_policy=large"", ""https://a0.muscache.com/im/pictures/65a71798-3602-4e87-8005-6321bb5de5eb.jpg?aki_policy=large"", ""https://a0.muscache.com/im/pictures/77374e83-cfcc-4245-adda-c4331547ef0f.jpg?aki_policy=large"", ""https://a0.muscache.com/im/pictures/184a5009-6386-4ff0-9322-d486c74fc028.jpg?aki_policy=large"", ""https://a0.muscache.com/im/pictures/a0c9a45e-31b8-40ad-863c-39ce195d0c29.jpg?aki_policy=large"", ""https://a0.muscache.com/im/pictures/f9604fa2-289d-4718-89d7-9f291706fc70.jpg?aki_policy=large"", ""https://a0.muscache.com/im/pictures/553c5f2b-165d-4dc7-8326-511ee0bb8c59.jpg?aki_policy=large"", ""https://a0.muscache.com/im/pictures/468ec0f7-c554-4345-afd8-0b527d526f10.jpg?aki_policy=large"", ""https://a0.muscache.com/im/pictures/bd9be66d-5083-4540-9ce5-120072a6114a.jpg?aki_policy=large"", ""https://a0.muscache.com/im/pictures/80a86384-fe05-46fc-84e6-bec1f491c899.jpg?aki_policy=large"", ""https://a0.muscache.com/im/pictures/dc5c5053-dcd7-4c1a-8a7e-faf61fd78fbd.jpg?aki_policy=large"", ""https://a0.muscache.com/im/pictures/3910588e-cf37-4b68-a963-6442187b00a2.jpg?aki_policy=large"", ""https://a0.muscache.com/im/pictures/01c480eb-de8e-4dab-a504-59ebb8159eed.jpg?aki_policy=large"", ""https://a0.muscache.com/im/pictures/8575ef3b-6f30-4698-945d-6fc73eb9a3a0.jpg?aki_policy=large"", ""https://a0.muscache.com/im/pictures/40c2b050-4d83-4a7a-95b1-8d2ee65cacf8.jpg?aki_policy=large"", ""https://a0.muscache.com/im/pictures/efe12007-d979-4c2a-b2a4-872acbec12bf.jpg?aki_policy=large"", ""https://a0.muscache.com/im/pictures/bf61ff87-b2b9-4b96-b844-a2eee0727afa.jpg?aki_policy=large"", ""https://a0.muscache.com/im/pictures/dece2035-cbfb-4948-906a-d028b69de80e.jpg?aki_policy=large"", ""https://a0.muscache.com/im/pictures/5c5f98a0-e1d4-4ef5-afad-141686f51c12.jpg?aki_policy=large"", ""https://a0.muscache.com/im/pictures/3f4f1ddb-807f-4f80-9f95-2c060dea93cb.jpg?aki_policy=large"", ""https://a0.muscache.com/im/pictures/a3d3e3c1-ef22-47ff-bfe1-9b3e03cd823d.jpg?aki_policy=large"", ""https://a0.muscache.com/im/pictures/cc143ec5-b617-4723-9a91-730cf0d19c44.jpg?aki_policy=large"", ""https://a0.muscache.com/im/pictures/9a93496f-08ab-4fb1-8bda-3ab67ffa889c.jpg?aki_policy=large"", ""https://a0.muscache.com/im/pictures/1c6f6f87-7d9d-4bf9-8528-a79b1b67fd02.jpg?aki_policy=large"", ""https://a0.muscache.com/im/pictures/57cc8c5e-b487-49fc-9345-2bbeef54c8de.jpg?aki_policy=large""]";"{""beds"": 3, ""bedrooms"": 2, ""bathrooms"": 1.0, ""amenity_ids"": [64, 1, 2, 4, 71, 8, 77, 21, 85, 86, 89, 90, 27, 91, 92, 93, 30, 94, 31, 95, 96, 33, 34, 98, 35, 39, 103, 40, 104, 42, 44, 45, 46, 47, 57, 61], ""is_rebookable"": false, ""is_new_listing"": false, ""is_fully_refundable"": false, ""is_host_highly_rated"": false, ""is_business_travel_ready"": false}";"{""weekly_factor"": 1.0, ""monthly_factor"": 0.59}";3984;"";"{""is_superhost"": false}"
19883408;Studio + jardin: Sentier (Rue Montorgeuil);entire_home;Paris;Châtelet - Les Halles - Beaubourg;48.8654673085;2.3475009618;2;"[""https://a0.muscache.com/im/pictures/8afec9c6-0bbd-4447-94b3-8d477f550882.jpg?aki_policy=large"", ""https://a0.muscache.com/im/pictures/feec8f4f-a0d1-4dc7-a1ae-5f5b6e1c70e0.jpg?aki_policy=large"", ""https://a0.muscache.com/im/pictures/78813b84-48bc-4d05-b54b-ffc327701f65.jpg?aki_policy=large"", ""https://a0.muscache.com/im/pictures/1f5d2e46-76e1-4487-b32e-dc842e56b556.jpg?aki_policy=large"", ""https://a0.muscache.com/im/pictures/13376329-8594-4da8-b12c-11370a226c03.jpg?aki_policy=large"", ""https://a0.muscache.com/im/pictures/97061884-8ca4-43e2-8251-b13aac64638b.jpg?aki_policy=large""]";"{""beds"": 1, ""bedrooms"": 0, ""bathrooms"": 1.0, ""amenity_ids"": [4, 8, 44, 46], ""is_rebookable"": false, ""is_new_listing"": false, ""is_fully_refundable"": true, ""is_host_highly_rated"": false, ""is_business_travel_ready"": false}";"{""weekly_factor"": 1.0, ""monthly_factor"": 1.0}";2467;"";"{""is_superhost"": false}"
19997781;Vue de rêve sur Paris ... Paris from the top;entire_home;Paris;Commerce - Dupleix;48.8501915381;2.28818290872;6;"[""https://a0.muscache.com/im/pictures/7ee64750-fc3e-4eb6-86f1-53812e96a115.jpg?aki_policy=large"", ""https://a0.muscache.com/im/pictures/287fdfe5-3c3e-4dfa-95de-5a153f0c5e5f.jpg?aki_policy=large"", ""https://a0.muscache.com/im/pictures/8021c87f-28e4-4a25-800c-1a2753452671.jpg?aki_policy=large"", ""https://a0.muscache.com/im/pictures/8f33259a-0ca2-4131-baea-cfb3f675428f.jpg?aki_policy=large"", ""https://a0.muscache.com/im/pictures/4d90f452-ec52-4188-a491-2ffbe76f773b.jpg?aki_policy=large"", ""https://a0.muscache.com/im/pictures/3db8890c-474b-4137-8fc4-757edb4ec990.jpg?aki_policy=large"", ""https://a0.muscache.com/im/pictures/73d051d8-c170-478b-a3e1-2f029beccd8f.jpg?aki_policy=large"", ""https://a0.muscache.com/im/pictures/f14df789-c01c-451e-b626-ad35b8d724db.jpg?aki_policy=large"", ""https://a0.muscache.com/im/pictures/1ee4a6d2-835e-472c-b62d-c06acbf52e17.jpg?aki_policy=large"", ""https://a0.muscache.com/im/pictures/3796a9ca-7cd4-4713-aa2b-213c504ac0d4.jpg?aki_policy=large"", ""https://a0.muscache.com/im/pictures/21706ed7-1672-467a-94f5-5d5c25a5935f.jpg?aki_policy=large"", ""https://a0.muscache.com/im/pictures/20e8ab22-31d7-42e6-bbcb-3d5738eed33b.jpg?aki_policy=large"", ""https://a0.muscache.com/im/pictures/4d79f5b0-0376-472e-a052-012f38873b5e.jpg?aki_policy=large"", ""https://a0.muscache.com/im/pictures/448bd882-4db6-499d-83d4-3d7aa4ae04bf.jpg?aki_policy=large""]";"{""beds"": 3, ""bedrooms"": 2, ""bathrooms"": 2.0, ""amenity_ids"": [1, 4, 5, 7, 8, 10, 77, 21, 30, 31, 33, 34, 35, 37, 39, 40, 104, 41, 42, 44, 45, 46, 47, 51, 55], ""is_rebookable"": false, ""is_new_listing"": false, ""is_fully_refundable"": true, ""is_host_highly_rated"": true, ""is_business_travel_ready"": false}";"{""weekly_factor"": 0.9, ""monthly_factor"": 1.0}";430;"";"{""is_superhost"": false}"
19977837;S03009 - Studio - Arts & Metiers;entire_home;Paris;"";48.867298;2.359918;4;"[""https://a0.muscache.com/im/pictures/b468d93f-04f0-49d8-a15e-5e78bc593487.jpg?aki_policy=large"", ""https://a0.muscache.com/im/pictures/5e32a536-dd4b-4719-ae30-700ba384f437.jpg?aki_policy=large"", ""https://a0.muscache.com/im/pictures/ed5fa2a3-cde3-4ccd-970d-cc24195c6019.jpg?aki_policy=large"", ""https://a0.muscache.com/im/pictures/e80f0084-293d-4734-bac6-7a7b47fde07d.jpg?aki_policy=large"", ""https://a0.muscache.com/im/pictures/fa7d849f-68e1-4939-ad7d-612889d481ea.jpg?aki_policy=large"", ""https://a0.muscache.com/im/pictures/a8fa7c80-67fb-45bd-86b6-f76cf9c47ef1.jpg?aki_policy=large"", ""https://a0.muscache.com/im/pictures/4270199a-c16e-440d-9a7b-622984f6ba4d.jpg?aki_policy=large"", ""https://a0.muscache.com/im/pictures/6dabf934-0c98-4e17-987e-401c96405a7e.jpg?aki_policy=large"", ""https://a0.muscache.com/im/pictures/8a6282db-f0a5-42f0-907d-09f997fced65.jpg?aki_policy=large"", ""https://a0.muscache.com/im/pictures/f3b33d5c-8f9d-4a62-953d-a2a9db5e6d89.jpg?aki_policy=large"", ""https://a0.muscache.com/im/pictures/c4d8edbc-a543-4d4d-b212-8a978b2e0da5.jpg?aki_policy=large"", ""https://a0.muscache.com/im/pictures/d6023e8e-8d50-43fd-b9a1-9d89a7530350.jpg?aki_policy=large""]";"{""beds"": 2, ""bedrooms"": 0, ""bathrooms"": 1.0, ""amenity_ids"": [1, 33, 129, 3, 4, 8, 40, 41, 44, 45, 46, 47, 30], ""is_rebookable"": false, ""is_new_listing"": false, ""is_fully_refundable"": true, ""is_host_highly_rated"": true, ""is_business_travel_ready"": false}";"{""weekly_factor"": 1.0, ""monthly_factor"": 1.0}";5338;"";"{""is_superhost"": false}"
19978121;Very spacious appartment in Champs Élysée;entire_home;Paris;Champs-Elysées;48.8689011384;2.3048179662;2;"[""https://a0.muscache.com/im/pictures/fe1c97f5-f2b4-4453-9c4c-abe75b144e51.jpg?aki_policy=large"", ""https://a0.muscache.com/im/pictures/ff2d0182-a157-4b09-aa85-c4feb68813f5.jpg?aki_policy=large"", ""https://a0.muscache.com/im/pictures/2bbd7931-f150-498b-a0e5-cffb38795495.jpg?aki_policy=large"", ""https://a0.muscache.com/im/pictures/0a1a9f4a-2333-46fc-8db8-4254698b8c52.jpg?aki_policy=large"", ""https://a0.muscache.com/im/pictures/9e9a2490-40aa-421a-b429-30c9f125b1e5.jpg?aki_policy=large"", ""https://a0.muscache.com/im/pictures/0acef5d1-efa6-49bb-8e65-19c5dbf13185.jpg?aki_policy=large"", ""https://a0.muscache.com/im/pictures/a7562402-7e6b-46d9-a347-9bb5d232f5e7.jpg?aki_policy=large"", ""https://a0.muscache.com/im/pictures/878a85da-c49a-486b-8f7c-a60282620491.jpg?aki_policy=large"", ""https://a0.muscache.com/im/pictures/90af0d56-cec1-4f7d-a00a-606554be9c72.jpg?aki_policy=large""]";"{""beds"": 1, ""bedrooms"": 0, ""bathrooms"": 1.0, ""amenity_ids"": [1, 33, 129, 35, 4, 8, 40, 41, 10, 45, 77, 46, 47, 21, 28, 61, 30], ""is_rebookable"": false, ""is_new_listing"": false, ""is_fully_refundable"": true, ""is_host_highly_rated"": true, ""is_business_travel_ready"": false}";"{""weekly_factor"": 1.0, ""monthly_factor"": 1.0}";1576;"";"{""is_superhost"": false}"
20010730;Studio_Tout Neuf_Coeur de Paris_Impasse Privée;entire_home;Paris;Bastille;48.8602152046;2.36965353469;2;"[""https://a0.muscache.com/im/pictures/cf8ef303-5e6a-4942-9c9e-1f63a2f5ba49.jpg?aki_policy=large"", ""https://a0.muscache.com/im/pictures/2bd6e5d8-cf20-452c-81de-eab1cb40d6bd.jpg?aki_policy=large"", ""https://a0.muscache.com/im/pictures/89b825ee-8844-4c19-acec-b96626774bda.jpg?aki_policy=large"", ""https://a0.muscache.com/im/pictures/cbe11382-1f31-4cf5-bfc1-cc79e68c30a8.jpg?aki_policy=large"", ""https://a0.muscache.com/im/pictures/ec1f325f-6f34-4e00-9362-2941b4d60088.jpg?aki_policy=large"", ""https://a0.muscache.com/im/pictures/fe1737aa-e4ee-49e5-a2ec-e33c86832341.jpg?aki_policy=large"", ""https://a0.muscache.com/im/pictures/984a09e8-8693-4194-9c59-0e5281521cec.jpg?aki_policy=large"", ""https://a0.muscache.com/im/pictures/3fd112ec-1bb3-4961-b96e-979f419934d8.jpg?aki_policy=large"", ""https://a0.muscache.com/im/pictures/5efeff4e-55d3-4326-a05a-8f142d505fae.jpg?aki_policy=large"", ""https://a0.muscache.com/im/pictures/be2e968a-9ca1-4181-99a3-ca46f28df404.jpg?aki_policy=large"", ""https://a0.muscache.com/im/pictures/3a02faa4-777d-497d-a8e0-290e90d77d38.jpg?aki_policy=large"", ""https://a0.muscache.com/im/pictures/983ebc50-9a99-4e74-84ec-821a57607340.jpg?aki_policy=large"", ""https://a0.muscache.com/im/pictures/f8d4c298-4b56-446f-9bf4-407271cc2edb.jpg?aki_policy=large"", ""https://a0.muscache.com/im/pictures/ff63148f-07d0-4c8a-9271-71489658bbb2.jpg?aki_policy=large"", ""https://a0.muscache.com/im/pictures/d3103910-622f-4820-8e4a-78bd22545eb2.jpg?aki_policy=large"", ""https://a0.muscache.com/im/pictures/f84edec0-5581-4a62-a261-70e528ec9064.jpg?aki_policy=large"", ""https://a0.muscache.com/im/pictures/034ba5d1-e4f2-4b55-8d07-b91cf34f058f.jpg?aki_policy=large"", ""https://a0.muscache.com/im/pictures/abea6377-aa8e-469d-a1dc-ecc49fee14e6.jpg?aki_policy=large"", ""https://a0.muscache.com/im/pictures/84ac2b1d-7c75-48b2-af73-1fad74e0dcd6.jpg?aki_policy=large"", ""https://a0.muscache.com/im/pictures/3361d9b6-a72f-45ed-adfb-07703a114674.jpg?aki_policy=large"", ""https://a0.muscache.com/im/pictures/268bd335-2a3c-44c0-9c73-902b6acbb6ed.jpg?aki_policy=large"", ""https://a0.muscache.com/im/pictures/5a612c3b-4286-4bbf-bc78-773bb7d88005.jpg?aki_policy=large"", ""https://a0.muscache.com/im/pictures/411bc084-4ac9-485b-b963-6722068d9371.jpg?aki_policy=large""]";"{""beds"": 1, ""bedrooms"": 0, ""bathrooms"": 1.0, ""amenity_ids"": [1, 129, 4, 8, 10, 77, 85, 89, 90, 91, 93, 30, 94, 287, 33, 34, 35, 37, 103, 40, 104, 41, 44, 45, 46, 47, 57], ""is_rebookable"": false, ""is_new_listing"": false, ""is_fully_refundable"": true, ""is_host_highly_rated"": true, ""is_business_travel_ready"": false}";"{""weekly_factor"": 1.0, ""monthly_factor"": 0.85}";5712;"";"{""is_superhost"": false}"
20011166;Stylish and cosy apartment in Paris!;entire_home;Paris;Nation;48.8453453752;2.39109282931;2;"[""https://a0.muscache.com/im/pictures/78fae5ee-4645-4354-810a-da3297231529.jpg?aki_policy=large"", ""https://a0.muscache.com/im/pictures/00cca61e-e1e7-4caa-a321-1aa0f1ab64be.jpg?aki_policy=large"", ""https://a0.muscache.com/im/pictures/2773cd59-0258-49c8-80b5-5ed93b6652ea.jpg?aki_policy=large"", ""https://a0.muscache.com/im/pictures/d5c7ad41-539a-4110-b684-e5b4ecdf79fc.jpg?aki_policy=large"", ""https://a0.muscache.com/im/pictures/4f2db9f5-3729-4518-a40b-2cf029eb22ad.jpg?aki_policy=large"", ""https://a0.muscache.com/im/pictures/69a01648-6afd-4c02-a62e-7c4891082567.jpg?aki_policy=large"", ""https://a0.muscache.com/im/pictures/c4c3bb74-ec15-4fd9-8cc7-ebdc39729c8d.jpg?aki_policy=large"", ""https://a0.muscache.com/im/pictures/cb5b0624-f668-4aaa-b4ec-3d88f2cfce88.jpg?aki_policy=large"", ""https://a0.muscache.com/im/pictures/24810b8b-c024-4e60-9ad6-4d6d4760af6f.jpg?aki_policy=large"", ""https://a0.muscache.com/im/pictures/63b8fdbc-0bc1-496c-b754-271059a5c559.jpg?aki_policy=large"", ""https://a0.muscache.com/im/pictures/31a8a3e4-db4d-433b-b1d2-449984fad9a3.jpg?aki_policy=large"", ""https://a0.muscache.com/im/pictures/6e57d3ce-c564-4a50-a277-c34a5405d38c.jpg?aki_policy=large"", ""https://a0.muscache.com/im/pictures/4f7d9281-2772-4402-91ba-579b5d84708c.jpg?aki_policy=large""]";"{""beds"": 1, ""bedrooms"": 1, ""bathrooms"": 1.0, ""amenity_ids"": [1, 129, 4, 8, 10, 11, 77, 85, 86, 88, 90, 91, 92, 93, 30, 94, 31, 95, 96, 33, 35, 36, 37, 103, 40, 104, 41, 44, 45, 46, 47, 56], ""is_rebookable"": false, ""is_new_listing"": false, ""is_fully_refundable"": true, ""is_host_highly_rated"": true, ""is_business_travel_ready"": false}";"{""weekly_factor"": 1.0, ""monthly_factor"": 1.0}";2346;"";"{""is_superhost"": true}"
20011635;SALE! Awesome Location w/Delightful Eiffel Views;entire_home;Paris;Tour Eiffel - Champ de Mars;48.857594;2.306196;3;"[""https://a0.muscache.com/im/pictures/1774cb52-3eff-454d-b61d-e388c021a310.jpg?aki_policy=large"", ""https://a0.muscache.com/im/pictures/3e73961a-34e0-4ff9-9588-a57c72094e4e.jpg?aki_policy=large"", ""https://a0.muscache.com/im/pictures/6b7ff01b-a9de-41c0-bbdb-376d4524d134.jpg?aki_policy=large"", ""https://a0.muscache.com/im/pictures/5fee3b19-c03c-4086-8e8d-158fc8e0421a.jpg?aki_policy=large"", ""https://a0.muscache.com/im/pictures/4595d40c-4200-47ce-8cda-f0ad30556c75.jpg?aki_policy=large"", ""https://a0.muscache.com/im/pictures/f83cac20-46fe-4759-ae4e-3bd0a080f683.jpg?aki_policy=large"", ""https://a0.muscache.com/im/pictures/357f3042-72e5-4a3a-8c59-fa48e14fe28c.jpg?aki_policy=large"", ""https://a0.muscache.com/im/pictures/ed091ef8-f81c-4bfa-8563-a296ed649360.jpg?aki_policy=large"", ""https://a0.muscache.com/im/pictures/4e9e1694-deff-4790-9709-c9aaa360ad43.jpg?aki_policy=large"", ""https://a0.muscache.com/im/pictures/ecdeff09-cac4-4014-9fed-839ca3c66077.jpg?aki_policy=large"", ""https://a0.muscache.com/im/pictures/369d8e44-cee0-4b59-bc1f-c5a42f2920b9.jpg?aki_policy=large"", ""https://a0.muscache.com/im/pictures/3b9f9c36-b09d-4ff1-bada-56bd1d329ea4.jpg?aki_policy=large"", ""https://a0.muscache.com/im/pictures/36dc9719-8071-4959-af6d-57445002708b.jpg?aki_policy=large"", ""https://a0.muscache.com/im/pictures/b0e32540-feec-4e25-99ef-56de42b1b5f2.jpg?aki_policy=large"", ""https://a0.muscache.com/im/pictures/b693957d-d50c-41ca-be97-65759ae67fda.jpg?aki_policy=large"", ""https://a0.muscache.com/im/pictures/871babed-0244-4502-bcdb-a1ae5fb4d0c1.jpg?aki_policy=large"", ""https://a0.muscache.com/im/pictures/e0451a51-e2fc-41e2-830e-af28eb4aff04.jpg?aki_policy=large"", ""https://a0.muscache.com/im/pictures/0b025daf-be34-4e26-8d1d-9bc5b9fad218.jpg?aki_policy=large"", ""https://a0.muscache.com/im/pictures/a4fcaf2e-c076-423f-b428-f206c97d644d.jpg?aki_policy=large"", ""https://a0.muscache.com/im/pictures/177b3462-eb79-4b21-8300-05c0ab403f43.jpg?aki_policy=large"", ""https://a0.muscache.com/im/pictures/f0bb77e6-e91b-493f-a14d-821b8fd5d832.jpg?aki_policy=large"", ""https://a0.muscache.com/im/pictures/7116d3e9-a143-44b2-aaab-e34bc9a42e44.jpg?aki_policy=large""]";"{""beds"": 2, ""bedrooms"": 1, ""bathrooms"": 1.0, ""amenity_ids"": [1, 129, 2, 3, 4, 5, 71, 8, 77, 21, 85, 89, 90, 91, 92, 93, 30, 94, 31, 95, 96, 33, 34, 98, 35, 103, 40, 104, 41, 44, 45, 46, 47, 57, 61], ""is_rebookable"": false, ""is_new_listing"": false, ""is_fully_refundable"": false, ""is_host_highly_rated"": true, ""is_business_travel_ready"": false}";"{""weekly_factor"": 1.0, ""monthly_factor"": 1.0}";6261;"";"{""is_superhost"": false}"
20031427;Appartement familial dans le 20eme;entire_home;Paris;Père Lachaise - Ménilmontant;48.8566109047;2.40935024306;7;"[""https://a0.muscache.com/im/pictures/0149fbbe-0576-435a-9eb8-b20bf6655e41.jpg?aki_policy=large"", ""https://a0.muscache.com/im/pictures/ee41b04f-7133-4e42-9347-1796049e133f.jpg?aki_policy=large"", ""https://a0.muscache.com/im/pictures/617dd1f4-f0aa-4f75-acfa-e73edcd8ca36.jpg?aki_policy=large"", ""https://a0.muscache.com/im/pictures/b1d8d649-2583-40af-aaae-282fed6a22f6.jpg?aki_policy=large"", ""https://a0.muscache.com/im/pictures/fba5dea4-acc4-408c-9b50-905557585bf8.jpg?aki_policy=large"", ""https://a0.muscache.com/im/pictures/205c828d-3f1f-4334-8035-a5196379a8a3.jpg?aki_policy=large"", ""https://a0.muscache.com/im/pictures/205543f9-9895-4394-a6e0-89df4630c8bc.jpg?aki_policy=large"", ""https://a0.muscache.com/im/pictures/d36354ca-eac4-41f6-91dd-f2f88022f8b1.jpg?aki_policy=large"", ""https://a0.muscache.com/im/pictures/9271c02d-7e41-4070-ad23-2bbcef41503e.jpg?aki_policy=large"", ""https://a0.muscache.com/im/pictures/9d0670d0-fdef-4393-82f7-a5494d8b4118.jpg?aki_policy=large"", ""https://a0.muscache.com/im/pictures/d38f483a-84c8-4931-a7ad-5971e661eb34.jpg?aki_policy=large"", ""https://a0.muscache.com/im/pictures/0aa3a7a2-4a64-470b-ac02-2100f2039304.jpg?aki_policy=large"", ""https://a0.muscache.com/im/pictures/30806209-6e4a-4a06-bf01-97a8761bff86.jpg?aki_policy=large""]";"{""beds"": 5, ""bedrooms"": 2, ""bathrooms"": 1.0, ""amenity_ids"": [33, 34, 66, 4, 38, 103, 8, 40, 41, 44, 45, 77, 46, 47, 21, 30, 31], ""is_rebookable"": false, ""is_new_listing"": false, ""is_fully_refundable"": true, ""is_host_highly_rated"": true, ""is_business_travel_ready"": false}";"{""weekly_factor"": 0.9, ""monthly_factor"": 0.7}";7555;"";"{""is_superhost"": false}"
20032571;Studio calme, proche Tour Eiffel;private_room;Paris;Tour Eiffel - Champ de Mars;48.858963266;2.29625142809;2;"[""https://a0.muscache.com/im/pictures/2bff42e8-bd6c-407f-ba7a-b2be8e3b3bb0.jpg?aki_policy=large"", ""https://a0.muscache.com/im/pictures/91591197-34ee-4eb0-97c2-26dd64fca8f9.jpg?aki_policy=large"", ""https://a0.muscache.com/im/pictures/c0c6d29a-891b-4a2c-b63f-606d1d25acf0.jpg?aki_policy=large"", ""https://a0.muscache.com/im/pictures/44ccc7cd-84b2-423a-9eb3-e3098e25752b.jpg?aki_policy=large"", ""https://a0.muscache.com/im/pictures/87557a7d-af39-4400-98a6-d7256f65328e.jpg?aki_policy=large""]";"{""beds"": 1, ""bedrooms"": 1, ""bathrooms"": 1.0, ""amenity_ids"": [1, 35, 4, 38, 40, 42, 45, 30, 46, 47], ""is_rebookable"": false, ""is_new_listing"": false, ""is_fully_refundable"": true, ""is_host_highly_rated"": true, ""is_business_travel_ready"": false}";"{""weekly_factor"": 1.0, ""monthly_factor"": 1.0}";7900;"";"{""is_superhost"": true}"
20048292;Champs Elysées - Ponthieu 64 : appt. cosy pour 3;entire_home;Paris;Champs-Elysées;48.8713079681;2.30879366816;3;"[""https://a0.muscache.com/im/pictures/1cb44998-23a6-41e2-b93c-647f06e605b8.jpg?aki_policy=large"", ""https://a0.muscache.com/im/pictures/9e67f096-ea3c-4dc1-830d-57ab961ef784.jpg?aki_policy=large"", ""https://a0.muscache.com/im/pictures/6e33edec-f0c8-438f-a450-7f153131244c.jpg?aki_policy=large"", ""https://a0.muscache.com/im/pictures/39ec2402-ff4a-46e1-aec0-bab88163f441.jpg?aki_policy=large"", ""https://a0.muscache.com/im/pictures/f59f64ac-6050-43ed-885d-85f449fece7b.jpg?aki_policy=large"", ""https://a0.muscache.com/im/pictures/ff915761-92fb-4354-bb78-cd05c598b368.jpg?aki_policy=large"", ""https://a0.muscache.com/im/pictures/5bbe7e41-3d27-423d-91ad-fe7e1f57f11f.jpg?aki_policy=large"", ""https://a0.muscache.com/im/pictures/86490bb7-5847-4f38-b2e8-818a7f77b494.jpg?aki_policy=large"", ""https://a0.muscache.com/im/pictures/9d688d66-1b91-48de-bd95-000310e95dd7.jpg?aki_policy=large"", ""https://a0.muscache.com/im/pictures/86091c1c-05ba-4073-abdd-2fe8252ce953.jpg?aki_policy=large"", ""https://a0.muscache.com/im/pictures/c9074672-69c1-49dc-bd7f-9e24eaf52b13.jpg?aki_policy=large""]";"{""beds"": 2, ""bedrooms"": 1, ""bathrooms"": 1.0, ""amenity_ids"": [1, 35, 4, 36, 5, 8, 40, 104, 41, 44, 45, 77, 46, 47, 16, 51, 52, 21, 30, 31], ""is_rebookable"": false, ""is_new_listing"": false, ""is_fully_refundable"": true, ""is_host_highly_rated"": false, ""is_business_travel_ready"": false}";"{""weekly_factor"": 1.0, ""monthly_factor"": 1.0}";5862;"";"{""is_superhost"": false}"
20118716;Aguila, 1Ch/1Sdb, 4 personnes.;entire_home;Paris;Le Marais;48.8603885284;2.35530376841;4;"[""https://a0.muscache.com/im/pictures/ec9f90d4-65de-4e00-a0c8-709e55519240.jpg?aki_policy=large"", ""https://a0.muscache.com/im/pictures/63d8bcf2-6a64-4ca1-b812-e6ae141ceff3.jpg?aki_policy=large"", ""https://a0.muscache.com/im/pictures/7ff7d053-3563-4ce9-88f5-272a26ae555d.jpg?aki_policy=large"", ""https://a0.muscache.com/im/pictures/43597999-4c36-4a85-8c05-d626fc36db61.jpg?aki_policy=large"", ""https://a0.muscache.com/im/pictures/a4d5546f-5c65-4628-b001-f2608b609103.jpg?aki_policy=large"", ""https://a0.muscache.com/im/pictures/629af94e-0ad0-4b1f-bb7e-2e0648c3d7fb.jpg?aki_policy=large"", ""https://a0.muscache.com/im/pictures/127984d5-1afa-4a03-aa37-320486a78a82.jpg?aki_policy=large"", ""https://a0.muscache.com/im/pictures/45116eea-06a9-4128-8023-fb17b46ee051.jpg?aki_policy=large"", ""https://a0.muscache.com/im/pictures/5c6c1f47-884b-48ec-b378-4d51642c112c.jpg?aki_policy=large"", ""https://a0.muscache.com/im/pictures/21491303-ac20-4750-9cb4-e98b7a96fe90.jpg?aki_policy=large""]";"{""beds"": 2, ""bedrooms"": 1, ""bathrooms"": 1.0, ""amenity_ids"": [96, 1, 33, 4, 8, 44, 45, 77, 46, 47, 21, 85, 89, 90, 91, 92, 93, 30, 94, 31, 95], ""is_rebookable"": false, ""is_new_listing"": false, ""is_fully_refundable"": true, ""is_host_highly_rated"": true, ""is_business_travel_ready"": false}";"{""weekly_factor"": 0.86, ""monthly_factor"": 0.6}";2388;"";"{""is_superhost"": false}"
20135133;Legendary Rue du Temple, 4/5 bedrooms;entire_home;Paris;Le Marais;48.8606479239;2.35409869659;8;"[""https://a0.muscache.com/im/pictures/71c4f157-cdaa-466e-8b63-433da8e3fbbc.jpg?aki_policy=large"", ""https://a0.muscache.com/im/pictures/1323dc4a-e116-4596-938c-0cfe0b91d980.jpg?aki_policy=large"", ""https://a0.muscache.com/im/pictures/5b4d9826-e81e-4dc2-ac20-80fb8deb1fe0.jpg?aki_policy=large"", ""https://a0.muscache.com/im/pictures/8177058e-bd98-495f-80b2-3aba3e9e0de0.jpg?aki_policy=large"", ""https://a0.muscache.com/im/pictures/206a890b-63b8-4526-a79e-acb92e54c7ba.jpg?aki_policy=large"", ""https://a0.muscache.com/im/pictures/3cb28ec9-c7ed-4b19-ad37-fc3846989ada.jpg?aki_policy=large"", ""https://a0.muscache.com/im/pictures/2055f33a-a41b-4f2a-9a83-35aa22a5b0d3.jpg?aki_policy=large"", ""https://a0.muscache.com/im/pictures/b78be09d-df2f-4b9e-b2f2-c3af9fdd4fc4.jpg?aki_policy=large"", ""https://a0.muscache.com/im/pictures/b6b59bee-2b80-4e20-8aa6-029e8786925f.jpg?aki_policy=large"", ""https://a0.muscache.com/im/pictures/a397b29c-7deb-4c43-9ed6-da6ae3b88a11.jpg?aki_policy=large"", ""https://a0.muscache.com/im/pictures/eb1cee83-2071-49c5-9225-8b483e225f71.jpg?aki_policy=large"", ""https://a0.muscache.com/im/pictures/6aa2dfae-001d-40ad-84bc-4238b668b63a.jpg?aki_policy=large"", ""https://a0.muscache.com/im/pictures/5cd48880-cd88-44ef-acf1-481661275d87.jpg?aki_policy=large"", ""https://a0.muscache.com/im/pictures/b03adcb1-399d-482b-b3b4-6737f66a5948.jpg?aki_policy=large"", ""https://a0.muscache.com/im/pictures/051ea5d2-dc44-4231-95b1-ab31461682da.jpg?aki_policy=large"", ""https://a0.muscache.com/im/pictures/590ed56c-e993-4bb6-94e8-f14f8de2f60d.jpg?aki_policy=large"", ""https://a0.muscache.com/im/pictures/dabaac4d-d126-4ec2-819b-1d32b3616e8c.jpg?aki_policy=large"", ""https://a0.muscache.com/im/pictures/e9c17eca-2164-48ff-b6fd-d4042cde91d6.jpg?aki_policy=large"", ""https://a0.muscache.com/im/pictures/a34a71aa-8dc8-474b-9a4a-92d7e9749847.jpg?aki_policy=large""]";"{""beds"": 6, ""bedrooms"": 5, ""bathrooms"": 2.0, ""amenity_ids"": [1, 33, 2, 35, 4, 39, 8, 40, 41, 44, 45, 46, 47, 21, 28, 30], ""is_rebookable"": false, ""is_new_listing"": false, ""is_fully_refundable"": true, ""is_host_highly_rated"": true, ""is_business_travel_ready"": false}";"{""weekly_factor"": 0.95, ""monthly_factor"": 0.45}";1375;"";"{""is_superhost"": false}"
20182255;2BR WITH PVT TERRACE~HÔTEL DE VILLE/BEAUBOURG;entire_home;Paris;Châtelet - Les Halles - Beaubourg;48.8582253384;2.35009173363;4;"[""https://a0.muscache.com/im/pictures/59530cc5-80ae-4a62-87a3-8d11d0ccd71d.jpg?aki_policy=large"", ""https://a0.muscache.com/im/pictures/1301086b-5aeb-4892-8267-17dd2bb56e16.jpg?aki_policy=large"", ""https://a0.muscache.com/im/pictures/a35aecf5-2c28-438c-b6fd-576a738bf7cf.jpg?aki_policy=large"", ""https://a0.muscache.com/im/pictures/a2379e43-b8be-42a9-8715-7f116cb9d825.jpg?aki_policy=large"", ""https://a0.muscache.com/im/pictures/bf9739fe-448d-48db-a6a1-29c237b39f5e.jpg?aki_policy=large"", ""https://a0.muscache.com/im/pictures/f7aa7f7f-8d08-4cd1-8a05-e8c91a105d17.jpg?aki_policy=large"", ""https://a0.muscache.com/im/pictures/81c5e101-6833-4e51-84fc-dcd7c292e964.jpg?aki_policy=large"", ""https://a0.muscache.com/im/pictures/0f37094e-bef6-4512-8730-2181d08b511a.jpg?aki_policy=large"", ""https://a0.muscache.com/im/pictures/01522565-d276-4bb2-97a0-aed569c9de8f.jpg?aki_policy=large"", ""https://a0.muscache.com/im/pictures/ab16be18-5425-4470-93e6-8bed85e49bad.jpg?aki_policy=large"", ""https://a0.muscache.com/im/pictures/5f5f139e-2f63-43b2-a20d-f90de83276ee.jpg?aki_policy=large"", ""https://a0.muscache.com/im/pictures/1c1295f7-890f-4996-9996-59c8df935fd0.jpg?aki_policy=large"", ""https://a0.muscache.com/im/pictures/7a1baae2-f644-4326-b7e4-a6d81429d46a.jpg?aki_policy=large"", ""https://a0.muscache.com/im/pictures/a9d79b4a-1897-4b73-91c8-6c222b7422c9.jpg?aki_policy=large"", ""https://a0.muscache.com/im/pictures/c60d02dd-e0b5-4618-a3f8-1609084cd7db.jpg?aki_policy=large"", ""https://a0.muscache.com/im/pictures/514a9c85-f962-4212-8903-a0533909f63d.jpg?aki_policy=large"", ""https://a0.muscache.com/im/pictures/2f57ac99-e5d2-450d-bbd2-9ca829f1e515.jpg?aki_policy=large"", ""https://a0.muscache.com/im/pictures/1965ba22-48aa-465e-b56c-d674a4d39948.jpg?aki_policy=large"", ""https://a0.muscache.com/im/pictures/90e5b357-285b-4708-931a-cda9fe81530d.jpg?aki_policy=large"", ""https://a0.muscache.com/im/pictures/46eec7a4-6e6e-430e-b991-48c282b7d018.jpg?aki_policy=large"", ""https://a0.muscache.com/im/pictures/e7dd3761-236c-44f2-ab73-403020c63520.jpg?aki_policy=large"", ""https://a0.muscache.com/im/pictures/44cc550f-fee2-41ea-9a72-3c05dd95747b.jpg?aki_policy=large"", ""https://a0.muscache.com/im/pictures/c7729a8d-e060-4587-a062-8be4ced3ac1e.jpg?aki_policy=large"", ""https://a0.muscache.com/im/pictures/250e7d76-6a19-43ba-baa6-b17ba32c4906.jpg?aki_policy=large"", ""https://a0.muscache.com/im/pictures/cdf9a261-635b-415e-8631-e65a0af3c8e0.jpg?aki_policy=large"", ""https://a0.muscache.com/im/pictures/a5d1cc5b-d480-404d-ad5c-f2127ffa33fa.jpg?aki_policy=large"", ""https://a0.muscache.com/im/pictures/e4fcbbf9-3db6-4524-a023-b8f6a5beb075.jpg?aki_policy=large"", ""https://a0.muscache.com/im/pictures/94f6d3dd-138d-4b05-8e2d-d5d564f7a001.jpg?aki_policy=large"", ""https://a0.muscache.com/im/pictures/f0a927c1-c935-4bd8-8c71-e739d4acda6d.jpg?aki_policy=large"", ""https://a0.muscache.com/im/pictures/29619a62-a9a3-4f15-9958-829c21b576b4.jpg?aki_policy=large""]";"{""beds"": 3, ""bedrooms"": 2, ""bathrooms"": 2.0, ""amenity_ids"": [1, 2, 4, 8, 77, 21, 85, 86, 90, 91, 92, 93, 30, 94, 31, 95, 32, 33, 34, 100, 39, 40, 42, 44, 45, 46, 47, 57], ""is_rebookable"": false, ""is_new_listing"": false, ""is_fully_refundable"": false, ""is_host_highly_rated"": false, ""is_business_travel_ready"": false}";"{""weekly_factor"": 1.0, ""monthly_factor"": 0.62}";3984;"";"{""is_superhost"": false}"
20228739;林荫公寓;entire_home;Paris;10e arrondissement;48.8753569337;2.37228624892;2;"[""https://a0.muscache.com/im/pictures/0ce03aea-f0de-4c0d-8ec3-4a49be57cbcc.jpg?aki_policy=large"", ""https://a0.muscache.com/im/pictures/ea1fe076-4117-40cc-8f42-47aa61afa4d6.jpg?aki_policy=large"", ""https://a0.muscache.com/im/pictures/c101fe92-6238-4811-81ee-e0ac8fd014e7.jpg?aki_policy=large"", ""https://a0.muscache.com/im/pictures/23e33485-71d2-4846-ab90-fcc8fa86d517.jpg?aki_policy=large"", ""https://a0.muscache.com/im/pictures/4c3fb307-7c4c-42a7-9a0c-33fb842d8d3b.jpg?aki_policy=large"", ""https://a0.muscache.com/im/pictures/5ea1a79b-56bf-4f37-a5d4-7aeef69e0432.jpg?aki_policy=large"", ""https://a0.muscache.com/im/pictures/a6235132-1cbe-4ca3-865d-378c493a9ed9.jpg?aki_policy=large"", ""https://a0.muscache.com/im/pictures/e04a6c72-7162-4153-809b-e30100cd09c6.jpg?aki_policy=large"", ""https://a0.muscache.com/im/pictures/e3ab3749-8afd-4774-986a-9c46a9fbf5c8.jpg?aki_policy=large"", ""https://a0.muscache.com/im/pictures/524869e5-73f5-44d4-aca6-c8a6da5f0fc1.jpg?aki_policy=large""]";"{""beds"": 1, ""bedrooms"": 0, ""bathrooms"": 1.0, ""amenity_ids"": [1, 129, 4, 8, 136, 73, 10, 77, 89, 90, 91, 93, 30, 94, 95, 287, 96, 33, 35, 100, 103, 40, 41, 44, 45, 109, 46, 47, 111, 113, 115, 120, 61, 125], ""is_rebookable"": false, ""is_new_listing"": false, ""is_fully_refundable"": true, ""is_host_highly_rated"": true, ""is_business_travel_ready"": false}";"{""weekly_factor"": 0.85, ""monthly_factor"": 1.0}";6294;"";"{""is_superhost"": false}"
20245075;Calm, cozy, peaceful and awesome location!;entire_home;Paris;Gare de Lyon;48.845771103;2.38200891541;2;"[""https://a0.muscache.com/im/pictures/9077990e-93df-4b52-ab2c-12163ed48b44.jpg?aki_policy=large"", ""https://a0.muscache.com/im/pictures/ce799873-5e6c-4702-b5ed-5d985aad5bac.jpg?aki_policy=large"", ""https://a0.muscache.com/im/pictures/d264c27c-aa58-41dd-ac3e-b35ac9dd58fc.jpg?aki_policy=large"", ""https://a0.muscache.com/im/pictures/2561de89-3fd8-49b6-9599-051fb52dad36.jpg?aki_policy=large"", ""https://a0.muscache.com/im/pictures/4a7c983d-2d36-4f3e-a0af-ffcd62632cfb.jpg?aki_policy=large"", ""https://a0.muscache.com/im/pictures/79ed81c5-98dd-419d-b190-1386fb452ead.jpg?aki_policy=large"", ""https://a0.muscache.com/im/pictures/1ba2e125-9e13-4a65-9544-36528a6350bb.jpg?aki_policy=large"", ""https://a0.muscache.com/im/pictures/5917655c-27c4-4d94-90f6-bd2151e237a6.jpg?aki_policy=large"", ""https://a0.muscache.com/im/pictures/be80a9d9-d1ef-4ea6-bef9-403a8a311827.jpg?aki_policy=large"", ""https://a0.muscache.com/im/pictures/75627c69-0623-46d0-aea0-d3eb32612bc6.jpg?aki_policy=large"", ""https://a0.muscache.com/im/pictures/6a7c6274-1683-4c73-b50a-d17698618c32.jpg?aki_policy=large"", ""https://a0.muscache.com/im/pictures/ecd59ef4-9f96-43d7-a061-82463e5b0f82.jpg?aki_policy=large"", ""https://a0.muscache.com/im/pictures/033d20e3-62e0-490a-9980-a4d3ff5ef692.jpg?aki_policy=large"", ""https://a0.muscache.com/im/pictures/bd4509c7-cf88-47d5-9e91-e19f95570f9f.jpg?aki_policy=large"", ""https://a0.muscache.com/im/pictures/1a5e9fef-dc07-4b7d-96d7-b37494718b19.jpg?aki_policy=large"", ""https://a0.muscache.com/im/pictures/9d58d51c-60f1-4d11-a55a-f2d617215bf2.jpg?aki_policy=large"", ""https://a0.muscache.com/im/pictures/5dde93d4-5ba0-463a-b8bc-6bb4de7e3058.jpg?aki_policy=large"", ""https://a0.muscache.com/im/pictures/69cbce2f-eafc-4393-a464-07f97e66ac14.jpg?aki_policy=large"", ""https://a0.muscache.com/im/pictures/2761cf06-bcd2-415f-ae1e-18fb6babae3f.jpg?aki_policy=large"", ""https://a0.muscache.com/im/pictures/09e4c38e-1316-4fdd-a62f-fc83ade2172c.jpg?aki_policy=large"", ""https://a0.muscache.com/im/pictures/a43b080f-e5b7-4415-b4eb-d494a9d0b0c1.jpg?aki_policy=large"", ""https://a0.muscache.com/im/pictures/2947600c-dc67-4e24-bf69-4d9382c3c4a2.jpg?aki_policy=large""]";"{""beds"": 1, ""bedrooms"": 0, ""bathrooms"": 1.0, ""amenity_ids"": [96, 131, 4, 8, 40, 41, 10, 44, 77, 46, 47, 85, 86, 88, 57, 90, 91, 93, 30, 94], ""is_rebookable"": false, ""is_new_listing"": false, ""is_fully_refundable"": true, ""is_host_highly_rated"": false, ""is_business_travel_ready"": false}";"{""weekly_factor"": 1.0, ""monthly_factor"": 1.0}";7955;"";"{""is_superhost"": false}"
20274966;ST DOMINIQUE - INVALIDES;entire_home;Paris;"";48.8584850585;2.3046099581;4;"[""https://a0.muscache.com/im/pictures/26070c92-2daa-4b77-8295-f0cfc1260e36.jpg?aki_policy=large"", ""https://a0.muscache.com/im/pictures/b56dc9f4-0606-4f5c-81a1-ed722a2de2ce.jpg?aki_policy=large"", ""https://a0.muscache.com/im/pictures/7ff7b9eb-3c11-48d9-ae2e-9549121c03f8.jpg?aki_policy=large"", ""https://a0.muscache.com/im/pictures/430fb839-dc16-4b4d-956d-44050cf6866c.jpg?aki_policy=large"", ""https://a0.muscache.com/im/pictures/8d340eb8-64f9-4ea7-9f37-872e9f56afdb.jpg?aki_policy=large"", ""https://a0.muscache.com/im/pictures/31a773dc-a651-4a20-8ce2-3bc269a12e7b.jpg?aki_policy=large"", ""https://a0.muscache.com/im/pictures/50dc453b-e725-4677-a315-8e95a4a87f79.jpg?aki_policy=large"", ""https://a0.muscache.com/im/pictures/633d7a78-d01d-4770-957e-0bdeb5f1bcac.jpg?aki_policy=large"", ""https://a0.muscache.com/im/pictures/f6e19dd0-bc0a-4082-bf1f-5aa79a184e72.jpg?aki_policy=large"", ""https://a0.muscache.com/im/pictures/81480498-88a4-4f58-9432-78d855e4bed3.jpg?aki_policy=large"", ""https://a0.muscache.com/im/pictures/0adae9b3-c88c-4a09-860a-50e2bcd9f5e9.jpg?aki_policy=large"", ""https://a0.muscache.com/im/pictures/ad36ae71-7b88-4e15-b466-6dc8b2b0e337.jpg?aki_policy=large"", ""https://a0.muscache.com/im/pictures/37d32397-98f2-4816-b6a2-c7b6ad434a61.jpg?aki_policy=large""]";"{""beds"": 2, ""bedrooms"": 2, ""bathrooms"": 1.0, ""amenity_ids"": [33, 4, 8, 40, 41, 11, 28, 44, 30, 47], ""is_rebookable"": false, ""is_new_listing"": false, ""is_fully_refundable"": true, ""is_host_highly_rated"": false, ""is_business_travel_ready"": false}";"{""weekly_factor"": 0.85, ""monthly_factor"": 0.7}";4162;"";"{""is_superhost"": false}"
28636482;ID 309 -Saint Germain - Beaux Arts;entire_home;Paris;Saint Germain des Prés - Odéon;48.8575822282;2.3354933885;8;"[""https://a0.muscache.com/im/pictures/122bf8b5-6942-49ff-a1c2-0a271e6bd8cd.jpg?aki_policy=large"", ""https://a0.muscache.com/im/pictures/2dd96bd0-73aa-43bd-91fd-9daf022ee5d6.jpg?aki_policy=large"", ""https://a0.muscache.com/im/pictures/b0c432bb-86dd-4ca0-9989-936244365c39.jpg?aki_policy=large"", ""https://a0.muscache.com/im/pictures/ca8224ad-22c2-42eb-aa39-21b1f94eeb5d.jpg?aki_policy=large"", ""https://a0.muscache.com/im/pictures/acdaa4bf-05d6-4ee4-bd5d-59b9969a85b8.jpg?aki_policy=large"", ""https://a0.muscache.com/im/pictures/2c24e50e-f686-4af4-9941-d0bebcb098fa.jpg?aki_policy=large"", ""https://a0.muscache.com/im/pictures/7a578d9d-8e18-4586-9469-78cda04edc44.jpg?aki_policy=large"", ""https://a0.muscache.com/im/pictures/fd514cab-778b-4529-9894-2536e8944287.jpg?aki_policy=large"", ""https://a0.muscache.com/im/pictures/34a6cbda-5bc1-4d98-8237-176fc992cd1d.jpg?aki_policy=large"", ""https://a0.muscache.com/im/pictures/61d81d4e-6f5f-4d0c-a6e1-d278ee16946d.jpg?aki_policy=large"", ""https://a0.muscache.com/im/pictures/c939627b-3ad1-4be3-a727-971c11089181.jpg?aki_policy=large"", ""https://a0.muscache.com/im/pictures/003ffb1a-d70f-40a7-b625-15e308cfdfa2.jpg?aki_policy=large"", ""https://a0.muscache.com/im/pictures/1badfaf5-9a2d-4eea-81db-fc5b082e93d3.jpg?aki_policy=large"", ""https://a0.muscache.com/im/pictures/48bb71f0-ef3c-40d4-a9d4-8fb9ab45a85f.jpg?aki_policy=large"", ""https://a0.muscache.com/im/pictures/71ede3b9-ab73-4ddd-802b-9adcb76a45dd.jpg?aki_policy=large"", ""https://a0.muscache.com/im/pictures/6f21e3e1-7210-4492-bc4a-a999be9a2c7f.jpg?aki_policy=large"", ""https://a0.muscache.com/im/pictures/15fbb93d-5ef7-42e9-a88c-1eefd71d02a6.jpg?aki_policy=large"", ""https://a0.muscache.com/im/pictures/29a95973-d3d2-471f-84eb-dd42e8d4e19d.jpg?aki_policy=large"", ""https://a0.muscache.com/im/pictures/8a30dcfc-f753-40ce-a807-457b68eaa208.jpg?aki_policy=large"", ""https://a0.muscache.com/im/pictures/29bd2959-301a-4ede-a9b7-6986b2904d0c.jpg?aki_policy=large"", ""https://a0.muscache.com/im/pictures/13c2ac6c-6e1e-417c-a909-56ec540559a1.jpg?aki_policy=large""]";"{""beds"": 5, ""bedrooms"": 3, ""bathrooms"": 2.0, ""amenity_ids"": [1, 33, 34, 35, 4, 8, 40, 42, 44, 45, 46, 47, 21, 57, 30], ""is_rebookable"": false, ""is_new_listing"": true, ""is_fully_refundable"": true, ""is_host_highly_rated"": true, ""is_business_travel_ready"": false}";"{""weekly_factor"": 0.66, ""monthly_factor"": 0.47}";6005;"";"{""is_superhost"": false}"
20350536;Boréale, 2Ch/2Sdb, 6 personnes.;entire_home;Paris;Le Marais;48.8580953591;2.35285407783;6;"[""https://a0.muscache.com/im/pictures/bf93be15-0be2-40c4-8343-40042e7fd7dc.jpg?aki_policy=large"", ""https://a0.muscache.com/im/pictures/6af7b10a-4a8e-4bd7-af81-fb1480494b59.jpg?aki_policy=large"", ""https://a0.muscache.com/im/pictures/c5e48328-7491-4e66-9530-ae1df8689454.jpg?aki_policy=large"", ""https://a0.muscache.com/im/pictures/12a78d31-70ca-4c00-8885-c35d29c1351b.jpg?aki_policy=large"", ""https://a0.muscache.com/im/pictures/c4a79885-2375-4ce6-a379-ed91bae2e7fb.jpg?aki_policy=large"", ""https://a0.muscache.com/im/pictures/1f20b5f6-8edc-4cde-99f8-1e083dd77916.jpg?aki_policy=large"", ""https://a0.muscache.com/im/pictures/515c77ef-ec71-4551-aa4d-3a8bf8eb1187.jpg?aki_policy=large"", ""https://a0.muscache.com/im/pictures/7f6bbb2d-52c0-47d2-b1fc-e20eb89ac839.jpg?aki_policy=large"", ""https://a0.muscache.com/im/pictures/2dba065f-9e55-4c0a-9944-d3231ec0d879.jpg?aki_policy=large"", ""https://a0.muscache.com/im/pictures/2e736161-8723-4272-817d-21365ce5d638.jpg?aki_policy=large"", ""https://a0.muscache.com/im/pictures/1b9309e7-0f44-477a-b8ae-a626b0c49250.jpg?aki_policy=large"", ""https://a0.muscache.com/im/pictures/dd3eb21c-8bb4-4d83-9c9c-d24b10b11880.jpg?aki_policy=large""]";"{""beds"": 3, ""bedrooms"": 2, ""bathrooms"": 1.0, ""amenity_ids"": [96, 1, 33, 129, 2, 3, 4, 8, 104, 44, 45, 77, 46, 85, 89, 90, 91, 92, 93, 30, 94], ""is_rebookable"": false, ""is_new_listing"": false, ""is_fully_refundable"": true, ""is_host_highly_rated"": false, ""is_business_travel_ready"": false}";"{""weekly_factor"": 1.0, ""monthly_factor"": 1.0}";5480;"";"{""is_superhost"": false}"
20350550;RUE ST HONORÉ - BY LOUVRE - SPACIOUS 2BR FLAT;entire_home;Paris;Palais Royal;48.8632682327;2.33981962596;5;"[""https://a0.muscache.com/im/pictures/3750b4d5-6ba5-40cb-ae36-218c371ca242.jpg?aki_policy=large"", ""https://a0.muscache.com/im/pictures/c415c2e4-3452-49fe-904f-59b4c5e9729b.jpg?aki_policy=large"", ""https://a0.muscache.com/im/pictures/298dc295-0612-40b3-9cb3-6813eaaf3898.jpg?aki_policy=large"", ""https://a0.muscache.com/im/pictures/3a24b1b7-085e-4aa3-bc8b-f3e20db89152.jpg?aki_policy=large"", ""https://a0.muscache.com/im/pictures/f947fa3b-aea6-4259-a0f4-d397bf7f68c0.jpg?aki_policy=large"", ""https://a0.muscache.com/im/pictures/49346af4-06b1-462e-b33a-d7cc24849600.jpg?aki_policy=large"", ""https://a0.muscache.com/im/pictures/771d3542-21e0-4ebb-a3a5-a672bc560e42.jpg?aki_policy=large"", ""https://a0.muscache.com/im/pictures/99936f84-3749-47cb-b132-bb96eada2659.jpg?aki_policy=large"", ""https://a0.muscache.com/im/pictures/17a1efea-b556-4787-b490-475a011fee04.jpg?aki_policy=large"", ""https://a0.muscache.com/im/pictures/56563e60-d5a4-4e0e-8ba5-f3acac2fe1ea.jpg?aki_policy=large"", ""https://a0.muscache.com/im/pictures/ff664277-2ab4-41a3-9cbb-59703bbdbd43.jpg?aki_policy=large"", ""https://a0.muscache.com/im/pictures/2f055fd1-ca4c-4278-bea2-f0abd6ae890e.jpg?aki_policy=large"", ""https://a0.muscache.com/im/pictures/cdb60de6-d7f4-458f-9882-f526e97a33fa.jpg?aki_policy=large"", ""https://a0.muscache.com/im/pictures/8c43bfda-85d2-4d68-ba98-9fb1c1ad9bb4.jpg?aki_policy=large"", ""https://a0.muscache.com/im/pictures/40797b66-3d45-4faf-9845-a17edbc676fe.jpg?aki_policy=large"", ""https://a0.muscache.com/im/pictures/0cbafb54-2501-467d-a36e-261425f4acd6.jpg?aki_policy=large"", ""https://a0.muscache.com/im/pictures/61087212-60d7-4d63-b403-0e207275417e.jpg?aki_policy=large"", ""https://a0.muscache.com/im/pictures/061cd389-7995-43c8-8515-c1bba16309f4.jpg?aki_policy=large"", ""https://a0.muscache.com/im/pictures/cd0f830f-20ee-45c4-a585-0940e77e1f62.jpg?aki_policy=large"", ""https://a0.muscache.com/im/pictures/713b5863-1c28-4d03-9ba3-975da097a2af.jpg?aki_policy=large"", ""https://a0.muscache.com/im/pictures/744e0fd7-8745-4090-9f05-cd2b8628f1d3.jpg?aki_policy=large"", ""https://a0.muscache.com/im/pictures/1acaeafc-7236-4904-b21b-8e02aedc14b3.jpg?aki_policy=large""]";"{""beds"": 3, ""bedrooms"": 2, ""bathrooms"": 1.0, ""amenity_ids"": [1, 129, 2, 3, 4, 8, 77, 21, 85, 89, 90, 91, 92, 93, 30, 94, 95, 96, 33, 35, 36, 40, 41, 44, 45, 46, 47], ""is_rebookable"": false, ""is_new_listing"": false, ""is_fully_refundable"": true, ""is_host_highly_rated"": true, ""is_business_travel_ready"": false}";"{""weekly_factor"": 0.97, ""monthly_factor"": 0.9}";6111;"";"{""is_superhost"": false}"
20436805;Cosy appartement center Paris;entire_home;Paris;Louvre - Tuileries;48.8642072297;2.33098242797;2;"[""https://a0.muscache.com/im/pictures/791406a1-493a-4931-b459-64c4cfb8467b.jpg?aki_policy=large"", ""https://a0.muscache.com/im/pictures/da86a6ac-7806-42c6-88dd-ed8674fdad3a.jpg?aki_policy=large"", ""https://a0.muscache.com/im/pictures/fc28b3a6-bd8a-45bc-bd35-1f2e26f920e0.jpg?aki_policy=large"", ""https://a0.muscache.com/im/pictures/38d12ffd-05ca-4f79-84f8-bcbc7442186a.jpg?aki_policy=large"", ""https://a0.muscache.com/im/pictures/3defea1e-4f7b-4c45-b76b-0a1c7d0192bc.jpg?aki_policy=large""]";"{""beds"": 1, ""bedrooms"": 1, ""bathrooms"": 1.0, ""amenity_ids"": [96, 1, 33, 2, 34, 4, 8, 40, 10, 44, 89, 90, 91, 92, 93, 94, 31, 95], ""is_rebookable"": false, ""is_new_listing"": false, ""is_fully_refundable"": true, ""is_host_highly_rated"": true, ""is_business_travel_ready"": false}";"{""weekly_factor"": 0.95, ""monthly_factor"": 1.0}";4891;"";"{""is_superhost"": false}"
20460034;SPLENDIDE APPT 30m2 - PLACE DU MARCHÉ SAINT HONORÉ;entire_home;Paris;Madeleine - Vendôme;48.8680633913;2.33227700052;4;"[""https://a0.muscache.com/im/pictures/a333eb17-baa0-4de1-9a74-31b27808af92.jpg?aki_policy=large"", ""https://a0.muscache.com/im/pictures/7d0815f2-f19e-4a7b-b583-bbcee681867f.jpg?aki_policy=large"", ""https://a0.muscache.com/im/pictures/c8609a9a-4c05-4357-85e1-ea5070a93bbb.jpg?aki_policy=large"", ""https://a0.muscache.com/im/pictures/4e6daf6a-668a-4483-a3ba-6dc1b09dc491.jpg?aki_policy=large"", ""https://a0.muscache.com/im/pictures/66375674-c41a-476a-8fd5-e97b682224e5.jpg?aki_policy=large"", ""https://a0.muscache.com/im/pictures/49a4dcd0-3e1f-4758-afe2-24e4f2abdf86.jpg?aki_policy=large"", ""https://a0.muscache.com/im/pictures/f500d32a-82e3-427c-a647-8809eac51090.jpg?aki_policy=large"", ""https://a0.muscache.com/im/pictures/736abf7c-8413-4e67-8ed8-708b692f101c.jpg?aki_policy=large"", ""https://a0.muscache.com/im/pictures/b3cdbefc-1076-4f7d-b664-c52a92b75e1f.jpg?aki_policy=large"", ""https://a0.muscache.com/im/pictures/c9265eb5-6425-47cd-b869-ff63336ef36c.jpg?aki_policy=large"", ""https://a0.muscache.com/im/pictures/09b1ea61-1c04-426a-9744-bc5f39c76c60.jpg?aki_policy=large"", ""https://a0.muscache.com/im/pictures/8e0085b5-fabf-41a8-a746-9cf6f8bf3e2e.jpg?aki_policy=large"", ""https://a0.muscache.com/im/pictures/e7943af9-7d8d-48f8-936c-133ddefbb213.jpg?aki_policy=large"", ""https://a0.muscache.com/im/pictures/a283edf1-40b3-4659-b5c4-4712ff550c15.jpg?aki_policy=large"", ""https://a0.muscache.com/im/pictures/a42bd81b-5e93-4346-a2c1-9fe818366e44.jpg?aki_policy=large"", ""https://a0.muscache.com/im/pictures/eeac602c-2123-4695-8e40-2a48eed1f2a5.jpg?aki_policy=large"", ""https://a0.muscache.com/im/pictures/0309ec7c-e87a-48db-b739-c8528e13e874.jpg?aki_policy=large"", ""https://a0.muscache.com/im/pictures/9aacd4f3-c556-4fe8-85e6-761490afc3ef.jpg?aki_policy=large"", ""https://a0.muscache.com/im/pictures/d3a94168-7bb2-4b2d-afd9-902fe38b80dd.jpg?aki_policy=large"", ""https://a0.muscache.com/im/pictures/1280e68c-ead3-466b-a186-2804ec05c5a3.jpg?aki_policy=large"", ""https://a0.muscache.com/im/pictures/68c991ed-ad2a-4519-8fdd-796076e49b06.jpg?aki_policy=large"", ""https://a0.muscache.com/im/pictures/914b26f8-7954-432b-adff-9d1d5a2eb74d.jpg?aki_policy=large""]";"{""beds"": 2, ""bedrooms"": 1, ""bathrooms"": 1.0, ""amenity_ids"": [1, 33, 2, 66, 3, 35, 4, 8, 40, 41, 44, 45, 47, 21, 31], ""is_rebookable"": false, ""is_new_listing"": false, ""is_fully_refundable"": true, ""is_host_highly_rated"": false, ""is_business_travel_ready"": false}";"{""weekly_factor"": 1.0, ""monthly_factor"": 0.9}";396;"";"{""is_superhost"": false}"
20745368;Logement neuf centre de Paris;entire_home;Paris;République;48.8704626249;2.37184257601;6;"[""https://a0.muscache.com/im/pictures/412d33a8-fd38-4b24-8be8-1f5c8868df0a.jpg?aki_policy=large"", ""https://a0.muscache.com/im/pictures/8bea517f-1491-4ffa-9186-5a0bf6209362.jpg?aki_policy=large"", ""https://a0.muscache.com/im/pictures/4b952c2e-7200-4f55-b722-5fbf343430cb.jpg?aki_policy=large"", ""https://a0.muscache.com/im/pictures/9aff967c-35a3-4b2e-a078-ce4bd1d2c74f.jpg?aki_policy=large"", ""https://a0.muscache.com/im/pictures/cdab8ee9-0f15-4da5-aae4-b94d2bac2ac3.jpg?aki_policy=large"", ""https://a0.muscache.com/im/pictures/a607b576-34d8-4a8e-b51d-dd9c2c510dd4.jpg?aki_policy=large""]";"{""beds"": 2, ""bedrooms"": 2, ""bathrooms"": 1.0, ""amenity_ids"": [96, 1, 33, 34, 4, 8, 40, 44, 45, 46, 21, 89, 90, 91, 92, 93, 30, 94, 31, 95], ""is_rebookable"": false, ""is_new_listing"": false, ""is_fully_refundable"": true, ""is_host_highly_rated"": true, ""is_business_travel_ready"": false}";"{""weekly_factor"": 0.9, ""monthly_factor"": 0.85}";3945;"";"{""is_superhost"": false}"
20550254;L'Ecoliere, 1Ch/1Sdb, 3 personnes.;entire_home;Paris;Le Marais;48.8608105462;2.36224865885;3;"[""https://a0.muscache.com/im/pictures/435f0e09-f429-4fdc-b75c-3eafc1e56f67.jpg?aki_policy=large"", ""https://a0.muscache.com/im/pictures/4b95dbba-3613-494d-82c7-6afb97afe2fc.jpg?aki_policy=large"", ""https://a0.muscache.com/im/pictures/fe8f10ec-fe3d-43a0-bbfb-830766591737.jpg?aki_policy=large"", ""https://a0.muscache.com/im/pictures/56b9f701-8eb5-4a66-92ca-919fcd4d6e95.jpg?aki_policy=large"", ""https://a0.muscache.com/im/pictures/4e0349c8-0198-4425-942e-4029b06d78e5.jpg?aki_policy=large"", ""https://a0.muscache.com/im/pictures/0ee5e3f8-d631-4401-87d4-84d73b92dba7.jpg?aki_policy=large"", ""https://a0.muscache.com/im/pictures/959d22d6-528c-49d8-bc60-9e31e3671f1c.jpg?aki_policy=large"", ""https://a0.muscache.com/im/pictures/3a2dec75-4eae-41ae-825c-127dc3499619.jpg?aki_policy=large"", ""https://a0.muscache.com/im/pictures/71f833cd-8ae9-429d-8ff5-7da6b7474b56.jpg?aki_policy=large"", ""https://a0.muscache.com/im/pictures/3e127fd0-5d82-4e38-ac55-27fc97f8066c.jpg?aki_policy=large"", ""https://a0.muscache.com/im/pictures/50f5d998-7d85-4233-bcb9-f6504c5c9ffa.jpg?aki_policy=large""]";"{""beds"": 2, ""bedrooms"": 1, ""bathrooms"": 1.0, ""amenity_ids"": [96, 1, 33, 129, 2, 34, 3, 4, 8, 104, 137, 44, 45, 77, 46, 47, 85, 89, 90, 91, 92, 93, 30, 94], ""is_rebookable"": false, ""is_new_listing"": false, ""is_fully_refundable"": true, ""is_host_highly_rated"": false, ""is_business_travel_ready"": false}";"{""weekly_factor"": 1.0, ""monthly_factor"": 1.0}";5480;"";"{""is_superhost"": false}"
20590153;Au Petit Marais;entire_home;Paris;Châtelet - Les Halles - Beaubourg;48.8640741237;2.35291715654;2;"[""https://a0.muscache.com/im/pictures/2059c40c-bf68-49f6-997a-f1e2010ed3a7.jpg?aki_policy=large"", ""https://a0.muscache.com/im/pictures/2c6582a2-4a8a-4e8e-b632-9d1af317b36c.jpg?aki_policy=large"", ""https://a0.muscache.com/im/pictures/c811ac4f-be52-499a-8d7e-2a8790f6150b.jpg?aki_policy=large"", ""https://a0.muscache.com/im/pictures/de1f61de-5698-40af-8bec-74d481cb13dd.jpg?aki_policy=large"", ""https://a0.muscache.com/im/pictures/5a7b79e8-8a45-4a48-9344-3fc25045c57a.jpg?aki_policy=large"", ""https://a0.muscache.com/im/pictures/13c06924-3e54-4b62-aba1-d2195b7b62f3.jpg?aki_policy=large"", ""https://a0.muscache.com/im/pictures/12fa26e2-4f02-4ba1-9862-9d2deae28932.jpg?aki_policy=large"", ""https://a0.muscache.com/im/pictures/7c44ea0f-cd59-4106-b08a-5a929561d214.jpg?aki_policy=large"", ""https://a0.muscache.com/im/pictures/617ffcb9-f6e0-4729-afa0-7d544641862b.jpg?aki_policy=large"", ""https://a0.muscache.com/im/pictures/e6f8603b-7099-40a4-8e82-002d1c67a8fb.jpg?aki_policy=large"", ""https://a0.muscache.com/im/pictures/392779b3-5776-4eae-a5e5-60caacf592e3.jpg?aki_policy=large"", ""https://a0.muscache.com/im/pictures/b80699e6-330f-4978-9ece-cee88bfe1698.jpg?aki_policy=large"", ""https://a0.muscache.com/im/pictures/d75ee7b6-94a8-4cf0-9445-e910299409fa.jpg?aki_policy=large"", ""https://a0.muscache.com/im/pictures/46e380c8-5e29-42fc-af4d-897c3f8b3215.jpg?aki_policy=large"", ""https://a0.muscache.com/im/pictures/e6065faa-a853-4a28-ab8e-044a46a94f99.jpg?aki_policy=large"", ""https://a0.muscache.com/im/pictures/4b61660d-3822-4449-a033-97fb72bed50e.jpg?aki_policy=large"", ""https://a0.muscache.com/im/pictures/9035578d-2565-475a-9e3c-2955eb0868bc.jpg?aki_policy=large"", ""https://a0.muscache.com/im/pictures/5402374a-d80b-4fd7-99c8-f83b969669d8.jpg?aki_policy=large"", ""https://a0.muscache.com/im/pictures/2aa44ac0-1cb9-4a9b-8d06-f6673b60c1d1.jpg?aki_policy=large"", ""https://a0.muscache.com/im/pictures/415ff002-9dfc-4b62-b598-da472e4919d5.jpg?aki_policy=large"", ""https://a0.muscache.com/im/pictures/70f0a173-e8b9-4f79-beeb-11a03ab69c15.jpg?aki_policy=large"", ""https://a0.muscache.com/im/pictures/3298e0bd-6694-4a26-b22f-bfed11874b3f.jpg?aki_policy=large"", ""https://a0.muscache.com/im/pictures/c9f0a0c6-4349-4677-ab3b-25da6f1e0ab4.jpg?aki_policy=large"", ""https://a0.muscache.com/im/pictures/4520a576-3e99-4002-8d78-a5f239b4bcda.jpg?aki_policy=large"", ""https://a0.muscache.com/im/pictures/442473ba-a99a-4472-9c6c-c2db238d6446.jpg?aki_policy=large"", ""https://a0.muscache.com/im/pictures/7a98477d-290e-45c5-be2a-795f76b2da18.jpg?aki_policy=large"", ""https://a0.muscache.com/im/pictures/a4a2a55a-9ae7-4ca9-bf43-9f61852ce294.jpg?aki_policy=large"", ""https://a0.muscache.com/im/pictures/656e3dfb-76b9-4349-ae05-4b13cc0387f1.jpg?aki_policy=large""]";"{""beds"": 1, ""bedrooms"": 1, ""bathrooms"": 1.0, ""amenity_ids"": [1, 2, 4, 8, 16, 89, 90, 91, 28, 93, 30, 94, 31, 95, 96, 33, 35, 38, 40, 41, 44, 46, 47, 51, 55], ""is_rebookable"": false, ""is_new_listing"": false, ""is_fully_refundable"": true, ""is_host_highly_rated"": false, ""is_business_travel_ready"": false}";"{""weekly_factor"": 0.95, ""monthly_factor"": 0.85}";4860;"";"{""is_superhost"": false}"
20598162;Immense appartement de charme  9ème 180 M2 -8 LITS;entire_home;Paris;Pigalle - Saint-Georges;48.878818407;2.34087667936;8;"[""https://a0.muscache.com/im/pictures/c2fd4b60-3a9c-4083-9da7-731085924235.jpg?aki_policy=large"", ""https://a0.muscache.com/im/pictures/f6540ef7-4bc3-4dab-8fe8-135ed5cea423.jpg?aki_policy=large"", ""https://a0.muscache.com/im/pictures/c8e55a58-16d5-460d-be7f-156821939d4e.jpg?aki_policy=large"", ""https://a0.muscache.com/im/pictures/e24877d1-be37-4313-9780-68c87d2438f6.jpg?aki_policy=large"", ""https://a0.muscache.com/im/pictures/d84af48e-eaef-4048-b36d-10f594da219b.jpg?aki_policy=large"", ""https://a0.muscache.com/im/pictures/bbc262d7-9780-4400-94e6-b0dfd45d9c74.jpg?aki_policy=large"", ""https://a0.muscache.com/im/pictures/85e6d3a2-c568-4b26-a85a-ba3b314e249a.jpg?aki_policy=large"", ""https://a0.muscache.com/im/pictures/71015e6b-eb0b-45cf-8b3e-e6576153dfeb.jpg?aki_policy=large"", ""https://a0.muscache.com/im/pictures/b979a2bd-8727-49b9-8829-ec0d5758fe84.jpg?aki_policy=large"", ""https://a0.muscache.com/im/pictures/38acb343-607c-45b3-bec2-134791c818bc.jpg?aki_policy=large"", ""https://a0.muscache.com/im/pictures/55f7e84f-dbff-44a3-a6c7-30ddefb21ce7.jpg?aki_policy=large"", ""https://a0.muscache.com/im/pictures/72aa1819-b14d-48d2-b050-5a5a9ecd6089.jpg?aki_policy=large"", ""https://a0.muscache.com/im/pictures/ec5e1e1b-1455-47c7-8e1f-b74517120f25.jpg?aki_policy=large"", ""https://a0.muscache.com/im/pictures/528fe0c6-c2fd-4bec-bfda-5f7234d2ca8c.jpg?aki_policy=large"", ""https://a0.muscache.com/im/pictures/55a6384f-5a4d-4630-baae-d0b5a836f115.jpg?aki_policy=large"", ""https://a0.muscache.com/im/pictures/2c9b686d-4ba8-4870-aec0-6e6b34bb5763.jpg?aki_policy=large"", ""https://a0.muscache.com/im/pictures/d246228b-c97d-421c-9d3a-e663f7ae09c5.jpg?aki_policy=large"", ""https://a0.muscache.com/im/pictures/191fa3b3-5bca-417a-9d09-b6a481185efe.jpg?aki_policy=large"", ""https://a0.muscache.com/im/pictures/84d45377-f693-441b-b369-9eb534065b32.jpg?aki_policy=large"", ""https://a0.muscache.com/im/pictures/8d898538-e15c-4f72-b2ab-bde8c547f5d0.jpg?aki_policy=large"", ""https://a0.muscache.com/im/pictures/3d54dbc8-1c10-4350-a2a8-bc5a539b1345.jpg?aki_policy=large"", ""https://a0.muscache.com/im/pictures/36697377-dc9e-4496-b6ea-06997b55e294.jpg?aki_policy=large"", ""https://a0.muscache.com/im/pictures/edef2358-e891-4a85-af2d-d95b16c2d8c2.jpg?aki_policy=large"", ""https://a0.muscache.com/im/pictures/f2285117-8141-4ca5-a2e2-cdc7039bd9fa.jpg?aki_policy=large"", ""https://a0.muscache.com/im/pictures/87ab52cd-4be7-4cbd-bbed-008eb9c67928.jpg?aki_policy=large"", ""https://a0.muscache.com/im/pictures/6e75b3ff-507f-4f0e-b561-08c0e66fe918.jpg?aki_policy=large"", ""https://a0.muscache.com/im/pictures/b294b749-7c4b-4d70-a55a-89937511758f.jpg?aki_policy=large""]";"{""beds"": 6, ""bedrooms"": 5, ""bathrooms"": 4.0, ""amenity_ids"": [64, 1, 33, 129, 34, 66, 35, 4, 39, 71, 8, 40, 72, 41, 11, 44, 45, 77, 16, 27, 30, 31], ""is_rebookable"": false, ""is_new_listing"": false, ""is_fully_refundable"": true, ""is_host_highly_rated"": false, ""is_business_travel_ready"": false}";"{""weekly_factor"": 0.9, ""monthly_factor"": 1.0}";3564;"";"{""is_superhost"": false}"
20605635;50 m2 Neuf & Cosy - 100 m Champs-Elysées;entire_home;Paris;Champs-Elysées;48.8697446297;2.30449509784;4;"[""https://a0.muscache.com/im/pictures/99053bfd-34a7-4366-b00c-114bc97d67af.jpg?aki_policy=large"", ""https://a0.muscache.com/im/pictures/59c023fa-e700-4878-bf0e-032251a73299.jpg?aki_policy=large"", ""https://a0.muscache.com/im/pictures/804dc68c-196d-44b2-b6f3-be03f97335e8.jpg?aki_policy=large"", ""https://a0.muscache.com/im/pictures/d566759b-bed3-464c-8ce6-f4b1ebc8c3f3.jpg?aki_policy=large"", ""https://a0.muscache.com/im/pictures/0f169f54-68ab-471d-b8aa-ec73c24209b9.jpg?aki_policy=large"", ""https://a0.muscache.com/im/pictures/cfaacf1b-d46e-4c2e-911f-aac2ae226880.jpg?aki_policy=large"", ""https://a0.muscache.com/im/pictures/48d15c65-f187-4fcb-9605-c6ed2f70a0f9.jpg?aki_policy=large"", ""https://a0.muscache.com/im/pictures/df196a76-9eae-4693-a1cd-87c0612622b1.jpg?aki_policy=large"", ""https://a0.muscache.com/im/pictures/b3b66c39-1302-423e-88b8-3f25058bd9c3.jpg?aki_policy=large"", ""https://a0.muscache.com/im/pictures/c1fc9faa-53bb-4b54-ab04-6a987253e4dc.jpg?aki_policy=large"", ""https://a0.muscache.com/im/pictures/40180235-dd8f-41f6-841a-a39a45f6fe46.jpg?aki_policy=large"", ""https://a0.muscache.com/im/pictures/b899c0a3-bf55-4c2c-a22b-dfd5cd808ab5.jpg?aki_policy=large"", ""https://a0.muscache.com/im/pictures/ed853f63-c504-49da-ae50-4595d4c98ef1.jpg?aki_policy=large"", ""https://a0.muscache.com/im/pictures/660c3c66-c29b-40d5-8505-ed380e1cd119.jpg?aki_policy=large"", ""https://a0.muscache.com/im/pictures/46de82e5-3335-4e62-b89e-012301700214.jpg?aki_policy=large"", ""https://a0.muscache.com/im/pictures/288914d4-5cfc-4e3f-9ec9-308db0a013ee.jpg?aki_policy=large"", ""https://a0.muscache.com/im/pictures/a6b75078-f9ac-46b3-9acb-81326ddea407.jpg?aki_policy=large"", ""https://a0.muscache.com/im/pictures/20e2b167-eb95-4f76-854a-6e38b0fad53e.jpg?aki_policy=large"", ""https://a0.muscache.com/im/pictures/dc30348d-6d30-40e9-b857-be4a4dc7e612.jpg?aki_policy=large"", ""https://a0.muscache.com/im/pictures/af9be3a9-8a5a-4424-aa13-539ea86f93f7.jpg?aki_policy=large"", ""https://a0.muscache.com/im/pictures/309f7f14-f30c-48f9-898d-e8c972e40c8f.jpg?aki_policy=large"", ""https://a0.muscache.com/im/pictures/04aad3f5-5445-45c9-b411-6c274ab1f169.jpg?aki_policy=large"", ""https://a0.muscache.com/im/pictures/3c2540c8-41bb-4e7e-a9f7-e68746d1dc9a.jpg?aki_policy=large"", ""https://a0.muscache.com/im/pictures/89aa9bf7-d87d-46c5-9384-df99be162fac.jpg?aki_policy=large"", ""https://a0.muscache.com/im/pictures/4b441b59-cb86-455e-ba6b-52d5044b3702.jpg?aki_policy=large"", ""https://a0.muscache.com/im/pictures/cc738a39-a4b8-45c1-aa49-e076f7740088.jpg?aki_policy=large"", ""https://a0.muscache.com/im/pictures/023b01ff-3750-483b-af64-f9b8140ee5f0.jpg?aki_policy=large"", ""https://a0.muscache.com/im/pictures/53b0fa20-5dda-416d-b84f-9f6beb4d662e.jpg?aki_policy=large"", ""https://a0.muscache.com/im/pictures/d3f5a70e-0b27-4d12-958c-a1b7028ea3bc.jpg?aki_policy=large"", ""https://a0.muscache.com/im/pictures/fd9cc951-fc74-43d9-a1d7-0844e31b35f1.jpg?aki_policy=large""]";"{""beds"": 2, ""bedrooms"": 1, ""bathrooms"": 1.0, ""amenity_ids"": [1, 33, 35, 4, 38, 8, 40, 41, 44, 45, 77, 46, 47, 21, 85, 30], ""is_rebookable"": false, ""is_new_listing"": false, ""is_fully_refundable"": true, ""is_host_highly_rated"": true, ""is_business_travel_ready"": false}";"{""weekly_factor"": 0.9, ""monthly_factor"": 0.8}";3517;"";"{""is_superhost"": true}"
20705631;Panorama, 2Ch/1Sdb, 5 personnes.;entire_home;Paris;3e arrondissement;48.8642364449;2.36060898592;5;"[""https://a0.muscache.com/im/pictures/c85f945e-c42c-4368-8402-067aa28d191d.jpg?aki_policy=large"", ""https://a0.muscache.com/im/pictures/4ee234ab-b36c-4112-a251-cb48faf259dc.jpg?aki_policy=large"", ""https://a0.muscache.com/im/pictures/929cd105-3e5a-4b34-8d44-52d9fee414e0.jpg?aki_policy=large"", ""https://a0.muscache.com/im/pictures/1683b26e-83d0-4613-a2f4-48f02eb56c8a.jpg?aki_policy=large"", ""https://a0.muscache.com/im/pictures/33fcefa4-059e-4f1c-af8e-9e2489045824.jpg?aki_policy=large"", ""https://a0.muscache.com/im/pictures/068c38e3-2fe2-4b42-8509-f532ca30ab23.jpg?aki_policy=large"", ""https://a0.muscache.com/im/pictures/ed65b37e-b321-40e5-a3e1-7eae12addc0b.jpg?aki_policy=large"", ""https://a0.muscache.com/im/pictures/b223616b-53fe-42c9-bd59-b974e58c996f.jpg?aki_policy=large"", ""https://a0.muscache.com/im/pictures/8f3df51f-95c6-40ec-9efc-378fd743d9a8.jpg?aki_policy=large"", ""https://a0.muscache.com/im/pictures/3219f369-bbd3-4375-9ac8-3d68c71ad679.jpg?aki_policy=large"", ""https://a0.muscache.com/im/pictures/d56e5391-9b98-40ce-9e28-382ee08f9c48.jpg?aki_policy=large"", ""https://a0.muscache.com/im/pictures/6c4f4d1c-f68a-4aa2-bb55-2970526917dc.jpg?aki_policy=large"", ""https://a0.muscache.com/im/pictures/17c8db2f-390c-4f2d-95f0-5f399a88cca9.jpg?aki_policy=large""]";"{""beds"": 3, ""bedrooms"": 2, ""bathrooms"": 1.0, ""amenity_ids"": [96, 1, 33, 129, 2, 34, 3, 4, 8, 104, 44, 45, 77, 46, 47, 85, 89, 90, 91, 92, 93, 30, 94, 95], ""is_rebookable"": false, ""is_new_listing"": false, ""is_fully_refundable"": true, ""is_host_highly_rated"": false, ""is_business_travel_ready"": false}";"{""weekly_factor"": 1.0, ""monthly_factor"": 1.0}";5480;"";"{""is_superhost"": false}"
20721912;Sublime Duplex 145m² at Saint Germain des Prés;entire_home;Paris;Saint Germain des Prés - Odéon;48.8492455421;2.32707718239;6;"[""https://a0.muscache.com/im/pictures/23b65fa3-8a7d-400e-8a8d-b4cd6ba8f21c.jpg?aki_policy=large"", ""https://a0.muscache.com/im/pictures/5d26f9f2-d97e-4e57-a3f3-94d698334879.jpg?aki_policy=large"", ""https://a0.muscache.com/im/pictures/f3f20fbb-9ad9-4234-82a5-c9935cdca75d.jpg?aki_policy=large"", ""https://a0.muscache.com/im/pictures/f4a3068c-2e19-4246-8dd0-42ec3fb24bdb.jpg?aki_policy=large"", ""https://a0.muscache.com/im/pictures/0ad8cbc1-ed99-4b42-844f-3e89064c8559.jpg?aki_policy=large"", ""https://a0.muscache.com/im/pictures/c72806bb-08de-47f9-abb8-5fddae3a1880.jpg?aki_policy=large"", ""https://a0.muscache.com/im/pictures/f254eea4-9818-4b4e-b223-aacd0ef95410.jpg?aki_policy=large"", ""https://a0.muscache.com/im/pictures/f830591f-3ddc-4bb4-83a0-65e1cd72a394.jpg?aki_policy=large"", ""https://a0.muscache.com/im/pictures/7097214e-ac97-468d-9e8f-ebdb3822b90c.jpg?aki_policy=large"", ""https://a0.muscache.com/im/pictures/68220d32-44ff-4814-b0bb-bf3bfea60a31.jpg?aki_policy=large"", ""https://a0.muscache.com/im/pictures/953fe86b-d6c9-42a9-88fe-35bdde6dd811.jpg?aki_policy=large"", ""https://a0.muscache.com/im/pictures/e9f9d563-02fc-429d-8575-e0b66dc9ba41.jpg?aki_policy=large"", ""https://a0.muscache.com/im/pictures/32b63a05-fb8b-4201-abb6-b478dd3bb2e6.jpg?aki_policy=large"", ""https://a0.muscache.com/im/pictures/bf0fbd2b-9818-4550-9d73-dc93af491dc7.jpg?aki_policy=large"", ""https://a0.muscache.com/im/pictures/f5e82e6e-6d3d-4182-a384-ba3b11c024d0.jpg?aki_policy=large"", ""https://a0.muscache.com/im/pictures/4aedb28c-09cb-4823-94ef-4ff93113571e.jpg?aki_policy=large"", ""https://a0.muscache.com/im/pictures/a8c236b5-beb0-4b0b-88bd-516241850a38.jpg?aki_policy=large"", ""https://a0.muscache.com/im/pictures/3b82cb33-8268-4cc9-a906-6b9e914ed2e9.jpg?aki_policy=large"", ""https://a0.muscache.com/im/pictures/027599af-1d61-4c72-adb7-96e14ea05481.jpg?aki_policy=large"", ""https://a0.muscache.com/im/pictures/daf6bf62-87df-4dfa-835b-3c8162286f3e.jpg?aki_policy=large"", ""https://a0.muscache.com/im/pictures/efb65123-c6fe-46cb-88a1-5c7fb6617bc3.jpg?aki_policy=large"", ""https://a0.muscache.com/im/pictures/3e351df1-4236-475f-9cfd-042ee562604f.jpg?aki_policy=large"", ""https://a0.muscache.com/im/pictures/82e03ad8-19c8-4547-9b7d-062a1d33fb8a.jpg?aki_policy=large"", ""https://a0.muscache.com/im/pictures/ad19fcdd-9c0c-40b3-bf38-db2b8c3e89a9.jpg?aki_policy=large"", ""https://a0.muscache.com/im/pictures/3baae1ee-0178-4b85-872f-18b0bfde8f4b.jpg?aki_policy=large"", ""https://a0.muscache.com/im/pictures/15f9628d-f0c5-42e0-a59b-840800d99a24.jpg?aki_policy=large"", ""https://a0.muscache.com/im/pictures/c22f4d89-b052-4c3f-a391-a61917accfd5.jpg?aki_policy=large"", ""https://a0.muscache.com/im/pictures/32862feb-5e1c-4d1b-a29a-d0777a4a72ff.jpg?aki_policy=large"", ""https://a0.muscache.com/im/pictures/4b48ff0f-e08f-4824-9bc5-a36b2f558088.jpg?aki_policy=large"", ""https://a0.muscache.com/im/pictures/e7e3d746-c0b5-404a-b98e-079378477bd2.jpg?aki_policy=large""]";"{""beds"": 3, ""bedrooms"": 3, ""bathrooms"": 4.0, ""amenity_ids"": [1, 33, 34, 35, 4, 36, 5, 8, 40, 72, 41, 10, 44, 45, 77, 46, 47, 51, 52, 21, 30, 31], ""is_rebookable"": false, ""is_new_listing"": false, ""is_fully_refundable"": true, ""is_host_highly_rated"": true, ""is_business_travel_ready"": false}";"{""weekly_factor"": 0.85, ""monthly_factor"": 0.8}";262;"";"{""is_superhost"": false}"
20741073;Nieve, 1Ch/1Sdb, 3 personnes;entire_home;Paris;"";48.8639560728;2.36336946783;3;"[""https://a0.muscache.com/im/pictures/ad384ae1-9487-417f-8c03-e58ccab27550.jpg?aki_policy=large"", ""https://a0.muscache.com/im/pictures/30c6f744-393e-4214-b7d0-dde355d10ee4.jpg?aki_policy=large"", ""https://a0.muscache.com/im/pictures/ddb34c17-1ad5-4bd0-8937-19e3c45a1f0c.jpg?aki_policy=large"", ""https://a0.muscache.com/im/pictures/e9e36084-aa41-4031-8f7a-ec2535a59ce7.jpg?aki_policy=large"", ""https://a0.muscache.com/im/pictures/738787b5-d024-4149-99ab-5e3eee98d67a.jpg?aki_policy=large"", ""https://a0.muscache.com/im/pictures/a860e124-5df6-48d9-b491-f899056a7a28.jpg?aki_policy=large"", ""https://a0.muscache.com/im/pictures/5e40f364-a569-4024-a25e-590c0dc16955.jpg?aki_policy=large""]";"{""beds"": 2, ""bedrooms"": 1, ""bathrooms"": 1.0, ""amenity_ids"": [1, 33, 35, 4, 8, 44, 45, 30, 46, 31, 47], ""is_rebookable"": false, ""is_new_listing"": false, ""is_fully_refundable"": true, ""is_host_highly_rated"": true, ""is_business_travel_ready"": false}";"{""weekly_factor"": 0.86, ""monthly_factor"": 0.7}";5235;"";"{""is_superhost"": false}"
20796276;New studio in great location.;entire_home;Paris;"";48.8670494292;2.38634088811;2;"[""https://a0.muscache.com/im/pictures/1f64bbdc-1b8d-4a55-9c91-2fa1ba76b61b.jpg?aki_policy=large"", ""https://a0.muscache.com/im/pictures/ea6731b6-5087-40bc-9df7-597065e83dbd.jpg?aki_policy=large"", ""https://a0.muscache.com/im/pictures/f48c5bae-0614-49d0-bbf0-9938ae0bcc54.jpg?aki_policy=large"", ""https://a0.muscache.com/im/pictures/9f611626-979e-40d1-9237-79c11399d220.jpg?aki_policy=large"", ""https://a0.muscache.com/im/pictures/f2423a9a-98fc-48bd-a123-9a14a8761c96.jpg?aki_policy=large"", ""https://a0.muscache.com/im/pictures/da1cc8f0-efd2-4abb-9765-a86a3400eef4.jpg?aki_policy=large"", ""https://a0.muscache.com/im/pictures/cfd202e0-1afb-4f4f-ac0e-b575fe740e44.jpg?aki_policy=large"", ""https://a0.muscache.com/im/pictures/2a5145c8-7fe3-49c3-b45d-76101010011a.jpg?aki_policy=large"", ""https://a0.muscache.com/im/pictures/a7390a85-09df-4f28-a7d3-563cd4fde292.jpg?aki_policy=large""]";"{""beds"": 1, ""bedrooms"": 0, ""bathrooms"": 1.0, ""amenity_ids"": [1, 129, 2, 3, 4, 5, 8, 40, 44, 45, 77, 46, 47, 85, 30], ""is_rebookable"": false, ""is_new_listing"": false, ""is_fully_refundable"": true, ""is_host_highly_rated"": true, ""is_business_travel_ready"": false}";"{""weekly_factor"": 1.0, ""monthly_factor"": 0.7}";4980;"";"{""is_superhost"": false}"
20808718;Comme à l'hôtel - Studio - Père Lachaise - Nation;entire_home;Paris;Père Lachaise - Ménilmontant;48.85726528;2.39279060862;3;"[""https://a0.muscache.com/im/pictures/49d6a5af-f541-4975-a7ab-43b9f23c25c2.jpg?aki_policy=large"", ""https://a0.muscache.com/im/pictures/7aea459d-58fc-45b8-adf0-1e94477561cf.jpg?aki_policy=large"", ""https://a0.muscache.com/im/pictures/f9171bd7-ee0e-4430-a70c-0bb895d28111.jpg?aki_policy=large"", ""https://a0.muscache.com/im/pictures/b4bf38e9-11e3-436a-b6dc-614906048039.jpg?aki_policy=large"", ""https://a0.muscache.com/im/pictures/715a6b0b-2d38-4b14-8f3f-ff3a37d3bf89.jpg?aki_policy=large"", ""https://a0.muscache.com/im/pictures/cb4977ec-0bdb-48eb-aa6c-fed1652ba80d.jpg?aki_policy=large"", ""https://a0.muscache.com/im/pictures/fcc6f371-3ef1-4bf5-9ea0-42b7f778e7b6.jpg?aki_policy=large"", ""https://a0.muscache.com/im/pictures/9a815856-b747-4cf5-a44d-b7d3005bc718.jpg?aki_policy=large"", ""https://a0.muscache.com/im/pictures/4f8a3952-9b4c-4167-93cc-9b1d6a1b8779.jpg?aki_policy=large"", ""https://a0.muscache.com/im/pictures/2c62b23f-9818-4d2c-9c49-8b3e981dad10.jpg?aki_policy=large"", ""https://a0.muscache.com/im/pictures/02b3f563-c9e6-4f0a-857b-0aaa47956b60.jpg?aki_policy=large"", ""https://a0.muscache.com/im/pictures/16aab96e-c9d2-4493-b86c-df6b2c05588a.jpg?aki_policy=large"", ""https://a0.muscache.com/im/pictures/5f7c98b0-87c5-4901-a844-7404b34ff89a.jpg?aki_policy=large"", ""https://a0.muscache.com/im/pictures/1e8ed796-2717-488f-82e2-0032ff59408a.jpg?aki_policy=large"", ""https://a0.muscache.com/im/pictures/3239b8d7-abfb-4f2d-9133-7d289ca26686.jpg?aki_policy=large"", ""https://a0.muscache.com/im/pictures/00d60b69-9b30-4cd6-a0c5-a10f7a5ad4dc.jpg?aki_policy=large"", ""https://a0.muscache.com/im/pictures/e908ac02-b94c-427a-8930-4d5fea825b75.jpg?aki_policy=large""]";"{""beds"": 2, ""bedrooms"": 0, ""bathrooms"": 1.0, ""amenity_ids"": [1, 33, 129, 2, 34, 4, 8, 40, 41, 44, 45, 77, 46, 47, 16, 21, 85, 86, 88, 30], ""is_rebookable"": false, ""is_new_listing"": false, ""is_fully_refundable"": true, ""is_host_highly_rated"": true, ""is_business_travel_ready"": false}";"{""weekly_factor"": 1.0, ""monthly_factor"": 0.8}";8104;"";"{""is_superhost"": true}"
20827649;Superbe Appartement Design  Lumineux 1 Chambre;entire_home;Paris;République;48.8714658593;2.36886383272;2;"[""https://a0.muscache.com/im/pictures/1e12ea92-3dee-45be-8163-03346aa8ec73.jpg?aki_policy=large"", ""https://a0.muscache.com/im/pictures/50d87e48-f311-4b27-abfc-3f190a7b2409.jpg?aki_policy=large"", ""https://a0.muscache.com/im/pictures/e739acef-3464-492e-bc1a-145f72a501c8.jpg?aki_policy=large"", ""https://a0.muscache.com/im/pictures/1ded0dea-c0d2-4dbd-b55d-f0ede861be5f.jpg?aki_policy=large"", ""https://a0.muscache.com/im/pictures/301d2218-a8ac-4b91-85f2-345c70ceb155.jpg?aki_policy=large"", ""https://a0.muscache.com/im/pictures/bfb0acc7-5706-4e35-a760-c56216ca27e3.jpg?aki_policy=large"", ""https://a0.muscache.com/im/pictures/72b772ca-0b72-4ead-a9b2-1a4543dac5d6.jpg?aki_policy=large"", ""https://a0.muscache.com/im/pictures/3da7481b-dc2a-47c9-b77c-419d1dec18d2.jpg?aki_policy=large"", ""https://a0.muscache.com/im/pictures/21fa1793-b62d-4a4c-b854-e3657af60f8d.jpg?aki_policy=large"", ""https://a0.muscache.com/im/pictures/ac243da0-4e62-4075-9a4f-99d1191e54f0.jpg?aki_policy=large"", ""https://a0.muscache.com/im/pictures/9539b9c2-ace5-426d-83b9-98c9397080c1.jpg?aki_policy=large"", ""https://a0.muscache.com/im/pictures/7d9d861a-c4b5-48c1-b66d-a74efafd9a6f.jpg?aki_policy=large"", ""https://a0.muscache.com/im/pictures/846c1aa8-4868-4034-96c1-cbc812bf1f57.jpg?aki_policy=large"", ""https://a0.muscache.com/im/pictures/900b68c5-bd07-4a5a-bc61-af9db5d4b7fd.jpg?aki_policy=large"", ""https://a0.muscache.com/im/pictures/3b866985-26f4-4ecc-a6c6-568c8a7d9687.jpg?aki_policy=large"", ""https://a0.muscache.com/im/pictures/793cb87e-ae1d-4cd1-8dda-9a2504c6cd46.jpg?aki_policy=large"", ""https://a0.muscache.com/im/pictures/9760c967-f503-4511-9476-93e18e741c0a.jpg?aki_policy=large"", ""https://a0.muscache.com/im/pictures/f85d16ba-6934-41ae-8b6e-989cb2485ecb.jpg?aki_policy=large"", ""https://a0.muscache.com/im/pictures/7bba2716-e54e-4fa4-91e9-456e14c5d41e.jpg?aki_policy=large"", ""https://a0.muscache.com/im/pictures/614626ee-bd9c-475f-ae56-0b9f88b1f6d4.jpg?aki_policy=large"", ""https://a0.muscache.com/im/pictures/f153629f-c4d8-4ac9-b993-c3badc9e6354.jpg?aki_policy=large"", ""https://a0.muscache.com/im/pictures/f0b2faf3-d8b2-4f49-9d8a-ddf00fde434b.jpg?aki_policy=large"", ""https://a0.muscache.com/im/pictures/4fa214cc-b3e7-4e84-9214-b518e9cc76ad.jpg?aki_policy=large"", ""https://a0.muscache.com/im/pictures/1223572d-db54-4b16-b59d-61c934feb9e1.jpg?aki_policy=large"", ""https://a0.muscache.com/im/pictures/fca5fc1c-990a-4350-a4c1-f7505a626400.jpg?aki_policy=large""]";"{""beds"": 1, ""bedrooms"": 1, ""bathrooms"": 1.0, ""amenity_ids"": [1, 35, 4, 36, 38, 8, 41, 44, 45, 46, 47, 21, 57, 30], ""is_rebookable"": false, ""is_new_listing"": false, ""is_fully_refundable"": true, ""is_host_highly_rated"": true, ""is_business_travel_ready"": false}";"{""weekly_factor"": 1.0, ""monthly_factor"": 0.7}";596;"";"{""is_superhost"": false}"
20852933;Large Studio Le Marais-Place des Vosges.;entire_home;Paris;4e arrondissement;48.8553005855;2.36666992595;4;"[""https://a0.muscache.com/im/pictures/7923fb3e-cda8-4c6e-ab28-df6211204688.jpg?aki_policy=large"", ""https://a0.muscache.com/im/pictures/c7afe0de-1291-4d87-a28d-aa6981f63128.jpg?aki_policy=large"", ""https://a0.muscache.com/im/pictures/8306948c-304c-4b46-8aca-7421fad30e2f.jpg?aki_policy=large"", ""https://a0.muscache.com/im/pictures/24c5c36c-4d6d-4a7b-8424-9152dc60958d.jpg?aki_policy=large"", ""https://a0.muscache.com/im/pictures/7e0b6aad-eb00-4180-bcd1-a39b958be107.jpg?aki_policy=large"", ""https://a0.muscache.com/im/pictures/ddf5ef6c-a3c4-4de0-82aa-c865e7292e0f.jpg?aki_policy=large"", ""https://a0.muscache.com/im/pictures/d5df58d2-faa7-40e2-b9b1-76f6c18023ee.jpg?aki_policy=large"", ""https://a0.muscache.com/im/pictures/00a5adb5-c418-4b02-b36e-97e61f77dddc.jpg?aki_policy=large"", ""https://a0.muscache.com/im/pictures/e8d0dd16-5fdd-4377-a398-64fd2b71fa33.jpg?aki_policy=large"", ""https://a0.muscache.com/im/pictures/bf889ba0-c097-42a6-862f-ae8928b97927.jpg?aki_policy=large"", ""https://a0.muscache.com/im/pictures/7520f4df-fa05-45fe-826a-6e2bd3639ef5.jpg?aki_policy=large"", ""https://a0.muscache.com/im/pictures/9c2d906c-2126-4f94-9dfd-8791298804ff.jpg?aki_policy=large"", ""https://a0.muscache.com/im/pictures/62369a4e-081a-4a4e-994b-ef0eca7913fd.jpg?aki_policy=large"", ""https://a0.muscache.com/im/pictures/1bdb5481-d168-4fd7-8f65-a5aa3f392987.jpg?aki_policy=large"", ""https://a0.muscache.com/im/pictures/c7620177-010e-4441-951f-34ff7f069707.jpg?aki_policy=large"", ""https://a0.muscache.com/im/pictures/dcae1636-0b9c-4125-b36f-667bd36d79e7.jpg?aki_policy=large"", ""https://a0.muscache.com/im/pictures/397ac053-3145-433a-828f-2c919c5be3c3.jpg?aki_policy=large"", ""https://a0.muscache.com/im/pictures/b574b50c-0968-4fa7-8dd5-bb3afe08245a.jpg?aki_policy=large"", ""https://a0.muscache.com/im/pictures/13f38edb-4679-4465-9af5-f1ee08a6750c.jpg?aki_policy=large"", ""https://a0.muscache.com/im/pictures/a43c6827-2574-4680-b7d3-e370e993609d.jpg?aki_policy=large"", ""https://a0.muscache.com/im/pictures/1b8f3754-119e-4066-b5e7-1ac0615da461.jpg?aki_policy=large"", ""https://a0.muscache.com/im/pictures/40babbcb-8138-40f6-a8e0-35a12ee85806.jpg?aki_policy=large""]";"{""beds"": 2, ""bedrooms"": 0, ""bathrooms"": 1.0, ""amenity_ids"": [1, 2, 131, 4, 8, 12, 77, 85, 86, 87, 89, 27, 91, 93, 30, 94, 33, 34, 35, 40, 41, 44, 45, 46, 110, 47, 112, 113, 115, 120], ""is_rebookable"": false, ""is_new_listing"": false, ""is_fully_refundable"": true, ""is_host_highly_rated"": false, ""is_business_travel_ready"": false}";"{""weekly_factor"": 0.95, ""monthly_factor"": 1.0}";6123;"";"{""is_superhost"": false}"
20867794;Grand Appartement Haussmannien 16eme;entire_home;Paris;Passy;48.8550986988;2.27760720145;5;"[""https://a0.muscache.com/im/pictures/050748ef-f265-401c-8401-071c9ef0df3c.jpg?aki_policy=large"", ""https://a0.muscache.com/im/pictures/c33668b5-bf9b-44f1-81d0-aedb389597e7.jpg?aki_policy=large"", ""https://a0.muscache.com/im/pictures/eb53fe7d-80a5-4c7b-ad9f-b418c52fe4ed.jpg?aki_policy=large"", ""https://a0.muscache.com/im/pictures/38006e6b-b879-494a-a2d3-6cef075a1eae.jpg?aki_policy=large"", ""https://a0.muscache.com/im/pictures/dcc73019-2971-43db-8808-b593a9bc2939.jpg?aki_policy=large"", ""https://a0.muscache.com/im/pictures/0098ff16-7ade-4484-870e-67008dca7468.jpg?aki_policy=large""]";"{""beds"": 5, ""bedrooms"": 2, ""bathrooms"": 1.0, ""amenity_ids"": [1, 33, 129, 34, 35, 4, 38, 8, 40, 41, 42, 44, 45, 46, 16, 21, 30, 31], ""is_rebookable"": false, ""is_new_listing"": false, ""is_fully_refundable"": true, ""is_host_highly_rated"": true, ""is_business_travel_ready"": false}";"{""weekly_factor"": 0.85, ""monthly_factor"": 1.0}";2612;"";"{""is_superhost"": false}"
20869871;Luxury Loft Apartment in le Marais****;entire_home;Paris;République;48.8652099048;2.36641395946;3;"[""https://a0.muscache.com/im/pictures/98e022b6-f207-4832-874d-fcc89ef9c1f6.jpg?aki_policy=large"", ""https://a0.muscache.com/im/pictures/d43bdd77-1302-4d37-8a88-3c484be6120f.jpg?aki_policy=large"", ""https://a0.muscache.com/im/pictures/c874ff2e-3c1a-4516-a54f-3749403ca864.jpg?aki_policy=large"", ""https://a0.muscache.com/im/pictures/bcdd79c1-cf31-4c7e-a8b6-be954af96821.jpg?aki_policy=large"", ""https://a0.muscache.com/im/pictures/0524a161-2a04-4813-80d7-ab9d64278442.jpg?aki_policy=large"", ""https://a0.muscache.com/im/pictures/943edc5f-e658-45ce-93f8-efe2eba88c8a.jpg?aki_policy=large"", ""https://a0.muscache.com/im/pictures/c99a990c-42f7-4cee-9447-7747b8d2d55f.jpg?aki_policy=large"", ""https://a0.muscache.com/im/pictures/edaa8301-55fc-4b11-95e0-a650dfdbfbef.jpg?aki_policy=large"", ""https://a0.muscache.com/im/pictures/bdad1f71-f7ed-439d-b171-eead0e8d80dd.jpg?aki_policy=large"", ""https://a0.muscache.com/im/pictures/cf26b39d-d09d-4105-8c68-6e122bb4e27c.jpg?aki_policy=large"", ""https://a0.muscache.com/im/pictures/f13df90d-fa53-40e7-999b-c0789b1878e4.jpg?aki_policy=large"", ""https://a0.muscache.com/im/pictures/4cd433be-7e9b-4348-ae02-6fd00ce66b93.jpg?aki_policy=large"", ""https://a0.muscache.com/im/pictures/ccb60407-f6e2-49ff-a03a-ecb85f8d67c4.jpg?aki_policy=large"", ""https://a0.muscache.com/im/pictures/11bd8ace-abd8-4a0d-854d-3e9210516544.jpg?aki_policy=large"", ""https://a0.muscache.com/im/pictures/d991e135-5964-4127-8639-ec820b9d1945.jpg?aki_policy=large"", ""https://a0.muscache.com/im/pictures/3d0dc3cb-204d-4120-b202-2b161739137e.jpg?aki_policy=large"", ""https://a0.muscache.com/im/pictures/f1cb14c2-41d0-43ab-b01b-de149a278aaf.jpg?aki_policy=large"", ""https://a0.muscache.com/im/pictures/3aa514a9-b014-49a0-8ff8-2cf9b294b18d.jpg?aki_policy=large"", ""https://a0.muscache.com/im/pictures/23a299d2-4221-43b3-8890-04d7ceac194f.jpg?aki_policy=large"", ""https://a0.muscache.com/im/pictures/2ba57756-fdf9-4fd9-9d4b-9b9388cd8668.jpg?aki_policy=large"", ""https://a0.muscache.com/im/pictures/ae65d1fe-b912-4b07-83ff-8a4619fb5c69.jpg?aki_policy=large"", ""https://a0.muscache.com/im/pictures/2279283b-bd8f-4b5b-9c82-3117183c04b8.jpg?aki_policy=large"", ""https://a0.muscache.com/im/pictures/7ffa1f35-7489-46b6-88da-dbc8f220fb35.jpg?aki_policy=large"", ""https://a0.muscache.com/im/pictures/4d98d980-f140-4678-9862-e0e17c577c3a.jpg?aki_policy=large"", ""https://a0.muscache.com/im/pictures/0092755d-adf9-42ca-bde2-2f37f290ba38.jpg?aki_policy=large"", ""https://a0.muscache.com/im/pictures/745beb7e-808f-495a-883b-a7d57836e42e.jpg?aki_policy=large"", ""https://a0.muscache.com/im/pictures/389d188d-3528-4ebd-b566-5f3ff37f5d87.jpg?aki_policy=large"", ""https://a0.muscache.com/im/pictures/36df9a84-9404-4e4d-8edd-6ddb81621479.jpg?aki_policy=large""]";"{""beds"": 0, ""bedrooms"": 2, ""bathrooms"": 2.5, ""amenity_ids"": [64, 1, 129, 66, 4, 5, 71, 8, 72, 77, 285, 30, 31, 33, 34, 35, 37, 38, 40, 104, 41, 44, 45, 46, 47, 57], ""is_rebookable"": false, ""is_new_listing"": false, ""is_fully_refundable"": true, ""is_host_highly_rated"": false, ""is_business_travel_ready"": false}";"{""weekly_factor"": 1.0, ""monthly_factor"": 1.0}";5698;"";"{""is_superhost"": false}"
20888095;Two-Bedroom Apartment Near Eiffel Tower;entire_home;Paris;Champs-Elysées;48.8698849245;2.30076665039;5;"[""https://a0.muscache.com/im/pictures/3522ed2a-768c-47c0-afc4-2937f164c1ae.jpg?aki_policy=large"", ""https://a0.muscache.com/im/pictures/630e3e00-3ece-4213-a632-17aeb25de63e.jpg?aki_policy=large"", ""https://a0.muscache.com/im/pictures/03d8381c-1232-41f8-93f2-3fdc359541c7.jpg?aki_policy=large"", ""https://a0.muscache.com/im/pictures/8a9da967-256f-4977-9baa-fd9c6adc4b60.jpg?aki_policy=large"", ""https://a0.muscache.com/im/pictures/9a77d56c-4ebf-412e-abf6-86fc6597ebc9.jpg?aki_policy=large"", ""https://a0.muscache.com/im/pictures/96be39ee-f8ed-4f3e-820e-885da3a40b95.jpg?aki_policy=large"", ""https://a0.muscache.com/im/pictures/1331a340-0f1e-499d-9b24-1c7b6282cac4.jpg?aki_policy=large"", ""https://a0.muscache.com/im/pictures/f8ea96e3-72e7-4ea9-a5e9-a4e3cfbddaf8.jpg?aki_policy=large"", ""https://a0.muscache.com/im/pictures/c1f73867-0814-477b-a453-c9cf796ed8ba.jpg?aki_policy=large"", ""https://a0.muscache.com/im/pictures/90c3c1a9-4a4b-4f65-9474-2039aad55295.jpg?aki_policy=large"", ""https://a0.muscache.com/im/pictures/4bb21eab-36c8-40d8-a670-7a7de5ee1de3.jpg?aki_policy=large"", ""https://a0.muscache.com/im/pictures/ccfb4b06-b2c5-40e2-8695-7e4ded70d1c0.jpg?aki_policy=large"", ""https://a0.muscache.com/im/pictures/dd002895-a9e8-43a0-85ee-8457564dcaf7.jpg?aki_policy=large"", ""https://a0.muscache.com/im/pictures/f046b7e8-c2a0-42a5-841b-202c4ad6d8a3.jpg?aki_policy=large"", ""https://a0.muscache.com/im/pictures/0ff2367a-5fa0-4cb9-9c87-9b73b0fe3a8f.jpg?aki_policy=large"", ""https://a0.muscache.com/im/pictures/30810ce7-4bf7-4765-9fc3-3c5147a61d27.jpg?aki_policy=large"", ""https://a0.muscache.com/im/pictures/233afb81-5a55-463a-afba-c13ac403bec6.jpg?aki_policy=large"", ""https://a0.muscache.com/im/pictures/6f5beb8f-135a-4a27-b00b-fc8b625c1ae1.jpg?aki_policy=large"", ""https://a0.muscache.com/im/pictures/d0dca646-caa5-4c0c-9b2f-515075634d6a.jpg?aki_policy=large"", ""https://a0.muscache.com/im/pictures/4655f51a-d9cf-4fbb-bdfc-99fc929dc857.jpg?aki_policy=large"", ""https://a0.muscache.com/im/pictures/8a62ce41-0be0-4033-840a-30cdab7b2715.jpg?aki_policy=large"", ""https://a0.muscache.com/im/pictures/2c0ede1e-a50e-4555-b1a9-bfb16d51f1af.jpg?aki_policy=large"", ""https://a0.muscache.com/im/pictures/22550968-3550-42de-9b8f-4f0d2b602b55.jpg?aki_policy=large""]";"{""beds"": 3, ""bedrooms"": 2, ""bathrooms"": 2.0, ""amenity_ids"": [1, 129, 2, 4, 8, 85, 89, 90, 91, 92, 93, 30, 94, 31, 95, 96, 33, 34, 35, 36, 40, 104, 41, 44, 45, 46, 47, 57, 61], ""is_rebookable"": false, ""is_new_listing"": false, ""is_fully_refundable"": true, ""is_host_highly_rated"": true, ""is_business_travel_ready"": false}";"{""weekly_factor"": 1.0, ""monthly_factor"": 1.0}";6866;"";"{""is_superhost"": false}"
20892078;Studio avec terrasse au coeur de Belleville;entire_home;Paris;Buttes-Chaumont - Belleville;48.8741524846;2.38019388623;2;"[""https://a0.muscache.com/im/pictures/b48f0dfb-b933-43fb-84ce-ed73a0ba57fa.jpg?aki_policy=large"", ""https://a0.muscache.com/im/pictures/18610e47-3fd7-49e9-acea-d2846ca0978c.jpg?aki_policy=large"", ""https://a0.muscache.com/im/pictures/881759cf-d644-472d-8b9a-b8c873634824.jpg?aki_policy=large"", ""https://a0.muscache.com/im/pictures/db5456c2-4fae-4fef-82e9-e13b856493ec.jpg?aki_policy=large"", ""https://a0.muscache.com/im/pictures/6ac75309-13a7-46a6-849c-0174af7624fe.jpg?aki_policy=large"", ""https://a0.muscache.com/im/pictures/9fb4a02d-e28a-4f18-808a-1eda3ca7f364.jpg?aki_policy=large"", ""https://a0.muscache.com/im/pictures/b51152be-2f98-4455-99db-b2c3def25715.jpg?aki_policy=large"", ""https://a0.muscache.com/im/pictures/1ca1317f-2a4c-4a95-b570-1f49d80f34fb.jpg?aki_policy=large"", ""https://a0.muscache.com/im/pictures/7c442657-27de-4410-925c-57d47c58df6e.jpg?aki_policy=large""]";"{""beds"": 1, ""bedrooms"": 0, ""bathrooms"": 1.0, ""amenity_ids"": [33, 34, 35, 4, 8, 40, 41, 30, 46, 47], ""is_rebookable"": false, ""is_new_listing"": false, ""is_fully_refundable"": true, ""is_host_highly_rated"": true, ""is_business_travel_ready"": false}";"{""weekly_factor"": 0.79, ""monthly_factor"": 0.51}";6193;"";"{""is_superhost"": false}"
20926157;Grand studio proche des Galleries Lafayette;entire_home;Paris;Pigalle - Saint-Georges;48.8770977075;2.33328482216;2;"[""https://a0.muscache.com/im/pictures/14ef88ab-37cf-48a2-995f-e754ee13fc41.jpg?aki_policy=large"", ""https://a0.muscache.com/im/pictures/1c42ac00-f2de-4a10-a2e4-6fdbad37912b.jpg?aki_policy=large"", ""https://a0.muscache.com/im/pictures/97ef1dfc-a652-40ee-8ed6-97c4a060425e.jpg?aki_policy=large"", ""https://a0.muscache.com/im/pictures/f4cd1c20-31ef-4ae2-938a-01bc727d1f6d.jpg?aki_policy=large"", ""https://a0.muscache.com/im/pictures/ed99b3e1-86bc-4cfe-a8cd-48ebd5cd2df9.jpg?aki_policy=large"", ""https://a0.muscache.com/im/pictures/7a19e4f8-c504-45b1-9b37-f058f5e9fb5e.jpg?aki_policy=large"", ""https://a0.muscache.com/im/pictures/5abdfc38-bbe6-4bff-b8df-0fec87de2a12.jpg?aki_policy=large"", ""https://a0.muscache.com/im/pictures/bf216682-2caa-4beb-9e21-fe6e05c0f26e.jpg?aki_policy=large"", ""https://a0.muscache.com/im/pictures/f204326e-bad8-4cce-ae7b-9dfe1e347c23.jpg?aki_policy=large"", ""https://a0.muscache.com/im/pictures/3caefcf8-3ff8-4eb7-a1d9-9bf4e4ca51d4.jpg?aki_policy=large"", ""https://a0.muscache.com/im/pictures/67d1b36b-ede3-4d9d-b6d7-35539643023a.jpg?aki_policy=large""]";"{""beds"": 1, ""bedrooms"": 1, ""bathrooms"": 1.0, ""amenity_ids"": [1, 129, 3, 4, 5, 8, 10, 77, 85, 89, 90, 91, 93, 30, 94, 96, 35, 103, 40, 104, 41, 44, 45, 46, 47, 57], ""is_rebookable"": false, ""is_new_listing"": false, ""is_fully_refundable"": true, ""is_host_highly_rated"": true, ""is_business_travel_ready"": false}";"{""weekly_factor"": 1.0, ""monthly_factor"": 1.0}";4555;"";"{""is_superhost"": false}"
20929062;Apartment near Opéra and Galleries Lafayette;entire_home;Paris;Pigalle - Saint-Georges;48.8771088121;2.33276693853;4;"[""https://a0.muscache.com/im/pictures/02d9fb5d-3555-48b3-b3b6-7cd9a9dd3bb1.jpg?aki_policy=large"", ""https://a0.muscache.com/im/pictures/63d85fb4-321b-4f5e-acdd-3d8a4dab20fb.jpg?aki_policy=large"", ""https://a0.muscache.com/im/pictures/19d9bd90-cd9f-44e2-b8dc-d6b8ae00ef5c.jpg?aki_policy=large"", ""https://a0.muscache.com/im/pictures/26e1d4db-1263-4e83-a2cd-f8e6b4810cf7.jpg?aki_policy=large"", ""https://a0.muscache.com/im/pictures/6fa1db7d-442b-4dc9-9485-120d7c636958.jpg?aki_policy=large"", ""https://a0.muscache.com/im/pictures/0d963adc-1143-4dd8-987d-fe7c52e33e02.jpg?aki_policy=large"", ""https://a0.muscache.com/im/pictures/f35dbe9a-9f29-4253-80d5-5235a9059ed4.jpg?aki_policy=large"", ""https://a0.muscache.com/im/pictures/51f04d94-75ee-40ea-b214-b6ae4c8e144d.jpg?aki_policy=large"", ""https://a0.muscache.com/im/pictures/7d84602c-fab0-47fb-9c31-28ba4d85b22d.jpg?aki_policy=large"", ""https://a0.muscache.com/im/pictures/55ec0491-e7af-4ded-9a1b-74164096abf9.jpg?aki_policy=large"", ""https://a0.muscache.com/im/pictures/2a9057d4-f620-41d1-8493-c5c7d079a9f6.jpg?aki_policy=large"", ""https://a0.muscache.com/im/pictures/e0b317f5-3e9a-4478-9413-3573d7f7bfee.jpg?aki_policy=large"", ""https://a0.muscache.com/im/pictures/72a6052d-e118-4b17-a89d-f7e301e7d354.jpg?aki_policy=large""]";"{""beds"": 2, ""bedrooms"": 1, ""bathrooms"": 1.0, ""amenity_ids"": [1, 129, 3, 4, 5, 8, 10, 77, 85, 89, 90, 91, 93, 30, 94, 31, 33, 34, 35, 36, 103, 40, 104, 41, 44, 45, 46, 47, 57], ""is_rebookable"": false, ""is_new_listing"": false, ""is_fully_refundable"": true, ""is_host_highly_rated"": true, ""is_business_travel_ready"": false}";"{""weekly_factor"": 1.0, ""monthly_factor"": 1.0}";4555;"";"{""is_superhost"": false}"
28683995;Beautiful bright studio in central Paris;entire_home;Paris;Passy;48.862177455;2.28269447574;4;"[""https://a0.muscache.com/im/pictures/c3b3ec17-bd3d-4b38-a4e4-0dea1f2a4df9.jpg?aki_policy=large"", ""https://a0.muscache.com/im/pictures/5eedb2aa-42cf-4a01-aa7a-4727a95cc380.jpg?aki_policy=large"", ""https://a0.muscache.com/im/pictures/be462dc0-5cf7-4dc6-b6c1-54e4318be2b7.jpg?aki_policy=large"", ""https://a0.muscache.com/im/pictures/e0a995f5-66f9-4fc3-ba9b-e3209a3769b0.jpg?aki_policy=large"", ""https://a0.muscache.com/im/pictures/bb3aee4c-89b9-40fe-b941-b3dc21901782.jpg?aki_policy=large"", ""https://a0.muscache.com/im/pictures/fecf2956-056b-43f4-b78c-1d3e66dca0ff.jpg?aki_policy=large"", ""https://a0.muscache.com/im/pictures/21acc5ad-22c8-4274-ab5c-a3dba13792e1.jpg?aki_policy=large"", ""https://a0.muscache.com/im/pictures/71d59ba5-1c1d-4808-b47f-df3e0160fe56.jpg?aki_policy=large"", ""https://a0.muscache.com/im/pictures/a351b0d6-df8e-4546-8838-919074cde869.jpg?aki_policy=large""]";"{""beds"": 2, ""bedrooms"": 0, ""bathrooms"": 1.0, ""amenity_ids"": [32, 33, 4, 8, 40, 41, 11, 12, 45, 77, 21, 27, 30], ""is_rebookable"": false, ""is_new_listing"": true, ""is_fully_refundable"": true, ""is_host_highly_rated"": false, ""is_business_travel_ready"": false}";"{""weekly_factor"": 0.85, ""monthly_factor"": 0.8}";309;"";"{""is_superhost"": false}"
20951925;Beautiful 2 bedrooms flat - Belleville/Republique;entire_home;Paris;République;48.8680289923;2.38047570858;4;"[""https://a0.muscache.com/im/pictures/428f8dd5-c25a-42e5-9b43-96c481eaa90a.jpg?aki_policy=large"", ""https://a0.muscache.com/im/pictures/f8d48861-28b9-4a0e-b608-4fa03ea8e1c3.jpg?aki_policy=large"", ""https://a0.muscache.com/im/pictures/18a3e673-c149-4ea7-8801-dc0b9b8a8221.jpg?aki_policy=large"", ""https://a0.muscache.com/im/pictures/041da9b5-da9a-4959-ba05-3d0d68de80a6.jpg?aki_policy=large"", ""https://a0.muscache.com/im/pictures/7f9464c9-c93f-4cbb-8344-17b246a780c2.jpg?aki_policy=large"", ""https://a0.muscache.com/im/pictures/0c3ffa72-982a-4504-9fa6-8024f7b383a4.jpg?aki_policy=large"", ""https://a0.muscache.com/im/pictures/aee507bb-3d76-4536-9206-965568c1c284.jpg?aki_policy=large"", ""https://a0.muscache.com/im/pictures/dac41ee8-f0c2-469e-b0ca-14e7fc8595f7.jpg?aki_policy=large"", ""https://a0.muscache.com/im/pictures/095e4f7a-0fd6-45bc-96bd-c45c2e11a694.jpg?aki_policy=large"", ""https://a0.muscache.com/im/pictures/a664c84f-d857-4ad5-abb4-31dfaca1aec4.jpg?aki_policy=large"", ""https://a0.muscache.com/im/pictures/3386b12d-2993-446d-a7e6-f76ddbce46fd.jpg?aki_policy=large"", ""https://a0.muscache.com/im/pictures/e76fc1bf-3c45-4539-ae4a-2858df698781.jpg?aki_policy=large"", ""https://a0.muscache.com/im/pictures/fe817684-e1b0-48c9-b6e0-0975b4e2d2cb.jpg?aki_policy=large"", ""https://a0.muscache.com/im/pictures/c94e495f-6efb-444a-b523-8f936b52dccb.jpg?aki_policy=large"", ""https://a0.muscache.com/im/pictures/a332f66e-77d5-4449-9639-4f46c31855d0.jpg?aki_policy=large"", ""https://a0.muscache.com/im/pictures/341f230d-c69f-456e-a2e0-e840b90b4b0b.jpg?aki_policy=large"", ""https://a0.muscache.com/im/pictures/1a4d0f7f-c56c-4b07-b6f8-57d1f4c5afe5.jpg?aki_policy=large"", ""https://a0.muscache.com/im/pictures/fed8d471-19dd-4680-859a-daa97b5a8f72.jpg?aki_policy=large"", ""https://a0.muscache.com/im/pictures/393d17fe-7cfa-46f5-a6d2-dd2dcf2eded3.jpg?aki_policy=large"", ""https://a0.muscache.com/im/pictures/5cb093c0-30be-4948-8a1c-24db13663496.jpg?aki_policy=large"", ""https://a0.muscache.com/im/pictures/62cfd81a-57f1-4a40-8a14-07901a4b0338.jpg?aki_policy=large"", ""https://a0.muscache.com/im/pictures/972e90bf-136a-4ecb-a66c-b4bc403e4187.jpg?aki_policy=large"", ""https://a0.muscache.com/im/pictures/a10ba837-924c-41b3-b537-1dc5da6c5583.jpg?aki_policy=large"", ""https://a0.muscache.com/im/pictures/d02c93ca-0e83-4b8e-bc45-84a3471a91f8.jpg?aki_policy=large"", ""https://a0.muscache.com/im/pictures/ccdd63a4-4265-4ec7-a1c0-75e63ef733e8.jpg?aki_policy=large"", ""https://a0.muscache.com/im/pictures/d51dcf1f-52b8-4a2b-b489-be9fd39c49c1.jpg?aki_policy=large""]";"{""beds"": 3, ""bedrooms"": 2, ""bathrooms"": 1.0, ""amenity_ids"": [1, 2, 66, 4, 70, 8, 72, 10, 77, 85, 86, 87, 89, 90, 91, 92, 93, 30, 94, 95, 96, 33, 34, 35, 36, 37, 39, 103, 40, 104, 41, 44, 45, 46, 47, 51, 54, 57, 61], ""is_rebookable"": false, ""is_new_listing"": false, ""is_fully_refundable"": true, ""is_host_highly_rated"": true, ""is_business_travel_ready"": false}";"{""weekly_factor"": 0.9, ""monthly_factor"": 0.8}";6116;"";"{""is_superhost"": true}"
20956903;Sunny and New Studio rue Saint Marc;entire_home;Paris;2e arrondissement;48.8699207014;2.34099103499;2;"[""https://a0.muscache.com/im/pictures/2141ef6a-d57e-4e4e-9ea8-e728dcb5bc76.jpg?aki_policy=large"", ""https://a0.muscache.com/im/pictures/bb9e3791-cd7b-45f2-b138-7ccb005c8db2.jpg?aki_policy=large"", ""https://a0.muscache.com/im/pictures/4b2f6b5f-fe39-44fc-8650-74d19bedc7ad.jpg?aki_policy=large"", ""https://a0.muscache.com/im/pictures/59ddcebe-a2e0-4766-acb4-32d4276aa190.jpg?aki_policy=large"", ""https://a0.muscache.com/im/pictures/d0c10a9b-8e9a-488b-ae4b-01cd0a26e663.jpg?aki_policy=large"", ""https://a0.muscache.com/im/pictures/35d91488-1993-4cf5-8ce4-876d961702dd.jpg?aki_policy=large"", ""https://a0.muscache.com/im/pictures/f32eb3e4-92b0-455a-9abe-faee27583133.jpg?aki_policy=large"", ""https://a0.muscache.com/im/pictures/8e291316-98b4-444b-8070-a03a51a86c17.jpg?aki_policy=large"", ""https://a0.muscache.com/im/pictures/a2d0e07d-d9e4-4cc1-b601-2eeabd3105e6.jpg?aki_policy=large"", ""https://a0.muscache.com/im/pictures/6e600563-c6bf-4595-811e-ea65818e0614.jpg?aki_policy=large"", ""https://a0.muscache.com/im/pictures/4798857b-3f6f-4770-a8af-99e560a8f9bc.jpg?aki_policy=large"", ""https://a0.muscache.com/im/pictures/43be6bd5-39a4-42eb-b6a3-e0b20321aa15.jpg?aki_policy=large"", ""https://a0.muscache.com/im/pictures/bacba01c-0f0d-4989-9337-cacf1d7bbf70.jpg?aki_policy=large"", ""https://a0.muscache.com/im/pictures/aee41a8f-12d8-4e1b-b6bc-b4f40ffcc546.jpg?aki_policy=large"", ""https://a0.muscache.com/im/pictures/0c9a7840-c444-4ecf-9e08-06b7d6ea3a45.jpg?aki_policy=large"", ""https://a0.muscache.com/im/pictures/920d9bae-7211-4182-94c6-8827ea884e5d.jpg?aki_policy=large"", ""https://a0.muscache.com/im/pictures/4c85d3a4-1b58-491c-ae2f-4d2f975c2e65.jpg?aki_policy=large"", ""https://a0.muscache.com/im/pictures/4ba2e97c-edb2-47c0-8aa0-174812b4c552.jpg?aki_policy=large"", ""https://a0.muscache.com/im/pictures/08cb482f-eaad-4865-a78e-067a366c9656.jpg?aki_policy=large"", ""https://a0.muscache.com/im/pictures/f9c96f03-e877-4801-9875-263e38b21d1b.jpg?aki_policy=large"", ""https://a0.muscache.com/im/pictures/52693256-32a3-4c2a-9e48-2f9aa2f20b22.jpg?aki_policy=large""]";"{""beds"": 1, ""bedrooms"": 0, ""bathrooms"": 1.0, ""amenity_ids"": [96, 1, 129, 35, 4, 8, 40, 104, 41, 44, 45, 77, 46, 47, 85, 57, 89, 90, 91, 93, 30, 94], ""is_rebookable"": false, ""is_new_listing"": false, ""is_fully_refundable"": true, ""is_host_highly_rated"": false, ""is_business_travel_ready"": false}";"{""weekly_factor"": 1.0, ""monthly_factor"": 0.84}";7354;"";"{""is_superhost"": false}"
20991594;A1G Dreaming;entire_home;Paris city;Le Marais;48.863983;2.356705;4;"[""https://a0.muscache.com/im/pictures/75782fc5-747c-4974-8db5-eab7a1ad1c6c.jpg?aki_policy=large"", ""https://a0.muscache.com/im/pictures/e3736610-1c58-4007-be28-93d45d52663d.jpg?aki_policy=large"", ""https://a0.muscache.com/im/pictures/663bfddb-9b76-42a7-9325-2ac9755d6092.jpg?aki_policy=large"", ""https://a0.muscache.com/im/pictures/40ed0354-014e-4159-b236-f5370c5a10b9.jpg?aki_policy=large"", ""https://a0.muscache.com/im/pictures/cea3401b-b266-465e-be19-2e2e43d3dcd6.jpg?aki_policy=large"", ""https://a0.muscache.com/im/pictures/69aa0d32-0213-496f-84b2-03248b62ef4f.jpg?aki_policy=large"", ""https://a0.muscache.com/im/pictures/64a404d8-7bc7-488f-a251-a15234624836.jpg?aki_policy=large"", ""https://a0.muscache.com/im/pictures/951cf587-4652-441c-a807-ca6c80e1f202.jpg?aki_policy=large""]";"{""beds"": 2, ""bedrooms"": 1, ""bathrooms"": 1.5, ""amenity_ids"": [1, 33, 3, 4, 71, 8, 40, 43, 45, 46, 31], ""is_rebookable"": false, ""is_new_listing"": false, ""is_fully_refundable"": true, ""is_host_highly_rated"": true, ""is_business_travel_ready"": false}";"{""weekly_factor"": 1.0, ""monthly_factor"": 1.0}";5858;"";"{""is_superhost"": false}"
28331057;"Chic and chilled in Paris next to ""Louvre Rivoli""";private_room;Paris;Châtelet - Les Halles - Beaubourg;48.8630960895;2.35029865863;2;"[""https://a0.muscache.com/im/pictures/24cda049-50f0-4277-9c44-e9171ffed7c1.jpg?aki_policy=large"", ""https://a0.muscache.com/im/pictures/f0f4fa12-19e3-4c6e-8a40-18159e103689.jpg?aki_policy=large"", ""https://a0.muscache.com/im/pictures/b0f03439-625a-4357-820a-4702fff8a022.jpg?aki_policy=large"", ""https://a0.muscache.com/im/pictures/b53e0a32-384d-4f48-93e5-6cc1ad677577.jpg?aki_policy=large"", ""https://a0.muscache.com/im/pictures/4e04fc13-f401-4d1e-a640-870eff8c1060.jpg?aki_policy=large"", ""https://a0.muscache.com/im/pictures/294375fc-68d3-4968-beab-89bcaf1b05a3.jpg?aki_policy=large"", ""https://a0.muscache.com/im/pictures/2b32d25b-6482-45b6-9e49-3522dec14faf.jpg?aki_policy=large"", ""https://a0.muscache.com/im/pictures/a0d89b88-0b03-4f42-8651-63dd1e0df08e.jpg?aki_policy=large"", ""https://a0.muscache.com/im/pictures/fef33609-e504-46d8-a714-6b3321d2faa9.jpg?aki_policy=large"", ""https://a0.muscache.com/im/pictures/5c29d675-2c02-4ff5-9cd6-44cfc8cbe8ad.jpg?aki_policy=large"", ""https://a0.muscache.com/im/pictures/47bf3bd3-083a-4d7f-9254-65c6b859515d.jpg?aki_policy=large""]";"{""beds"": 1, ""bedrooms"": 1, ""bathrooms"": 1.0, ""amenity_ids"": [1, 2, 4, 5, 77, 21, 85, 86, 87, 88, 30, 35, 37, 39, 103, 40, 41, 42, 44, 45, 46, 47, 51, 55, 56], ""is_rebookable"": false, ""is_new_listing"": true, ""is_fully_refundable"": true, ""is_host_highly_rated"": false, ""is_business_travel_ready"": false}";"{""weekly_factor"": 1.0, ""monthly_factor"": 1.0}";993;"";"{""is_superhost"": false}"
21003981;Luxueux Studio Notre Dame;entire_home;Paris;Saint Germain des Prés - Odéon;48.852116;2.342573;2;"[""https://a0.muscache.com/im/pictures/c75ec376-d94e-4a9d-82ba-7ccc73c00b1e.jpg?aki_policy=large"", ""https://a0.muscache.com/im/pictures/a07c6cb7-98d9-498f-8a70-6e50fe54691e.jpg?aki_policy=large"", ""https://a0.muscache.com/im/pictures/ff0586b7-e7fd-4b75-bf86-6159a6b4a91d.jpg?aki_policy=large"", ""https://a0.muscache.com/im/pictures/27fd7ba6-7f79-4ced-bc9a-6be71c4317c7.jpg?aki_policy=large"", ""https://a0.muscache.com/im/pictures/3a620ccb-bf41-4374-8b36-1fe53473ccb2.jpg?aki_policy=large"", ""https://a0.muscache.com/im/pictures/7732589a-4308-48bd-a350-4d966434fc33.jpg?aki_policy=large"", ""https://a0.muscache.com/im/pictures/5d6d51aa-98cd-4602-9324-8b4276c99609.jpg?aki_policy=large"", ""https://a0.muscache.com/im/pictures/b26049d0-3349-4584-9c9a-fcd126444b8a.jpg?aki_policy=large"", ""https://a0.muscache.com/im/pictures/257fac5f-0c01-470a-9abd-6c65ac924530.jpg?aki_policy=large"", ""https://a0.muscache.com/im/pictures/e52799e7-6fc2-4783-8db1-253b27fb8f3c.jpg?aki_policy=large"", ""https://a0.muscache.com/im/pictures/8bc09650-5603-4cef-a2c3-e348d4e9d22f.jpg?aki_policy=large"", ""https://a0.muscache.com/im/pictures/269ce699-c661-4079-a91b-69b64f5dbcbc.jpg?aki_policy=large"", ""https://a0.muscache.com/im/pictures/bca95a93-92a2-4edc-a2ee-d736f25fdfd9.jpg?aki_policy=large"", ""https://a0.muscache.com/im/pictures/c369fff2-cec0-4cd1-8399-6c4ca4fe8464.jpg?aki_policy=large"", ""https://a0.muscache.com/im/pictures/585e3ae6-402f-424d-913e-f8fe790a360b.jpg?aki_policy=large"", ""https://a0.muscache.com/im/pictures/2c33b464-1eb5-47b2-a2b6-d95f033737ee.jpg?aki_policy=large"", ""https://a0.muscache.com/im/pictures/88ec1cc3-fa64-4991-9024-7d6fe568bd6f.jpg?aki_policy=large"", ""https://a0.muscache.com/im/pictures/c5db3c3e-7337-48b0-9efd-a8ecc819c197.jpg?aki_policy=large"", ""https://a0.muscache.com/im/pictures/631cc6bc-c66f-4e64-be15-828bdc911298.jpg?aki_policy=large"", ""https://a0.muscache.com/im/pictures/f947ec2f-91b3-4cd5-bc9e-8bbb779e529e.jpg?aki_policy=large"", ""https://a0.muscache.com/im/pictures/a3f94f48-d7f4-416d-86e4-af939491e694.jpg?aki_policy=large"", ""https://a0.muscache.com/im/pictures/a0bf7419-0f03-4b38-817d-3739d76efa76.jpg?aki_policy=large"", ""https://a0.muscache.com/im/pictures/4024acb3-90c1-45e4-972f-034aad526e8c.jpg?aki_policy=large"", ""https://a0.muscache.com/im/pictures/15e4be73-f907-439d-ace5-1f3922d86bf1.jpg?aki_policy=large"", ""https://a0.muscache.com/im/pictures/ecc46892-d2ae-452c-820d-52396322f9c6.jpg?aki_policy=large"", ""https://a0.muscache.com/im/pictures/c03d039b-7bea-4a15-9973-802dbe97161f.jpg?aki_policy=large""]";"{""beds"": 1, ""bedrooms"": 0, ""bathrooms"": 1.0, ""amenity_ids"": [1, 129, 131, 4, 8, 10, 77, 89, 90, 91, 93, 30, 94, 33, 34, 98, 35, 36, 101, 40, 104, 41, 44, 45, 46, 47, 51, 54], ""is_rebookable"": false, ""is_new_listing"": false, ""is_fully_refundable"": true, ""is_host_highly_rated"": true, ""is_business_travel_ready"": false}";"{""weekly_factor"": 0.93, ""monthly_factor"": 0.82}";7806;"";"{""is_superhost"": true}"
21007846;Classique Single free WiFi Kleber Champs Elysees;private_room;Paris;Tour Eiffel - Champ de Mars;48.8682820236;2.29284008686;1;"[""https://a0.muscache.com/im/pictures/ce4e7b96-e0e3-4ade-ae58-3fcb5ddc0188.jpg?aki_policy=large"", ""https://a0.muscache.com/im/pictures/d1499306-03b9-4100-b2ec-73207620e4ff.jpg?aki_policy=large"", ""https://a0.muscache.com/im/pictures/6be852f2-2b39-44ae-9ce5-a336e33e2367.jpg?aki_policy=large"", ""https://a0.muscache.com/im/pictures/9cf57e86-ecac-4644-b6bc-0e1b84caf94c.jpg?aki_policy=large"", ""https://a0.muscache.com/im/pictures/07f0beb7-dce0-4520-a2b3-77796ff30b81.jpg?aki_policy=large"", ""https://a0.muscache.com/im/pictures/9d59eaf0-7d1e-415c-9e13-5b1ad14d65b5.jpg?aki_policy=large"", ""https://a0.muscache.com/im/pictures/d849414b-21fe-4589-a29f-daa064f682d4.jpg?aki_policy=large"", ""https://a0.muscache.com/im/pictures/b62e7373-dabc-4502-a373-745603e3cc1c.jpg?aki_policy=large"", ""https://a0.muscache.com/im/pictures/a7b6c1d3-4408-4667-b872-22e4e8cb422e.jpg?aki_policy=large"", ""https://a0.muscache.com/im/pictures/f9565846-c7ca-4aa9-a1fa-b81f42d4247e.jpg?aki_policy=large"", ""https://a0.muscache.com/im/pictures/a72142e6-4cdb-426c-a527-0e6afbbcc567.jpg?aki_policy=large"", ""https://a0.muscache.com/im/pictures/a0fd5760-5539-4631-a20e-9c813a2e56a0.jpg?aki_policy=large"", ""https://a0.muscache.com/im/pictures/1820568b-082a-4cd8-83b4-266b79dc0842.jpg?aki_policy=large"", ""https://a0.muscache.com/im/pictures/bf0649a4-cc0b-4229-b27f-c706ef2897c9.jpg?aki_policy=large"", ""https://a0.muscache.com/im/pictures/8cedca12-8e3a-420e-a3e9-97e50e15ce8e.jpg?aki_policy=large"", ""https://a0.muscache.com/im/pictures/e335c975-edea-4c9b-8440-7801f1346dc4.jpg?aki_policy=large"", ""https://a0.muscache.com/im/pictures/978090ff-6dec-4659-9903-44933bedfa74.jpg?aki_policy=large"", ""https://a0.muscache.com/im/pictures/d3e1340b-61b2-42f0-8a45-a683ba0a584a.jpg?aki_policy=large"", ""https://a0.muscache.com/im/pictures/a860d1d7-cefc-4806-b3b0-c2b89d7e7352.jpg?aki_policy=large"", ""https://a0.muscache.com/im/pictures/d21035c6-07ae-41f6-89e3-31ca31cd6ac2.jpg?aki_policy=large"", ""https://a0.muscache.com/im/pictures/58017aee-9471-4178-aa7d-af5083852f5a.jpg?aki_policy=large"", ""https://a0.muscache.com/im/pictures/fe17116a-da97-44d4-b953-d908fa696d96.jpg?aki_policy=large"", ""https://a0.muscache.com/im/pictures/53702199-13aa-4f64-b711-757b200c8b36.jpg?aki_policy=large"", ""https://a0.muscache.com/im/pictures/f3b318f1-566e-4c70-836b-30f0fdd6590c.jpg?aki_policy=large"", ""https://a0.muscache.com/im/pictures/675bc904-52db-469a-b063-c8a94b0d7574.jpg?aki_policy=large"", ""https://a0.muscache.com/im/pictures/95a537a7-3936-4677-b1dd-ba86b5cd95d5.jpg?aki_policy=large"", ""https://a0.muscache.com/im/pictures/231e63a9-b67e-4fcc-83cc-b6278ab20862.jpg?aki_policy=large"", ""https://a0.muscache.com/im/pictures/56f589c9-136f-4505-bed6-0e3b12f19a93.jpg?aki_policy=large"", ""https://a0.muscache.com/im/pictures/6cd2bc1b-ccea-4ab5-8bf9-9cab6cd7bba3.jpg?aki_policy=large"", ""https://a0.muscache.com/im/pictures/751c89ff-b0db-4751-b935-cf590c5c2d79.jpg?aki_policy=large""]";"{""beds"": 1, ""bedrooms"": 1, ""bathrooms"": 1.0, ""amenity_ids"": [1, 35, 4, 36, 5, 37, 38, 39, 40, 41, 42, 44, 45, 47, 21, 56, 57, 30], ""is_rebookable"": false, ""is_new_listing"": false, ""is_fully_refundable"": true, ""is_host_highly_rated"": true, ""is_business_travel_ready"": false}";"{""weekly_factor"": 0.79, ""monthly_factor"": 0.51}";6105;"";"{""is_superhost"": false}"
21020472;Chambre Tour Eiffel,Passy,Trocadero, Breakfast+SdB;private_room;Paris;Tour Eiffel - Champ de Mars;48.8573428514;2.28789075498;2;"[""https://a0.muscache.com/im/pictures/2fad2f18-4e6a-4b20-b9fe-0157579b1303.jpg?aki_policy=large"", ""https://a0.muscache.com/im/pictures/bf666d02-f8bd-44b0-9a70-39510a7970a5.jpg?aki_policy=large"", ""https://a0.muscache.com/im/pictures/33846d12-a482-4a81-b0d9-0a142c6915a3.jpg?aki_policy=large"", ""https://a0.muscache.com/im/pictures/788a4119-600c-4aef-92d6-51a0109d6c8e.jpg?aki_policy=large"", ""https://a0.muscache.com/im/pictures/cb2960bc-d500-494e-9c6a-89d68c111f44.jpg?aki_policy=large"", ""https://a0.muscache.com/im/pictures/9da3ce98-d682-42ea-a78b-3b8bf91ca0a3.jpg?aki_policy=large"", ""https://a0.muscache.com/im/pictures/fd3b8d92-a2da-4b9b-a469-88dc89c73762.jpg?aki_policy=large"", ""https://a0.muscache.com/im/pictures/5b521354-9549-493d-b6b1-d17c198bbc7c.jpg?aki_policy=large"", ""https://a0.muscache.com/im/pictures/edfd6591-b80c-452f-a255-f3d37ef25c8b.jpg?aki_policy=large"", ""https://a0.muscache.com/im/pictures/12fda0d2-d5cd-406f-a1fe-d7602963bf53.jpg?aki_policy=large"", ""https://a0.muscache.com/im/pictures/2161c4d2-7cdc-465b-876b-5a7e17c8274e.jpg?aki_policy=large"", ""https://a0.muscache.com/im/pictures/45277cb5-c91b-45c3-a386-de3b6b252ad4.jpg?aki_policy=large"", ""https://a0.muscache.com/im/pictures/d4fae37b-fc57-4f35-a113-c008a9dd9151.jpg?aki_policy=large"", ""https://a0.muscache.com/im/pictures/cc95bd94-770b-41d2-b5af-119b2449843b.jpg?aki_policy=large"", ""https://a0.muscache.com/im/pictures/98d8e43e-1166-4e88-a2ed-8e259847cd7e.jpg?aki_policy=large""]";"{""beds"": 1, ""bedrooms"": 1, ""bathrooms"": 1.0, ""amenity_ids"": [129, 35, 4, 40, 41, 42, 44, 45, 77, 46, 16, 85, 86, 88, 30], ""is_rebookable"": false, ""is_new_listing"": false, ""is_fully_refundable"": true, ""is_host_highly_rated"": true, ""is_business_travel_ready"": false}";"{""weekly_factor"": 0.95, ""monthly_factor"": 1.0}";7409;"";"{""is_superhost"": true}"
21057318;Charming Parisian Apartment Near The Eiffel Tower;entire_home;Paris;Passy;48.8595506028;2.27420145937;3;"[""https://a0.muscache.com/im/pictures/36dde9a7-7131-4f3d-810f-239e9e2d473d.jpg?aki_policy=large"", ""https://a0.muscache.com/im/pictures/70d7de4f-e79c-4c23-ac91-4a7dfb112627.jpg?aki_policy=large"", ""https://a0.muscache.com/im/pictures/6b6cb09a-0307-4c44-b24b-cece66e24c11.jpg?aki_policy=large"", ""https://a0.muscache.com/im/pictures/a8f6b084-3dcb-4540-87ee-6873eecd7797.jpg?aki_policy=large"", ""https://a0.muscache.com/im/pictures/1f6c8c33-de48-4f0a-9493-a2f184aeca55.jpg?aki_policy=large"", ""https://a0.muscache.com/im/pictures/07e37658-618c-429c-b775-1120cea3ef67.jpg?aki_policy=large"", ""https://a0.muscache.com/im/pictures/65ff14e2-8fe9-4130-af6b-15f63b6cb138.jpg?aki_policy=large"", ""https://a0.muscache.com/im/pictures/d8711245-424e-49a0-a335-4f0be83dcba0.jpg?aki_policy=large"", ""https://a0.muscache.com/im/pictures/1c2db10e-41e1-4c62-9118-2347e50d496f.jpg?aki_policy=large"", ""https://a0.muscache.com/im/pictures/858a9c8b-d3a7-4d4c-9af5-ede26ffd97c5.jpg?aki_policy=large"", ""https://a0.muscache.com/im/pictures/048b8489-bd46-48dc-a6d5-4752f160588e.jpg?aki_policy=large""]";"{""beds"": 1, ""bedrooms"": 1, ""bathrooms"": 1.0, ""amenity_ids"": [1, 129, 2, 4, 8, 21, 85, 89, 90, 91, 92, 93, 30, 94, 95, 96, 33, 34, 35, 40, 104, 41, 42, 44, 45, 46, 47, 57, 61], ""is_rebookable"": false, ""is_new_listing"": false, ""is_fully_refundable"": true, ""is_host_highly_rated"": true, ""is_business_travel_ready"": false}";"{""weekly_factor"": 1.0, ""monthly_factor"": 1.0}";6866;"";"{""is_superhost"": false}"
21085017;Place Vosges,Picasso,Carnavalet &Beaubourg Museums;private_room;Paris;Le Marais;48.8584889695;2.36769787536;4;"[""https://a0.muscache.com/im/pictures/cfb30b66-f815-442e-a792-4c2f52bb3f4f.jpg?aki_policy=large"", ""https://a0.muscache.com/im/pictures/1f98ddbc-0167-4fe6-a20d-032ab1d8ef41.jpg?aki_policy=large"", ""https://a0.muscache.com/im/pictures/99bede05-dfac-4158-a9bc-fb49460fb416.jpg?aki_policy=large"", ""https://a0.muscache.com/im/pictures/1f3a8bf6-12b1-4623-9106-eb7324307ad1.jpg?aki_policy=large"", ""https://a0.muscache.com/im/pictures/5f78734a-b552-4ad0-bc06-f30efc02e38f.jpg?aki_policy=large"", ""https://a0.muscache.com/im/pictures/28889e50-2fd9-4c8d-a825-b458a47a3efb.jpg?aki_policy=large"", ""https://a0.muscache.com/im/pictures/5eacbbec-155d-4864-b77e-663f794e18e1.jpg?aki_policy=large"", ""https://a0.muscache.com/im/pictures/502ebeef-b3e7-4b51-bdef-3cce2d1b2192.jpg?aki_policy=large"", ""https://a0.muscache.com/im/pictures/64fb4357-c23d-440f-919b-2b383ec19cb8.jpg?aki_policy=large""]";"{""beds"": 2, ""bedrooms"": 1, ""bathrooms"": 1.0, ""amenity_ids"": [96, 1, 33, 2, 34, 4, 8, 40, 45, 77, 46, 85, 86, 57, 89, 90, 91, 92, 93, 30, 94, 95], ""is_rebookable"": false, ""is_new_listing"": false, ""is_fully_refundable"": false, ""is_host_highly_rated"": false, ""is_business_travel_ready"": false}";"{""weekly_factor"": 1.0, ""monthly_factor"": 1.0}";2748;"";"{""is_superhost"": false}"
21132669;Palais des Congrès Champs Élysées très bien situé!;entire_home;Paris;Ternes;48.8821047143;2.2854216052;2;"[""https://a0.muscache.com/im/pictures/26bb0fd6-a2d2-4f2e-bf35-592cd26fb185.jpg?aki_policy=large"", ""https://a0.muscache.com/im/pictures/f59c7c2a-7222-4aec-b99f-9872bf59a865.jpg?aki_policy=large"", ""https://a0.muscache.com/im/pictures/da3d2af9-ecd2-4381-bd0e-21302c54eebc.jpg?aki_policy=large"", ""https://a0.muscache.com/im/pictures/dd5340ed-bfc6-4713-9cc8-40062c8233e0.jpg?aki_policy=large"", ""https://a0.muscache.com/im/pictures/7f68be87-836f-4f73-8920-2de846a29cfc.jpg?aki_policy=large"", ""https://a0.muscache.com/im/pictures/0914da79-dc79-4a22-be53-46d17581432e.jpg?aki_policy=large"", ""https://a0.muscache.com/im/pictures/37743e2a-9801-4568-9807-7de2e99a92c2.jpg?aki_policy=large"", ""https://a0.muscache.com/im/pictures/edb48663-4fd1-465d-a5cb-9fde67806e02.jpg?aki_policy=large"", ""https://a0.muscache.com/im/pictures/50541301-6564-40bc-896a-702aabe7ff88.jpg?aki_policy=large"", ""https://a0.muscache.com/im/pictures/0f1b92f9-fa2d-4232-9ff3-6c0804c7cc66.jpg?aki_policy=large"", ""https://a0.muscache.com/im/pictures/7caa02fd-441c-4fe9-8a11-88ac170af98f.jpg?aki_policy=large"", ""https://a0.muscache.com/im/pictures/29ee6241-2812-4e8c-9648-48cb97657fd5.jpg?aki_policy=large"", ""https://a0.muscache.com/im/pictures/d9e015cf-1aaf-4022-86ed-31b9512a45ba.jpg?aki_policy=large"", ""https://a0.muscache.com/im/pictures/bca93cab-1727-4636-b7da-127060f850da.jpg?aki_policy=large"", ""https://a0.muscache.com/im/pictures/44fcca22-fb12-45db-98fe-46e8e4a05592.jpg?aki_policy=large"", ""https://a0.muscache.com/im/pictures/e73a72f8-00ce-4d82-b48c-694e1c392ca2.jpg?aki_policy=large"", ""https://a0.muscache.com/im/pictures/75ea0762-ead9-4205-8c15-0ca0649a3aae.jpg?aki_policy=large"", ""https://a0.muscache.com/im/pictures/f9fd73b7-26eb-4fc9-8255-494579a028b7.jpg?aki_policy=large"", ""https://a0.muscache.com/im/pictures/e72e93fb-07ab-4e64-8ffc-770a4e42ea84.jpg?aki_policy=large"", ""https://a0.muscache.com/im/pictures/677b941b-67d8-4e8a-bc85-6dfebbcdec05.jpg?aki_policy=large"", ""https://a0.muscache.com/im/pictures/c8d0f0ed-c563-4492-8401-39fc33e5e072.jpg?aki_policy=large"", ""https://a0.muscache.com/im/pictures/c8b241fe-21e5-4bfa-ae42-6b5c248a37c7.jpg?aki_policy=large""]";"{""beds"": 1, ""bedrooms"": 0, ""bathrooms"": 1.0, ""amenity_ids"": [1, 2, 4, 8, 10, 12, 77, 21, 85, 86, 87, 88, 89, 90, 91, 93, 30, 94, 95, 96, 35, 100, 103, 40, 104, 41, 44, 45, 46, 47, 51, 55], ""is_rebookable"": false, ""is_new_listing"": false, ""is_fully_refundable"": true, ""is_host_highly_rated"": true, ""is_business_travel_ready"": false}";"{""weekly_factor"": 1.0, ""monthly_factor"": 1.0}";1471;"";"{""is_superhost"": true}"
28684174;Chambre familiale vue jardin avec petit-déjeuner offert (jusqu'à 5 pers.);private_room;Paris;Ternes;48.8792225433;2.29238215577;5;"[""https://a0.muscache.com/im/pictures/618dae7c-8322-404c-849e-86216cb40060.jpg?aki_policy=large"", ""https://a0.muscache.com/im/pictures/ccaf38bb-df4f-4d69-91d4-ab1a7448ef2e.jpg?aki_policy=large"", ""https://a0.muscache.com/im/pictures/a27c15c7-edfa-4bd1-8507-f4d28d8d0839.jpg?aki_policy=large"", ""https://a0.muscache.com/im/pictures/d5ec0833-ddec-44f5-9912-ef080ec2c26e.jpg?aki_policy=large"", ""https://a0.muscache.com/im/pictures/b4cbd23e-6cd7-46c0-a43b-8c04d3e2947a.jpg?aki_policy=large"", ""https://a0.muscache.com/im/pictures/2270161d-8aba-4fc9-8917-3093a78bb8ff.jpg?aki_policy=large"", ""https://a0.muscache.com/im/pictures/3b322e7b-ca26-4ab3-bf24-d2517a097ee0.jpg?aki_policy=large"", ""https://a0.muscache.com/im/pictures/91924dc3-57c8-419b-aea2-3c06a52b0eb3.jpg?aki_policy=large"", ""https://a0.muscache.com/im/pictures/db55d34f-9fcf-41a6-be4b-2f8de46feb59.jpg?aki_policy=large"", ""https://a0.muscache.com/im/pictures/4e103398-5ec4-4d30-b129-73fe2407261d.jpg?aki_policy=large"", ""https://a0.muscache.com/im/pictures/b0e7cbf1-7b5e-497a-84fc-e6d49fb8acb9.jpg?aki_policy=large"", ""https://a0.muscache.com/im/pictures/12775dfc-f866-4cf7-8dc6-9f67be2cb849.jpg?aki_policy=large"", ""https://a0.muscache.com/im/pictures/5b4f6b56-25d1-420c-9ee3-0632131d3845.jpg?aki_policy=large""]";"{""bedrooms"": 1, ""bathrooms"": 1.0, ""amenity_ids"": [128, 1, 2, 4, 5, 77, 16, 21, 86, 87, 30, 35, 37, 101, 39, 103, 40, 45, 46, 110, 111, 112, 51, 115, 55, 127], ""is_rebookable"": false, ""is_new_listing"": true, ""is_fully_refundable"": true, ""is_host_highly_rated"": false, ""is_business_travel_ready"": false}";"{""weekly_factor"": 1.0, ""monthly_factor"": 1.0}";7731;"";"{""is_superhost"": false}"
21158039;Large one bedroom apartment close to Champs Élysée;entire_home;Paris;"";48.8824751391;2.30515544908;2;"[""https://a0.muscache.com/im/pictures/6533fc50-0981-4ab2-9cdd-da21b83e2c9c.jpg?aki_policy=large"", ""https://a0.muscache.com/im/pictures/ec52611b-b657-45e2-aa17-0c9ab74575b5.jpg?aki_policy=large"", ""https://a0.muscache.com/im/pictures/b5246410-ec1c-4edd-96e2-ccf57aef972c.jpg?aki_policy=large"", ""https://a0.muscache.com/im/pictures/8dfd4a15-dece-43d7-a96e-029717d67a01.jpg?aki_policy=large""]";"{""beds"": 1, ""bedrooms"": 1, ""bathrooms"": 1.0, ""amenity_ids"": [1, 33, 129, 2, 35, 4, 103, 8, 40, 41, 10, 44, 45, 77, 46, 47, 16, 21, 28, 30], ""is_rebookable"": false, ""is_new_listing"": false, ""is_fully_refundable"": true, ""is_host_highly_rated"": false, ""is_business_travel_ready"": false}";"{""weekly_factor"": 0.85, ""monthly_factor"": 0.7}";6923;"";"{""is_superhost"": false}"
21195416;Appartement charmant au Trocadéro;entire_home;Paris;Tour Eiffel - Champ de Mars;48.8591413122;2.28577305762;1;"[""https://a0.muscache.com/im/pictures/2e3f9de9-6770-4eab-b4a3-eb1b9fc19343.jpg?aki_policy=large"", ""https://a0.muscache.com/im/pictures/ea907690-13c5-481e-8e2b-e8cd45f6f441.jpg?aki_policy=large"", ""https://a0.muscache.com/im/pictures/75bd11c9-dc24-4fd7-911c-6e9ecaa96d0c.jpg?aki_policy=large"", ""https://a0.muscache.com/im/pictures/a643b381-e6eb-4bf5-ac76-fcf5e9a3c9b9.jpg?aki_policy=large"", ""https://a0.muscache.com/im/pictures/e7f56597-2719-4842-92af-df22ad1c9b37.jpg?aki_policy=large"", ""https://a0.muscache.com/im/pictures/705f9b91-e3f7-4c64-a26a-356acf2946bf.jpg?aki_policy=large"", ""https://a0.muscache.com/im/pictures/1949c580-4344-4cf4-b464-42a3f0b0e75c.jpg?aki_policy=large"", ""https://a0.muscache.com/im/pictures/38215e1f-628d-4659-8a31-ef5ec561c479.jpg?aki_policy=large"", ""https://a0.muscache.com/im/pictures/41baa1c6-c7fb-4159-998e-cf3cc70a3d53.jpg?aki_policy=large"", ""https://a0.muscache.com/im/pictures/65352d28-6db0-424f-9f3b-bac66ce96f8d.jpg?aki_policy=large"", ""https://a0.muscache.com/im/pictures/a20f13e0-547b-4074-8e9f-a1aae2ada88d.jpg?aki_policy=large"", ""https://a0.muscache.com/im/pictures/0bc96cf2-4913-4b0a-b8f0-02f58295417b.jpg?aki_policy=large"", ""https://a0.muscache.com/im/pictures/e864eef8-6a06-42de-94b4-90b73958b411.jpg?aki_policy=large"", ""https://a0.muscache.com/im/pictures/23acbaeb-a0fe-455b-83dc-8088b5d36122.jpg?aki_policy=large""]";"{""beds"": 1, ""bedrooms"": 0, ""bathrooms"": 1.0, ""amenity_ids"": [35, 4, 8, 40, 104, 41, 44, 45, 77, 46, 47, 51, 21, 54, 57, 30], ""is_rebookable"": false, ""is_new_listing"": false, ""is_fully_refundable"": true, ""is_host_highly_rated"": false, ""is_business_travel_ready"": false}";"{""weekly_factor"": 0.95, ""monthly_factor"": 0.85}";2967;"";"{""is_superhost"": false}"
21209192;Superior St Germain des Pres 1BDR;entire_home;Paris;Saint Germain des Prés - Odéon;48.8542436685;2.32647047929;4;"[""https://a0.muscache.com/im/pictures/bb28f4fb-e89c-404f-b027-67bb54c2478a.jpg?aki_policy=large"", ""https://a0.muscache.com/im/pictures/e8a256e4-d271-420a-a597-b968a61d5b7a.jpg?aki_policy=large"", ""https://a0.muscache.com/im/pictures/8ec18385-b89a-4e33-a1e4-182f749c4723.jpg?aki_policy=large"", ""https://a0.muscache.com/im/pictures/bdef6771-5d39-4015-b7af-925966613dd6.jpg?aki_policy=large"", ""https://a0.muscache.com/im/pictures/6bcc66f7-3f11-457a-bb55-b25a42e6edf1.jpg?aki_policy=large"", ""https://a0.muscache.com/im/pictures/a2ccf313-aaa0-4041-8ecc-c56a55949a83.jpg?aki_policy=large"", ""https://a0.muscache.com/im/pictures/6b378f61-fee7-4364-8c7a-cb3b11d469ee.jpg?aki_policy=large"", ""https://a0.muscache.com/im/pictures/674802cd-d6f4-45fb-9e9d-eae98e614078.jpg?aki_policy=large"", ""https://a0.muscache.com/im/pictures/6baa5781-6f24-42e4-acdd-a8ceafced9f3.jpg?aki_policy=large"", ""https://a0.muscache.com/im/pictures/f80e1569-bcdf-4154-a119-5b5ee6cdf496.jpg?aki_policy=large"", ""https://a0.muscache.com/im/pictures/6b417b43-591f-4e92-98a5-c5ee7c6ec480.jpg?aki_policy=large"", ""https://a0.muscache.com/im/pictures/811540b0-79b2-4b7e-8e43-99af3af166c6.jpg?aki_policy=large"", ""https://a0.muscache.com/im/pictures/0d83ddea-fdb2-4229-8d63-c0cda66d204f.jpg?aki_policy=large"", ""https://a0.muscache.com/im/pictures/e5793317-f454-44ab-bb81-69895babac76.jpg?aki_policy=large"", ""https://a0.muscache.com/im/pictures/7c33cd56-2c1d-4c1f-9195-5ab68a7d33e3.jpg?aki_policy=large"", ""https://a0.muscache.com/im/pictures/0c849cd9-bfc5-455e-9381-adb63c48574e.jpg?aki_policy=large"", ""https://a0.muscache.com/im/pictures/abd428b6-22e7-4096-9951-5d5b5016731d.jpg?aki_policy=large"", ""https://a0.muscache.com/im/pictures/d1295fe1-f5bd-4f25-8e82-a960de789d0b.jpg?aki_policy=large"", ""https://a0.muscache.com/im/pictures/d32c93ff-ff65-4efa-a918-525edc61a07a.jpg?aki_policy=large"", ""https://a0.muscache.com/im/pictures/987519b5-8fcc-4b34-93c0-fb4beb8589c7.jpg?aki_policy=large""]";"{""beds"": 2, ""bedrooms"": 1, ""bathrooms"": 1.0, ""amenity_ids"": [1, 129, 2, 4, 8, 10, 77, 85, 86, 87, 88, 89, 90, 91, 92, 93, 30, 94, 95, 96, 33, 35, 36, 40, 104, 44, 45, 46, 47], ""is_rebookable"": false, ""is_new_listing"": false, ""is_fully_refundable"": true, ""is_host_highly_rated"": true, ""is_business_travel_ready"": false}";"{""weekly_factor"": 1.0, ""monthly_factor"": 1.0}";2076;"";"{""is_superhost"": false}"
21221190;Cozy apartment near Luxembourg garden;entire_home;Paris;Port-Royal;48.8452450131;2.34089267051;2;"[""https://a0.muscache.com/im/pictures/3502b537-33c4-4980-bddf-d7fd608c3f43.jpg?aki_policy=large"", ""https://a0.muscache.com/im/pictures/7c17794a-2c05-407e-b4ed-b23080ad9599.jpg?aki_policy=large"", ""https://a0.muscache.com/im/pictures/1eb21efd-c56b-42d5-a689-4307253246d9.jpg?aki_policy=large"", ""https://a0.muscache.com/im/pictures/fffc7fc1-9200-4d3a-9394-c6821f0d6c0a.jpg?aki_policy=large"", ""https://a0.muscache.com/im/pictures/f2cc0cc9-532a-4b00-80fb-6d5e9ddfec53.jpg?aki_policy=large"", ""https://a0.muscache.com/im/pictures/a5e5e3a7-cb9c-4be8-9ae3-a95805ca4b30.jpg?aki_policy=large"", ""https://a0.muscache.com/im/pictures/1acc9f72-87c9-4d25-b589-6a67cb9ad03c.jpg?aki_policy=large"", ""https://a0.muscache.com/im/pictures/0f5ecfb0-94af-4e2b-8268-7e5999e682d8.jpg?aki_policy=large"", ""https://a0.muscache.com/im/pictures/9bf45893-f3d6-4d6a-b1f0-a88c2398ba39.jpg?aki_policy=large""]";"{""beds"": 1, ""bedrooms"": 1, ""bathrooms"": 1.0, ""amenity_ids"": [1, 129, 4, 8, 10, 11, 21, 25, 90, 91, 93, 30, 94, 95, 96, 33, 34, 98, 35, 37, 40, 41, 44, 46, 47, 57], ""is_rebookable"": false, ""is_new_listing"": false, ""is_fully_refundable"": true, ""is_host_highly_rated"": false, ""is_business_travel_ready"": false}";"{""weekly_factor"": 0.9, ""monthly_factor"": 0.72}";7526;"";"{""is_superhost"": false}"
21235720;Quiet and design in central 2nd arrondissement;entire_home;Paris;2e arrondissement;48.8670637621;2.34620572933;2;"[""https://a0.muscache.com/im/pictures/a8b34491-79c2-4921-b7b1-25a4eb549dee.jpg?aki_policy=large"", ""https://a0.muscache.com/im/pictures/17fcce1e-2cb2-4a8a-b564-5e0ac6a3defc.jpg?aki_policy=large"", ""https://a0.muscache.com/im/pictures/b4f30464-d9af-41b1-873e-09fa2afea728.jpg?aki_policy=large"", ""https://a0.muscache.com/im/pictures/6ff6916a-f2c7-4b6e-b671-04a7a1e9b195.jpg?aki_policy=large"", ""https://a0.muscache.com/im/pictures/bc157c29-3d12-4c24-9127-f6169687cd55.jpg?aki_policy=large"", ""https://a0.muscache.com/im/pictures/4161ed89-715a-48f0-88be-250932c433f9.jpg?aki_policy=large"", ""https://a0.muscache.com/im/pictures/7164de62-18f5-40fb-a50b-590461c5f840.jpg?aki_policy=large"", ""https://a0.muscache.com/im/pictures/0e9f8ff7-154c-4aef-8699-fb5fa74be8fe.jpg?aki_policy=large"", ""https://a0.muscache.com/im/pictures/de7e083e-eba3-4a6e-ab6e-37048d2a86d1.jpg?aki_policy=large"", ""https://a0.muscache.com/im/pictures/3b0325ca-5007-4c99-bb53-3e1a7f8161e0.jpg?aki_policy=large"", ""https://a0.muscache.com/im/pictures/dda529e9-4d16-409e-bebd-3e4b7d44717c.jpg?aki_policy=large"", ""https://a0.muscache.com/im/pictures/47d83eec-1dbf-4a60-9934-7c7f6f434b87.jpg?aki_policy=large"", ""https://a0.muscache.com/im/pictures/3d5a60c1-0f7b-4771-b104-6bce9862223f.jpg?aki_policy=large"", ""https://a0.muscache.com/im/pictures/81dba936-7f80-45ad-b89b-23d1d33c0d0a.jpg?aki_policy=large"", ""https://a0.muscache.com/im/pictures/19cdf8e3-14d9-4719-9dfd-7790157186d0.jpg?aki_policy=large"", ""https://a0.muscache.com/im/pictures/d1322744-e171-47bd-87a6-0b8674608a53.jpg?aki_policy=large"", ""https://a0.muscache.com/im/pictures/58749d8a-b74f-4474-b8f2-e44e8a573768.jpg?aki_policy=large"", ""https://a0.muscache.com/im/pictures/8f56dacc-1c21-4002-8fd4-44a6bf98a008.jpg?aki_policy=large"", ""https://a0.muscache.com/im/pictures/acf6ddd4-aacb-4b09-bf3b-220a20e629d8.jpg?aki_policy=large"", ""https://a0.muscache.com/im/pictures/d354989a-5c02-4f62-8c61-4511e39c3ce9.jpg?aki_policy=large"", ""https://a0.muscache.com/im/pictures/bdfeb475-15e7-4b9b-91ce-d7b95b306210.jpg?aki_policy=large"", ""https://a0.muscache.com/im/pictures/461f9809-deea-4552-9450-34340addc3c4.jpg?aki_policy=large"", ""https://a0.muscache.com/im/pictures/eeffcd73-c2f0-48e7-9103-347af140ff52.jpg?aki_policy=large"", ""https://a0.muscache.com/im/pictures/14928684-235b-45a3-a2dc-02e167a472c8.jpg?aki_policy=large"", ""https://a0.muscache.com/im/pictures/aaa40670-be42-423e-a1ea-3d5a9330b2a2.jpg?aki_policy=large"", ""https://a0.muscache.com/im/pictures/759e066c-58bd-4d04-9f9a-1c8c7a1efe50.jpg?aki_policy=large""]";"{""beds"": 2, ""bedrooms"": 1, ""bathrooms"": 1.0, ""amenity_ids"": [1, 2, 4, 8, 10, 77, 85, 89, 90, 91, 92, 93, 30, 94, 95, 96, 33, 34, 35, 39, 103, 40, 104, 41, 42, 44, 45, 46, 47, 51, 54, 57], ""is_rebookable"": false, ""is_new_listing"": false, ""is_fully_refundable"": true, ""is_host_highly_rated"": true, ""is_business_travel_ready"": false}";"{""weekly_factor"": 0.9, ""monthly_factor"": 0.7}";3454;"";"{""is_superhost"": true}"
21362432;Le Perchoir;entire_home;Paris;Le Marais;48.8582300738;2.36748299467;2;"[""https://a0.muscache.com/im/pictures/22fc1bee-719b-4e9c-8a8d-c3eb8fcab853.jpg?aki_policy=large"", ""https://a0.muscache.com/im/pictures/9d26d44e-fb56-48a9-a576-c53dfee25d9e.jpg?aki_policy=large"", ""https://a0.muscache.com/im/pictures/5778b31f-bd79-486e-ba1b-55b4b066ab05.jpg?aki_policy=large"", ""https://a0.muscache.com/im/pictures/b01876cc-47b3-4561-87cd-a393b91921d2.jpg?aki_policy=large"", ""https://a0.muscache.com/im/pictures/83a79a6e-9291-4cbe-9c25-02d8a3a59674.jpg?aki_policy=large"", ""https://a0.muscache.com/im/pictures/1d1e801a-e676-4855-b8e8-c3235885a345.jpg?aki_policy=large"", ""https://a0.muscache.com/im/pictures/0140293f-4d12-4760-a5ed-79e4b56433f9.jpg?aki_policy=large"", ""https://a0.muscache.com/im/pictures/f86e2273-de21-444c-9f09-05a8bba74cf1.jpg?aki_policy=large"", ""https://a0.muscache.com/im/pictures/c7c006b4-8c6a-4dc9-8ed6-ec6b7efb86a5.jpg?aki_policy=large"", ""https://a0.muscache.com/im/pictures/d7e8cf56-0707-48ec-8546-2197e420340e.jpg?aki_policy=large"", ""https://a0.muscache.com/im/pictures/350ca82d-d982-48a3-9e31-4daec3f1fb2b.jpg?aki_policy=large"", ""https://a0.muscache.com/im/pictures/070f08d2-1cd9-4adc-a536-e36467f93332.jpg?aki_policy=large"", ""https://a0.muscache.com/im/pictures/2a75cd97-a5cb-4d3f-9306-ff57cd20deae.jpg?aki_policy=large"", ""https://a0.muscache.com/im/pictures/4e2aeac9-257f-43ee-9aaf-69aa096ff7ca.jpg?aki_policy=large""]";"{""beds"": 1, ""bedrooms"": 0, ""bathrooms"": 1.0, ""amenity_ids"": [67, 4, 8, 73, 10, 77, 16, 21, 85, 87, 90, 91, 93, 30, 94, 96, 33, 35, 36, 37, 38, 39, 103, 40, 104, 41, 42, 44, 45, 109, 46, 47, 111, 113, 51, 115, 116, 54, 120, 57], ""is_rebookable"": false, ""is_new_listing"": false, ""is_fully_refundable"": true, ""is_host_highly_rated"": true, ""is_business_travel_ready"": false}";"{""weekly_factor"": 0.85, ""monthly_factor"": 0.7}";4185;"";"{""is_superhost"": true}"
21381007;Chambre privée sur le Canal Saint-Martin;private_room;Paris-10E-Arrondissement;Canal Saint-Martin;48.8779195828;2.36262342124;2;"[""https://a0.muscache.com/im/pictures/3ce712a8-fae7-475a-9e1c-9edc4ee30778.jpg?aki_policy=large"", ""https://a0.muscache.com/im/pictures/654327a1-7417-4dc3-984e-74bd852e07d0.jpg?aki_policy=large"", ""https://a0.muscache.com/im/pictures/f85384ae-05f8-4594-b461-2205e1b6a17d.jpg?aki_policy=large"", ""https://a0.muscache.com/im/pictures/c68e032b-8c64-4709-8651-b589653a4aaa.jpg?aki_policy=large"", ""https://a0.muscache.com/im/pictures/6186e4dc-7e8b-49f2-9e94-3855f533a551.jpg?aki_policy=large"", ""https://a0.muscache.com/im/pictures/7ad7a069-aa1e-4bab-9840-635a2bc0c316.jpg?aki_policy=large"", ""https://a0.muscache.com/im/pictures/64ed57f6-12ad-490b-beaf-742b5fec6a0d.jpg?aki_policy=large"", ""https://a0.muscache.com/im/pictures/6fd83a22-240d-4e23-9d2b-a100ef01a799.jpg?aki_policy=large"", ""https://a0.muscache.com/im/pictures/31d7c02e-6a00-4ef1-b021-b543d00cb8c3.jpg?aki_policy=large"", ""https://a0.muscache.com/im/pictures/1862ef99-31b0-4119-9cb1-f046d7582fb7.jpg?aki_policy=large""]";"{""beds"": 1, ""bedrooms"": 1, ""bathrooms"": 1.0, ""amenity_ids"": [1, 33, 129, 35, 4, 37, 8, 40, 41, 42, 44, 45, 77, 46, 47, 16, 21, 30], ""is_rebookable"": false, ""is_new_listing"": false, ""is_fully_refundable"": true, ""is_host_highly_rated"": true, ""is_business_travel_ready"": false}";"{""weekly_factor"": 0.85, ""monthly_factor"": 0.7}";3329;"";"{""is_superhost"": true}"
21420977;Latin Quarter - Notre Dame - Central Paris flat;entire_home;Paris;Saint-Michel;48.8522913909;2.34393365618;4;"[""https://a0.muscache.com/im/pictures/1067e412-9319-4199-b766-55c259ae9cc0.jpg?aki_policy=large"", ""https://a0.muscache.com/im/pictures/b0ce7290-e82e-43c8-9ed3-93bfe4f54479.jpg?aki_policy=large"", ""https://a0.muscache.com/im/pictures/62b3c6b9-f2af-4835-adc7-0327c91faf65.jpg?aki_policy=large"", ""https://a0.muscache.com/im/pictures/7016f1d2-592d-4b1f-a547-cf778f2252da.jpg?aki_policy=large"", ""https://a0.muscache.com/im/pictures/d0168d50-5492-46ac-a9dd-ce01addb2457.jpg?aki_policy=large"", ""https://a0.muscache.com/im/pictures/740cf044-fb46-429c-a687-61ace62fb930.jpg?aki_policy=large"", ""https://a0.muscache.com/im/pictures/716db824-304b-47e4-be19-80d05e57e78a.jpg?aki_policy=large"", ""https://a0.muscache.com/im/pictures/8d4791ff-92eb-4366-afcd-19caae39015b.jpg?aki_policy=large"", ""https://a0.muscache.com/im/pictures/8f04f838-a910-44aa-a7df-b01432b0f0dc.jpg?aki_policy=large"", ""https://a0.muscache.com/im/pictures/944a59d7-e68d-48ed-9b69-6121fa8fdcb0.jpg?aki_policy=large"", ""https://a0.muscache.com/im/pictures/fac7f53b-66fa-4ca7-b365-d6f270bb6f92.jpg?aki_policy=large"", ""https://a0.muscache.com/im/pictures/bfe22ce6-b7b5-4caa-8697-6c8ee88f1344.jpg?aki_policy=large"", ""https://a0.muscache.com/im/pictures/1b84a218-f677-43af-ac02-ef0dc3e9a853.jpg?aki_policy=large"", ""https://a0.muscache.com/im/pictures/6c4baf2b-dc4a-4401-8d05-a01dc47fb37f.jpg?aki_policy=large"", ""https://a0.muscache.com/im/pictures/950e769b-7ce2-412d-adad-90cf3755d88d.jpg?aki_policy=large"", ""https://a0.muscache.com/im/pictures/eda6f9eb-0628-4607-b9f8-78101913b2c1.jpg?aki_policy=large"", ""https://a0.muscache.com/im/pictures/8120aa36-edde-4db0-800f-2d0b47f569a7.jpg?aki_policy=large"", ""https://a0.muscache.com/im/pictures/59c8ae7c-55a4-478e-a9c6-495ddfacf6f2.jpg?aki_policy=large"", ""https://a0.muscache.com/im/pictures/253fe129-46b1-41eb-bf19-d15e6d902af7.jpg?aki_policy=large"", ""https://a0.muscache.com/im/pictures/11a6bfaa-a320-4fcf-8975-db58ce1df8d4.jpg?aki_policy=large"", ""https://a0.muscache.com/im/pictures/2b48ffc3-908c-44be-9983-bcf719363a63.jpg?aki_policy=large"", ""https://a0.muscache.com/im/pictures/4391dc71-0927-4075-9628-a8f8169a004f.jpg?aki_policy=large"", ""https://a0.muscache.com/im/pictures/e65b7232-2f3a-4e55-81d1-e8d3c24fb9da.jpg?aki_policy=large"", ""https://a0.muscache.com/im/pictures/a8130dcc-d759-48a2-a816-bffbc0aae349.jpg?aki_policy=large"", ""https://a0.muscache.com/im/pictures/3160c743-242e-412a-81a4-ca1020670c4c.jpg?aki_policy=large"", ""https://a0.muscache.com/im/pictures/7f533ce9-1c80-4100-a102-5bd849f6242f.jpg?aki_policy=large"", ""https://a0.muscache.com/im/pictures/fb1056eb-1b17-4b63-8670-603f8281def6.jpg?aki_policy=large"", ""https://a0.muscache.com/im/pictures/9a9aa01c-2172-43e8-9877-8ddc44550f53.jpg?aki_policy=large"", ""https://a0.muscache.com/im/pictures/e4995e25-669a-4794-810c-1020fb76b6a1.jpg?aki_policy=large"", ""https://a0.muscache.com/im/pictures/96c852fb-acf8-44c7-86a9-12e52392739a.jpg?aki_policy=large""]";"{""beds"": 2, ""bedrooms"": 1, ""bathrooms"": 1.0, ""amenity_ids"": [1, 2, 67, 4, 71, 8, 72, 77, 85, 86, 87, 88, 89, 90, 91, 92, 93, 30, 94, 31, 95, 96, 33, 98, 35, 38, 39, 103, 40, 104, 41, 44, 45, 46, 47], ""is_rebookable"": false, ""is_new_listing"": false, ""is_fully_refundable"": true, ""is_host_highly_rated"": false, ""is_business_travel_ready"": false}";"{""weekly_factor"": 1.0, ""monthly_factor"": 1.0}";3695;"";"{""is_superhost"": false}"
21427199;ACROSS EIFFEL TOWER - Remodeled 2 Bedrs  Apartment;entire_home;Paris;Tour Eiffel - Champ de Mars;48.8565127324;2.29564312058;4;"[""https://a0.muscache.com/im/pictures/17b86881-bbe7-4aa9-825a-7cd12da0363c.jpg?aki_policy=large"", ""https://a0.muscache.com/im/pictures/cd337f18-a0ec-420e-993f-b51843211d78.jpg?aki_policy=large"", ""https://a0.muscache.com/im/pictures/6d5a8514-8515-48f8-85c5-b949e78a1bcf.jpg?aki_policy=large"", ""https://a0.muscache.com/im/pictures/702685aa-5dca-4a9e-b9fc-c22f19138f3a.jpg?aki_policy=large"", ""https://a0.muscache.com/im/pictures/640a27e2-12cc-4b24-8e3f-718d42eda6c5.jpg?aki_policy=large"", ""https://a0.muscache.com/im/pictures/719d57d6-9e61-4891-ae5e-aac0a487dd8a.jpg?aki_policy=large"", ""https://a0.muscache.com/im/pictures/ba335dd5-70c8-4f8c-ba5b-f46a61f96870.jpg?aki_policy=large"", ""https://a0.muscache.com/im/pictures/d282208a-90db-4b71-b10a-244814711381.jpg?aki_policy=large"", ""https://a0.muscache.com/im/pictures/161dea17-2594-4b40-9054-7b67cf1fba27.jpg?aki_policy=large"", ""https://a0.muscache.com/im/pictures/71b34479-f22c-4627-987f-3878bfb1ad98.jpg?aki_policy=large"", ""https://a0.muscache.com/im/pictures/8786ee51-6eed-442d-910e-4550636f7159.jpg?aki_policy=large"", ""https://a0.muscache.com/im/pictures/5144c2a4-634a-438a-9f8f-8ab1ee4a02ef.jpg?aki_policy=large"", ""https://a0.muscache.com/im/pictures/c7b8f6cf-eb3f-4a0c-9801-ae89b7eafe9e.jpg?aki_policy=large"", ""https://a0.muscache.com/im/pictures/599d8d5b-1f9d-41ee-b1a1-b5ceebcbb2aa.jpg?aki_policy=large"", ""https://a0.muscache.com/im/pictures/9597c44e-15fd-4deb-84c9-2e3ce0c1e3d6.jpg?aki_policy=large"", ""https://a0.muscache.com/im/pictures/2e104bc9-50f0-47d7-a9cb-f0b16771bd8e.jpg?aki_policy=large"", ""https://a0.muscache.com/im/pictures/5be60f32-40f5-4a4d-a131-81175afeb80d.jpg?aki_policy=large"", ""https://a0.muscache.com/im/pictures/d16f565e-15f9-45ec-8bdd-50b43be10413.jpg?aki_policy=large"", ""https://a0.muscache.com/im/pictures/059b0b98-0fcd-40d3-9553-76bb90b6d263.jpg?aki_policy=large"", ""https://a0.muscache.com/im/pictures/e166e5c3-2c05-4a1b-b079-6f64efce393a.jpg?aki_policy=large"", ""https://a0.muscache.com/im/pictures/ba376d34-e03e-4c3c-ba57-81f24ee1145c.jpg?aki_policy=large"", ""https://a0.muscache.com/im/pictures/12ea92a4-169a-4773-b37e-f5fdef252b7d.jpg?aki_policy=large"", ""https://a0.muscache.com/im/pictures/b17bad30-93cb-4011-9d92-b39fbe3e6c49.jpg?aki_policy=large"", ""https://a0.muscache.com/im/pictures/c1bfa05b-8329-4e93-8dc4-b5bed7adb1ef.jpg?aki_policy=large"", ""https://a0.muscache.com/im/pictures/07af45fa-e084-4fb2-868c-ea6282319b98.jpg?aki_policy=large"", ""https://a0.muscache.com/im/pictures/27de12b4-e768-40ac-8506-65ba99f9408b.jpg?aki_policy=large"", ""https://a0.muscache.com/im/pictures/b7db3100-fe27-4a3d-bb12-af45ea030430.jpg?aki_policy=large"", ""https://a0.muscache.com/im/pictures/a23e980a-79a0-4545-90a8-c6e2d9e1c118.jpg?aki_policy=large"", ""https://a0.muscache.com/im/pictures/cb737ece-df75-4b69-97fc-ade73f4f2117.jpg?aki_policy=large"", ""https://a0.muscache.com/im/pictures/ff866e49-162f-4f19-99e9-149ee1a4df46.jpg?aki_policy=large""]";"{""beds"": 4, ""bedrooms"": 2, ""bathrooms"": 1.5, ""amenity_ids"": [128, 1, 129, 2, 66, 4, 8, 73, 10, 77, 85, 86, 87, 89, 90, 91, 92, 93, 30, 94, 31, 95, 96, 33, 34, 35, 36, 37, 39, 103, 40, 104, 41, 42, 44, 45, 109, 46, 47, 113, 117, 118, 57], ""is_rebookable"": false, ""is_new_listing"": false, ""is_fully_refundable"": true, ""is_host_highly_rated"": true, ""is_business_travel_ready"": false}";"{""weekly_factor"": 0.9, ""monthly_factor"": 0.75}";4047;"";"{""is_superhost"": false}"
21435671;Parisian Loft with great volume, light & location;entire_home;Paris;Ternes;48.8826913739;2.2880404319;4;"[""https://a0.muscache.com/im/pictures/2eb76df1-4913-4f7c-926e-c262ca117079.jpg?aki_policy=large"", ""https://a0.muscache.com/im/pictures/fd2df551-c4db-491d-956c-6e90bfc6c34b.jpg?aki_policy=large"", ""https://a0.muscache.com/im/pictures/fea461aa-e827-4808-85c0-823546161937.jpg?aki_policy=large"", ""https://a0.muscache.com/im/pictures/bafaca4d-2117-4f70-ad35-812db6d710e8.jpg?aki_policy=large"", ""https://a0.muscache.com/im/pictures/00e21c01-aace-4cb0-a049-1556ca587e09.jpg?aki_policy=large"", ""https://a0.muscache.com/im/pictures/f18f9d6c-e8f0-41ce-b1e2-ad35b8b1781d.jpg?aki_policy=large"", ""https://a0.muscache.com/im/pictures/4d813019-ebe3-4338-97d4-a0f99cbf98db.jpg?aki_policy=large"", ""https://a0.muscache.com/im/pictures/3ecfe1ae-dd8c-4e0e-82ca-17363352e53f.jpg?aki_policy=large"", ""https://a0.muscache.com/im/pictures/2fa58f80-8eaa-46db-929c-5d74e0e55b93.jpg?aki_policy=large"", ""https://a0.muscache.com/im/pictures/07886f20-09c1-4310-8f44-d078a8caaafa.jpg?aki_policy=large"", ""https://a0.muscache.com/im/pictures/ee334bfb-2a0f-47f2-ae3a-1b2506e9885b.jpg?aki_policy=large"", ""https://a0.muscache.com/im/pictures/f09748a7-ed2e-455d-96a1-f6b45219fe5f.jpg?aki_policy=large"", ""https://a0.muscache.com/im/pictures/cdac2eb7-8fbc-4a52-bc68-e77f63421ce2.jpg?aki_policy=large"", ""https://a0.muscache.com/im/pictures/0ce0b5a2-2acb-4436-9597-7e4f48bb44f8.jpg?aki_policy=large""]";"{""beds"": 2, ""bedrooms"": 2, ""bathrooms"": 2.0, ""amenity_ids"": [1, 33, 35, 4, 8, 40, 104, 41, 10, 44, 45, 77, 46, 47, 51, 55, 57, 30, 31], ""is_rebookable"": false, ""is_new_listing"": false, ""is_fully_refundable"": true, ""is_host_highly_rated"": true, ""is_business_travel_ready"": false}";"{""weekly_factor"": 0.85, ""monthly_factor"": 0.7}";641;"";"{""is_superhost"": false}"
21526288;Chambre Cosy pour 2 au cœur  de Paris;private_room;Paris;Châtelet - Les Halles - Beaubourg;48.8610123834;2.34598079826;2;"[""https://a0.muscache.com/im/pictures/9ee1a17c-c4a2-47c2-85bc-13dc8eccacde.jpg?aki_policy=large"", ""https://a0.muscache.com/im/pictures/ef2db1a8-1814-4dfa-9dd8-07d6543898ce.jpg?aki_policy=large"", ""https://a0.muscache.com/im/pictures/1371a195-0e2f-4521-a6d1-f8b0561fa533.jpg?aki_policy=large"", ""https://a0.muscache.com/im/pictures/3ca58abe-5b50-4808-91e5-abb2e014545e.jpg?aki_policy=large""]";"{""beds"": 1, ""bedrooms"": 1, ""bathrooms"": 1.0, ""amenity_ids"": [35, 4, 36, 8, 40, 41, 44, 45, 77, 46, 21, 85, 30], ""is_rebookable"": false, ""is_new_listing"": false, ""is_fully_refundable"": true, ""is_host_highly_rated"": true, ""is_business_travel_ready"": false}";"{""weekly_factor"": 1.0, ""monthly_factor"": 1.0}";6254;"";"{""is_superhost"": false}"
21465389;Left Bank Living near Notre Dame;entire_home;Paris;"";48.849955453;2.35141737306;4;"[""https://a0.muscache.com/im/pictures/8f694adb-52ad-4073-9827-392e5d960e2a.jpg?aki_policy=large"", ""https://a0.muscache.com/im/pictures/b2d3e36f-9bbe-441a-bc81-ffe98c794fe5.jpg?aki_policy=large"", ""https://a0.muscache.com/im/pictures/9bb142ac-68b8-4e1b-888d-528cfcfba0dd.jpg?aki_policy=large"", ""https://a0.muscache.com/im/pictures/a9a1a2bd-b4ce-4218-8c63-325ec6df670f.jpg?aki_policy=large"", ""https://a0.muscache.com/im/pictures/8c38a37a-be54-49ee-abb2-e6f8e2f6037a.jpg?aki_policy=large"", ""https://a0.muscache.com/im/pictures/f21f597e-8833-4d0a-b2a8-d8c7446b9a56.jpg?aki_policy=large"", ""https://a0.muscache.com/im/pictures/77f06c59-89f8-47c7-9441-76d8b2a3d8de.jpg?aki_policy=large""]";"{""beds"": 1, ""bedrooms"": 1, ""bathrooms"": 1.0, ""amenity_ids"": [33, 35, 4, 8, 40, 56, 41, 44, 45, 30, 46, 31], ""is_rebookable"": false, ""is_new_listing"": false, ""is_fully_refundable"": true, ""is_host_highly_rated"": true, ""is_business_travel_ready"": false}";"{""weekly_factor"": 1.0, ""monthly_factor"": 1.0}";917;"";"{""is_superhost"": true}"
21467505;Appartamento centralissimo nel 7eme arrondissement;entire_home;Paris;Invalides - Ecole Militaire;48.8491007327;2.31214970897;5;"[""https://a0.muscache.com/im/pictures/560dccbd-b168-402a-b93b-3fd99e5dd20a.jpg?aki_policy=large"", ""https://a0.muscache.com/im/pictures/4da402e2-f2f0-42c2-bf01-050c48075338.jpg?aki_policy=large"", ""https://a0.muscache.com/im/pictures/57719e3e-a3b8-4fdd-86ac-3dbc3c906378.jpg?aki_policy=large"", ""https://a0.muscache.com/im/pictures/4af1e45e-9157-4e0d-9fb8-463d3699cbd3.jpg?aki_policy=large"", ""https://a0.muscache.com/im/pictures/a852205a-3637-4dc8-9be7-c1ab68cdab55.jpg?aki_policy=large"", ""https://a0.muscache.com/im/pictures/68800710-becb-4ee6-ab78-0c60c46cbc85.jpg?aki_policy=large"", ""https://a0.muscache.com/im/pictures/225ab299-18e8-4e30-ada1-fbcd806c092a.jpg?aki_policy=large"", ""https://a0.muscache.com/im/pictures/bcced257-f70d-4a7e-89e8-42aded4fa079.jpg?aki_policy=large"", ""https://a0.muscache.com/im/pictures/17abef40-7b35-46a5-a9ae-a2299e2e735e.jpg?aki_policy=large"", ""https://a0.muscache.com/im/pictures/affca548-f411-4be9-b38d-f1bcb11ba474.jpg?aki_policy=large"", ""https://a0.muscache.com/im/pictures/cc4d81cc-88fb-4a87-bcd0-8812dd93e3b3.jpg?aki_policy=large"", ""https://a0.muscache.com/im/pictures/58a2716f-2d60-4dd4-a617-c24f7879a191.jpg?aki_policy=large"", ""https://a0.muscache.com/im/pictures/dbe0f2c9-ab5f-4eb5-87d8-63eddafc8e8c.jpg?aki_policy=large"", ""https://a0.muscache.com/im/pictures/8a1dbd37-d31f-49de-84c7-c0898509c922.jpg?aki_policy=large"", ""https://a0.muscache.com/im/pictures/4fe75afc-68bb-4f1c-bef5-68ac4082d828.jpg?aki_policy=large"", ""https://a0.muscache.com/im/pictures/bf24e277-96cc-4577-92c4-e6b32bc44665.jpg?aki_policy=large"", ""https://a0.muscache.com/im/pictures/3e3a79a1-ed81-49a4-86bf-ec898f41c4a3.jpg?aki_policy=large"", ""https://a0.muscache.com/im/pictures/9b7b70ff-3b85-4925-8a87-55dab4d0aba7.jpg?aki_policy=large"", ""https://a0.muscache.com/im/pictures/0f9c5c93-43b8-432a-9bc9-e3db366132ab.jpg?aki_policy=large"", ""https://a0.muscache.com/im/pictures/361c2705-9f5b-4b93-ab7f-d4d3031d5153.jpg?aki_policy=large"", ""https://a0.muscache.com/im/pictures/0de9ef4d-88ae-43fd-9647-804eff82050f.jpg?aki_policy=large"", ""https://a0.muscache.com/im/pictures/86f0627b-3677-447c-b220-a3f58cd6a601.jpg?aki_policy=large"", ""https://a0.muscache.com/im/pictures/e6a8ee33-4d73-4b65-be25-274d1dc7f7db.jpg?aki_policy=large"", ""https://a0.muscache.com/im/pictures/59c02816-6a09-4d28-98af-b784b05da8a0.jpg?aki_policy=large""]";"{""beds"": 4, ""bedrooms"": 3, ""bathrooms"": 1.0, ""amenity_ids"": [1, 33, 4, 21, 38, 8, 44, 45, 30, 46, 31, 47], ""is_rebookable"": false, ""is_new_listing"": false, ""is_fully_refundable"": true, ""is_host_highly_rated"": true, ""is_business_travel_ready"": false}";"{""weekly_factor"": 0.69, ""monthly_factor"": 1.0}";5646;"";"{""is_superhost"": true}"
21496173;Studio 37m2 Alcove Paris–Gare de Lyon, Nation;entire_home;Paris;Gare de Lyon;48.846795426;2.38569891418;2;"[""https://a0.muscache.com/im/pictures/cf7ba87b-4129-41c7-9452-dc7e7164cc7a.jpg?aki_policy=large"", ""https://a0.muscache.com/im/pictures/7d378cc7-3735-4f93-895e-91bac4d33c45.jpg?aki_policy=large"", ""https://a0.muscache.com/im/pictures/b69bd622-c68a-48aa-b94d-d8c3380b1639.jpg?aki_policy=large"", ""https://a0.muscache.com/im/pictures/36c839c1-dec9-45f1-9adc-b7abc61bb168.jpg?aki_policy=large"", ""https://a0.muscache.com/im/pictures/1d6d969b-1590-4e4f-97c8-62194e501fe9.jpg?aki_policy=large"", ""https://a0.muscache.com/im/pictures/b7d6db4d-2205-4712-94a2-b31abb134e76.jpg?aki_policy=large"", ""https://a0.muscache.com/im/pictures/7e1ffded-6ae5-4058-8b49-2d6ecb1bf24a.jpg?aki_policy=large"", ""https://a0.muscache.com/im/pictures/88f937eb-6aea-4f25-bf81-e0177bf0b986.jpg?aki_policy=large"", ""https://a0.muscache.com/im/pictures/c0aa7775-3249-4efc-a424-b21c3507437d.jpg?aki_policy=large"", ""https://a0.muscache.com/im/pictures/794e02c9-d756-428e-a159-ce7cab2b03ad.jpg?aki_policy=large"", ""https://a0.muscache.com/im/pictures/9792e61b-aec3-46ef-ba42-422102fedb45.jpg?aki_policy=large"", ""https://a0.muscache.com/im/pictures/17b8c264-021d-46a8-b5c8-942f3cb960d5.jpg?aki_policy=large"", ""https://a0.muscache.com/im/pictures/8a8485c8-c024-43a4-9681-1551587664d6.jpg?aki_policy=large"", ""https://a0.muscache.com/im/pictures/7b2c3ff8-e290-411e-9c31-629b84994ee9.jpg?aki_policy=large"", ""https://a0.muscache.com/im/pictures/c1430120-0be5-4864-8144-551a817d2f4f.jpg?aki_policy=large"", ""https://a0.muscache.com/im/pictures/6ad027e2-3c01-4ec7-ba58-9aa744b5c4d8.jpg?aki_policy=large"", ""https://a0.muscache.com/im/pictures/77119a62-c3fe-4ace-976d-aa46479595c4.jpg?aki_policy=large"", ""https://a0.muscache.com/im/pictures/7247c787-d7ea-4cc9-97db-ea01943bd3be.jpg?aki_policy=large"", ""https://a0.muscache.com/im/pictures/58e81a0a-2c8b-4f36-a938-24d127ca3092.jpg?aki_policy=large"", ""https://a0.muscache.com/im/pictures/a3907020-3df3-4ea0-bc4c-6f2dfb5eabae.jpg?aki_policy=large"", ""https://a0.muscache.com/im/pictures/5a5e4aee-44b2-4e1a-bed6-356464f0ef13.jpg?aki_policy=large"", ""https://a0.muscache.com/im/pictures/702e4b6a-7dec-4956-84ba-0fe579a10008.jpg?aki_policy=large"", ""https://a0.muscache.com/im/pictures/55bb5dd2-c39c-4a17-9208-1ba144ca8175.jpg?aki_policy=large""]";"{""beds"": 1, ""bedrooms"": 0, ""bathrooms"": 1.0, ""amenity_ids"": [1, 33, 35, 4, 36, 8, 40, 41, 44, 45, 46, 47, 57, 30], ""is_rebookable"": false, ""is_new_listing"": false, ""is_fully_refundable"": true, ""is_host_highly_rated"": false, ""is_business_travel_ready"": false}";"{""weekly_factor"": 1.0, ""monthly_factor"": 0.73}";2228;"";"{""is_superhost"": false}"
21570429;83SQM 3 BEDROOM WITH EIFFEL VIEWS;private_room;Paris;Tour Eiffel - Champ de Mars;48.8600754509;2.30895059254;8;"[""https://a0.muscache.com/im/pictures/a9ed2410-007b-446f-87aa-8ccaf2ff68ed.jpg?aki_policy=large"", ""https://a0.muscache.com/im/pictures/fa41f99a-1552-4062-8949-44bda33acf60.jpg?aki_policy=large"", ""https://a0.muscache.com/im/pictures/8d0b6e5c-f6bd-485f-af0f-2ef90b92b6bd.jpg?aki_policy=large"", ""https://a0.muscache.com/im/pictures/267cf8f4-9281-4471-b78b-310aede1802c.jpg?aki_policy=large"", ""https://a0.muscache.com/im/pictures/3a25b61d-b395-4647-9561-aa043e48503c.jpg?aki_policy=large"", ""https://a0.muscache.com/im/pictures/4fc0df90-32a5-45f2-9ab2-cde6ec19063d.jpg?aki_policy=large"", ""https://a0.muscache.com/im/pictures/f655eed6-c7b2-4dbb-944a-e9f389849c9e.jpg?aki_policy=large"", ""https://a0.muscache.com/im/pictures/f1398995-35be-48b1-b960-03ef667a0803.jpg?aki_policy=large"", ""https://a0.muscache.com/im/pictures/34911fbc-6dca-4986-8e3a-459e3349d6c3.jpg?aki_policy=large"", ""https://a0.muscache.com/im/pictures/86e12a8d-f55a-420e-bc77-7388c1670d38.jpg?aki_policy=large"", ""https://a0.muscache.com/im/pictures/d79d12d1-f7c1-4908-893e-3635887a377a.jpg?aki_policy=large"", ""https://a0.muscache.com/im/pictures/1bb6112d-86aa-469a-abe2-79069e3da638.jpg?aki_policy=large"", ""https://a0.muscache.com/im/pictures/be564998-32f0-4d4a-b10c-b1f42510c839.jpg?aki_policy=large"", ""https://a0.muscache.com/im/pictures/ca4c1e8f-e45b-4b32-b4d3-6ed1bdaebd7d.jpg?aki_policy=large"", ""https://a0.muscache.com/im/pictures/f35b6e8b-f479-4229-9ecb-7f35cd694b24.jpg?aki_policy=large"", ""https://a0.muscache.com/im/pictures/8c3340c3-224a-4162-995d-4b2ab2e6b764.jpg?aki_policy=large"", ""https://a0.muscache.com/im/pictures/b655f22a-7740-4284-a320-c729ddc84901.jpg?aki_policy=large"", ""https://a0.muscache.com/im/pictures/db1d4100-570e-42ea-9810-5795210f174d.jpg?aki_policy=large"", ""https://a0.muscache.com/im/pictures/3c87a994-32ed-4369-b9da-c6da2dba9f30.jpg?aki_policy=large"", ""https://a0.muscache.com/im/pictures/aa4bdd6a-188b-4680-84e7-d7759be5c794.jpg?aki_policy=large"", ""https://a0.muscache.com/im/pictures/b3435bec-bed8-462e-a01d-cfbd91bd7d1c.jpg?aki_policy=large"", ""https://a0.muscache.com/im/pictures/39ad58f2-b68b-4a68-aea7-ccafb569b57f.jpg?aki_policy=large"", ""https://a0.muscache.com/im/pictures/f1b6896e-215f-477a-a10c-66f188083951.jpg?aki_policy=large"", ""https://a0.muscache.com/im/pictures/b9063ec5-8dd3-487d-899e-c4a09db284b6.jpg?aki_policy=large"", ""https://a0.muscache.com/im/pictures/36003d16-645e-4d93-8d6b-a0fb147e2aad.jpg?aki_policy=large"", ""https://a0.muscache.com/im/pictures/31e93870-aaa4-4a17-aacf-d1afb0c5e592.jpg?aki_policy=large"", ""https://a0.muscache.com/im/pictures/dbb8aa35-effc-49c2-a685-87bf8eae1941.jpg?aki_policy=large"", ""https://a0.muscache.com/im/pictures/89e1ea9d-31c1-45fd-ac2c-c3e1acf19c6e.jpg?aki_policy=large"", ""https://a0.muscache.com/im/pictures/14223fa7-f6b8-4579-8363-734908301447.jpg?aki_policy=large"", ""https://a0.muscache.com/im/pictures/fb7846c8-9618-4553-aa15-509d894c3dd9.jpg?aki_policy=large""]";"{""beds"": 6, ""bedrooms"": 3, ""bathrooms"": 2.0, ""amenity_ids"": [64, 1, 2, 4, 71, 8, 77, 21, 85, 86, 89, 90, 27, 91, 92, 93, 30, 94, 31, 95, 96, 33, 34, 35, 39, 103, 40, 104, 42, 44, 45, 46, 47, 57, 61], ""is_rebookable"": false, ""is_new_listing"": false, ""is_fully_refundable"": false, ""is_host_highly_rated"": false, ""is_business_travel_ready"": false}";"{""weekly_factor"": 1.0, ""monthly_factor"": 0.7}";2748;"";"{""is_superhost"": false}"
21581129;A1DF Sunshine;entire_home;Paris city;Le Marais;48.864029;2.356732;2;"[""https://a0.muscache.com/im/pictures/a548b21c-bd67-4b15-b1ce-316b8c680d28.jpg?aki_policy=large"", ""https://a0.muscache.com/im/pictures/8e0443ac-b91e-4b46-9880-80ca6087a6ef.jpg?aki_policy=large"", ""https://a0.muscache.com/im/pictures/9c958919-a6c3-467b-95ef-4131bf5f5260.jpg?aki_policy=large"", ""https://a0.muscache.com/im/pictures/8fe2b5d1-d084-438d-9590-d3f5fd7830d9.jpg?aki_policy=large"", ""https://a0.muscache.com/im/pictures/064d838f-3682-41fc-9610-53064708257a.jpg?aki_policy=large"", ""https://a0.muscache.com/im/pictures/2af880c3-1700-4f20-9402-0a6f75585d3e.jpg?aki_policy=large"", ""https://a0.muscache.com/im/pictures/3eabf8c2-24bd-423c-98ca-5f64aaf8bb10.jpg?aki_policy=large"", ""https://a0.muscache.com/im/pictures/9a1d10e0-74b0-416b-bebc-b98a3b43b1c9.jpg?aki_policy=large"", ""https://a0.muscache.com/im/pictures/0ddfb233-1055-4345-b185-55df58a9615c.jpg?aki_policy=large"", ""https://a0.muscache.com/im/pictures/658c84b8-3799-46a2-8861-62679111a70a.jpg?aki_policy=large""]";"{""beds"": 1, ""bedrooms"": 1, ""bathrooms"": 1.5, ""amenity_ids"": [1, 33, 3, 4, 71, 8, 40, 43, 45, 46, 31], ""is_rebookable"": false, ""is_new_listing"": false, ""is_fully_refundable"": true, ""is_host_highly_rated"": true, ""is_business_travel_ready"": false}";"{""weekly_factor"": 1.0, ""monthly_factor"": 1.0}";5858;"";"{""is_superhost"": false}"
21581130;A2DF Boogie-Woogie;entire_home;Paris city;Le Marais;48.864021;2.356716;4;"[""https://a0.muscache.com/im/pictures/fd550000-ceed-44e3-9e44-f45545a39282.jpg?aki_policy=large"", ""https://a0.muscache.com/im/pictures/4e2b7e02-f938-462a-bf89-87ee78a14224.jpg?aki_policy=large"", ""https://a0.muscache.com/im/pictures/9cf54718-2331-469a-b770-99386669ed73.jpg?aki_policy=large"", ""https://a0.muscache.com/im/pictures/17cefb13-9be0-431f-b898-b512a4ed4bcc.jpg?aki_policy=large"", ""https://a0.muscache.com/im/pictures/d5915ceb-56b0-41f7-8699-05f4f962f616.jpg?aki_policy=large"", ""https://a0.muscache.com/im/pictures/aae7863b-7d20-47b0-9c8a-a156468c4e6f.jpg?aki_policy=large"", ""https://a0.muscache.com/im/pictures/67169f5b-4c73-4427-bc5a-1607dc77a103.jpg?aki_policy=large"", ""https://a0.muscache.com/im/pictures/fa30ef1c-e90c-473e-8ab3-5394fffcd74f.jpg?aki_policy=large""]";"{""beds"": 2, ""bedrooms"": 1, ""bathrooms"": 1.5, ""amenity_ids"": [1, 33, 3, 4, 71, 8, 40, 43, 45, 46, 31], ""is_rebookable"": false, ""is_new_listing"": false, ""is_fully_refundable"": true, ""is_host_highly_rated"": true, ""is_business_travel_ready"": false}";"{""weekly_factor"": 1.0, ""monthly_factor"": 1.0}";5858;"";"{""is_superhost"": false}"
21640370;AAA Eiffel Tower round the corner;entire_home;Paris;Tour Eiffel - Champ de Mars;48.8528108448;2.29407928836;2;"[""https://a0.muscache.com/im/pictures/596b17dc-3edf-4da1-8466-5c91fdb37b93.jpg?aki_policy=large"", ""https://a0.muscache.com/im/pictures/d069d782-440d-451b-be12-a2d79ae5add1.jpg?aki_policy=large"", ""https://a0.muscache.com/im/pictures/2361dab9-8a99-4eaa-ae99-ffb4f1985cab.jpg?aki_policy=large"", ""https://a0.muscache.com/im/pictures/1503b4f5-6d31-4d6a-b405-9294f108c4e2.jpg?aki_policy=large"", ""https://a0.muscache.com/im/pictures/55ddf5ae-7996-4568-b6bc-a632ce796124.jpg?aki_policy=large"", ""https://a0.muscache.com/im/pictures/ea52d343-789a-46b6-b3de-f3c44b03f4b7.jpg?aki_policy=large"", ""https://a0.muscache.com/im/pictures/71dfdba8-77e2-491f-9f9b-0808f72548b0.jpg?aki_policy=large"", ""https://a0.muscache.com/im/pictures/c727f030-5b95-48fa-adc8-4dab7d378639.jpg?aki_policy=large"", ""https://a0.muscache.com/im/pictures/51c53ce9-022f-4a13-8383-9cf8fac11929.jpg?aki_policy=large"", ""https://a0.muscache.com/im/pictures/a8fed139-3e55-4c72-964a-3c41aa4f43e5.jpg?aki_policy=large"", ""https://a0.muscache.com/im/pictures/dcc70597-5063-4bed-97ee-3a7147912ee9.jpg?aki_policy=large"", ""https://a0.muscache.com/im/pictures/41fe4076-e447-436a-9fc2-5edc1b702b1d.jpg?aki_policy=large"", ""https://a0.muscache.com/im/pictures/dba97db7-2b5e-426f-8929-8b1ea7079508.jpg?aki_policy=large"", ""https://a0.muscache.com/im/pictures/0207b111-35fb-4677-9f05-90a253451bde.jpg?aki_policy=large"", ""https://a0.muscache.com/im/pictures/6feb6e05-7461-42b0-a919-551ecf1b5568.jpg?aki_policy=large"", ""https://a0.muscache.com/im/pictures/05edacc0-ab6f-4b01-8c2f-ba3ce7b09d42.jpg?aki_policy=large"", ""https://a0.muscache.com/im/pictures/7d95bd8f-aece-4f93-b372-b81e8d18b244.jpg?aki_policy=large"", ""https://a0.muscache.com/im/pictures/7f4ee776-da00-4d2d-a793-c503d8e4d963.jpg?aki_policy=large"", ""https://a0.muscache.com/im/pictures/c6e1281e-cdc8-4c4a-a49c-9e29d4da0f0e.jpg?aki_policy=large"", ""https://a0.muscache.com/im/pictures/cc2ec716-a143-4b91-bbee-511c2ac4fb61.jpg?aki_policy=large""]";"{""beds"": 1, ""bedrooms"": 1, ""bathrooms"": 1.0, ""amenity_ids"": [1, 33, 129, 34, 35, 4, 36, 39, 8, 40, 104, 41, 10, 44, 45, 77, 46, 47, 16, 21, 25, 30, 31], ""is_rebookable"": false, ""is_new_listing"": false, ""is_fully_refundable"": true, ""is_host_highly_rated"": true, ""is_business_travel_ready"": false}";"{""weekly_factor"": 0.95, ""monthly_factor"": 0.8}";3427;"";"{""is_superhost"": false}"
22957756;Magnifique appartement près de l'Arc de Triomphe;entire_home;Paris;Champs-Elysées;48.8776367121;2.29536658228;2;"[""https://a0.muscache.com/im/pictures/a9ffca01-adde-43de-8c75-89e244baca49.jpg?aki_policy=large"", ""https://a0.muscache.com/im/pictures/b11367a6-7e2b-4a45-b50e-a908ade492e4.jpg?aki_policy=large"", ""https://a0.muscache.com/im/pictures/9ad7f5ff-9e0e-4065-9dc6-de820198c9e2.jpg?aki_policy=large"", ""https://a0.muscache.com/im/pictures/8adf53de-08e5-4d51-bde4-44b4d45df2a2.jpg?aki_policy=large"", ""https://a0.muscache.com/im/pictures/a18ee0fb-acfe-4ef0-a75b-423729a51b3f.jpg?aki_policy=large"", ""https://a0.muscache.com/im/pictures/a9a1adcd-2baf-4123-ba00-a2fc1c35bcdb.jpg?aki_policy=large"", ""https://a0.muscache.com/im/pictures/9980381f-5c1d-4339-b700-c8f33629f5df.jpg?aki_policy=large"", ""https://a0.muscache.com/im/pictures/312ba4eb-e893-46f7-a91e-6ec08f9b7b2f.jpg?aki_policy=large"", ""https://a0.muscache.com/im/pictures/08495419-3143-4c2d-a39d-90bbbdf2f71e.jpg?aki_policy=large"", ""https://a0.muscache.com/im/pictures/84eb7b72-c5cb-4e2c-be79-913406f0ea08.jpg?aki_policy=large"", ""https://a0.muscache.com/im/pictures/eae16592-c5a0-4917-854d-9aced6049591.jpg?aki_policy=large"", ""https://a0.muscache.com/im/pictures/3a6a3841-3a3a-4c5c-87f7-6fa42af35d81.jpg?aki_policy=large"", ""https://a0.muscache.com/im/pictures/6972d8d9-424c-45ad-adfe-43859d585457.jpg?aki_policy=large"", ""https://a0.muscache.com/im/pictures/9f2f7d93-337d-4898-a1ee-c7a254005ab2.jpg?aki_policy=large""]";"{""beds"": 1, ""bedrooms"": 1, ""bathrooms"": 1.0, ""amenity_ids"": [1, 33, 4, 8, 40, 41, 44, 45, 77, 47, 85, 57, 90, 91, 92, 30], ""is_rebookable"": false, ""is_new_listing"": false, ""is_fully_refundable"": true, ""is_host_highly_rated"": true, ""is_business_travel_ready"": false}";"{""weekly_factor"": 1.0, ""monthly_factor"": 1.0}";2010;"";"{""is_superhost"": false}"
21708890;Hotel WO - Chambre Classic;private_room;Paris-8E-Arrondissement;Saint-Lazare;48.8772799609;2.32290006937;2;"[""https://a0.muscache.com/im/pictures/cc2963ad-8722-466f-b243-69078326fea3.jpg?aki_policy=large"", ""https://a0.muscache.com/im/pictures/7672de3f-536c-4a1a-824a-93986fd5db9c.jpg?aki_policy=large"", ""https://a0.muscache.com/im/pictures/9ae1f5ce-e89e-4fbe-8236-8207f1d60fdf.jpg?aki_policy=large""]";"{""beds"": 1, ""bedrooms"": 1, ""bathrooms"": 1.0, ""amenity_ids"": [1, 35, 4, 36, 5, 37, 38, 103, 40, 72, 104, 41, 42, 44, 45, 77, 46, 47, 16, 51, 55, 30, 287], ""is_rebookable"": false, ""is_new_listing"": false, ""is_fully_refundable"": true, ""is_host_highly_rated"": false, ""is_business_travel_ready"": false}";"{""weekly_factor"": 1.0, ""monthly_factor"": 1.0}";4237;"";"{""is_superhost"": false}"
21725548;S05192 - Studio cosy, quartier Latin;entire_home;Paris city;Saint-Michel;48.852402;2.34583;2;"[""https://a0.muscache.com/im/pictures/2c9b3f9d-8c7d-43e5-b4f2-96166345ca2f.jpg?aki_policy=large"", ""https://a0.muscache.com/im/pictures/3a84342d-969f-4f8c-96a1-aa7e9e53320a.jpg?aki_policy=large"", ""https://a0.muscache.com/im/pictures/04ae9126-6e4b-4dd6-a08a-5fc80170b057.jpg?aki_policy=large"", ""https://a0.muscache.com/im/pictures/ac191dfd-87fc-449b-a42f-d8a9e24c84c0.jpg?aki_policy=large"", ""https://a0.muscache.com/im/pictures/a5e629e1-5930-4943-b725-997f828eb272.jpg?aki_policy=large"", ""https://a0.muscache.com/im/pictures/d0265c62-6281-4ba0-874c-c3d6b9db3d0d.jpg?aki_policy=large"", ""https://a0.muscache.com/im/pictures/59b03d24-9c70-438b-8a3c-01b37d5a17d6.jpg?aki_policy=large"", ""https://a0.muscache.com/im/pictures/1c3a6753-fad6-4bc1-adb6-72173ecd5f8f.jpg?aki_policy=large"", ""https://a0.muscache.com/im/pictures/436449d7-f8a0-461c-8cee-1f63dfec1fd5.jpg?aki_policy=large"", ""https://a0.muscache.com/im/pictures/c83f9fd2-b985-48c9-966c-4aec141bc1c8.jpg?aki_policy=large"", ""https://a0.muscache.com/im/pictures/cca85e5f-5b02-4257-ab94-dbf134d7e80d.jpg?aki_policy=large"", ""https://a0.muscache.com/im/pictures/060501f3-5eb4-4ff5-9a9b-98d9b10e8885.jpg?aki_policy=large"", ""https://a0.muscache.com/im/pictures/37c63dec-9fc0-407a-9928-5bf7f4a8b27e.jpg?aki_policy=large"", ""https://a0.muscache.com/im/pictures/7b318579-9851-4535-bee6-3e09df7f33ff.jpg?aki_policy=large"", ""https://a0.muscache.com/im/pictures/0fc635cc-262f-4587-b992-a5305470b7b7.jpg?aki_policy=large"", ""https://a0.muscache.com/im/pictures/c7eca895-cb3a-4bc3-9fe7-f139aef24441.jpg?aki_policy=large"", ""https://a0.muscache.com/im/pictures/62c7c558-47b7-4940-a098-bb075dc362c0.jpg?aki_policy=large"", ""https://a0.muscache.com/im/pictures/6bdd5cd8-d649-416f-9790-7bea0d65d6f5.jpg?aki_policy=large"", ""https://a0.muscache.com/im/pictures/2768607e-bb2e-4631-8ccc-407fc72fb45c.jpg?aki_policy=large"", ""https://a0.muscache.com/im/pictures/cfc6d279-e3c1-4592-8539-308a62050203.jpg?aki_policy=large"", ""https://a0.muscache.com/im/pictures/d4d41c59-9594-496f-8274-f00ec8638782.jpg?aki_policy=large"", ""https://a0.muscache.com/im/pictures/f021c674-a9d7-4caa-88a5-aa973005253e.jpg?aki_policy=large"", ""https://a0.muscache.com/im/pictures/06ce33cd-65e9-4277-ad0b-5ff6e2fece96.jpg?aki_policy=large"", ""https://a0.muscache.com/im/pictures/15832891-2c2f-44bf-b032-34431f7e51b9.jpg?aki_policy=large""]";"{""beds"": 1, ""bedrooms"": 0, ""bathrooms"": 1.0, ""amenity_ids"": [96, 1, 129, 3, 4, 8, 40, 41, 44, 45, 77, 46, 47, 85, 89, 90, 91, 92, 93, 30, 94], ""is_rebookable"": false, ""is_new_listing"": false, ""is_fully_refundable"": true, ""is_host_highly_rated"": true, ""is_business_travel_ready"": false}";"{""weekly_factor"": 1.0, ""monthly_factor"": 1.0}";5338;"";"{""is_superhost"": false}"
21764650;Stunning 1 bed apt. - 10 min walk to Louvre!;entire_home;Paris;Saint Germain des Prés - Odéon;48.8540293885;2.33613471589;2;"[""https://a0.muscache.com/im/pictures/e3cd11e7-9e21-4f28-a513-158c861cdb89.jpg?aki_policy=large"", ""https://a0.muscache.com/im/pictures/d0c12e6c-230c-4492-a3d0-b55fd1718b8c.jpg?aki_policy=large"", ""https://a0.muscache.com/im/pictures/0af540e9-b719-4f5b-a2c4-697b03ff4e6f.jpg?aki_policy=large"", ""https://a0.muscache.com/im/pictures/b7b3d015-38cc-4fa5-b172-01532e7940d4.jpg?aki_policy=large"", ""https://a0.muscache.com/im/pictures/d292f323-6a5e-49cc-a509-03f6a7b6dc9e.jpg?aki_policy=large"", ""https://a0.muscache.com/im/pictures/b46392cc-f8ca-421d-a14a-e2cbfee29925.jpg?aki_policy=large"", ""https://a0.muscache.com/im/pictures/eb41ca62-9953-4f3b-9d0a-aeb5ff0fe2be.jpg?aki_policy=large"", ""https://a0.muscache.com/im/pictures/7a17af7a-f0f3-4853-b5f9-b05e1b5911dc.jpg?aki_policy=large"", ""https://a0.muscache.com/im/pictures/60ad5c0f-b10f-4fd3-9f53-6e9a05c7c942.jpg?aki_policy=large"", ""https://a0.muscache.com/im/pictures/a47c4da4-72a0-4c55-a92c-1dcdb00ff368.jpg?aki_policy=large"", ""https://a0.muscache.com/im/pictures/c002c758-64e9-458f-a841-3c0fa327348c.jpg?aki_policy=large"", ""https://a0.muscache.com/im/pictures/fa8a3d86-ee45-4e54-8fe7-8ba46877663d.jpg?aki_policy=large"", ""https://a0.muscache.com/im/pictures/9afb367e-8fda-4467-8775-efe5fdfdbe59.jpg?aki_policy=large"", ""https://a0.muscache.com/im/pictures/1ef5de23-8e6b-4cb4-908c-aa1028fd8ccc.jpg?aki_policy=large"", ""https://a0.muscache.com/im/pictures/00a1d748-c81c-49ff-9a5b-6fb99370b0db.jpg?aki_policy=large"", ""https://a0.muscache.com/im/pictures/590ba027-3a99-43ce-b7f9-e760be1d8ea7.jpg?aki_policy=large"", ""https://a0.muscache.com/im/pictures/77a33f66-f781-4cba-b329-7ef2ed8ab89e.jpg?aki_policy=large"", ""https://a0.muscache.com/im/pictures/fb8c2b6d-92c4-4599-bb09-a6894e13acb1.jpg?aki_policy=large""]";"{""beds"": 1, ""bedrooms"": 1, ""bathrooms"": 1.0, ""amenity_ids"": [96, 1, 33, 35, 4, 8, 40, 41, 44, 77, 46, 85, 89, 91, 92, 93, 30, 95], ""is_rebookable"": false, ""is_new_listing"": false, ""is_fully_refundable"": true, ""is_host_highly_rated"": true, ""is_business_travel_ready"": false}";"{""weekly_factor"": 1.0, ""monthly_factor"": 1.0}";2197;"";"{""is_superhost"": false}"
21791121;CENTRAL au coeur du Paris historique : MONTORGUEIL;entire_home;Paris;"";48.8670090726;2.34785545756;6;"[""https://a0.muscache.com/im/pictures/8d7d4f36-4e51-4a5f-a89d-c2d5555cbbfb.jpg?aki_policy=large"", ""https://a0.muscache.com/im/pictures/95932f30-7f5b-4bac-b49e-ab2d01e924a9.jpg?aki_policy=large"", ""https://a0.muscache.com/im/pictures/5ca823d1-f987-4b1d-8b83-92980988b712.jpg?aki_policy=large"", ""https://a0.muscache.com/im/pictures/b6134cef-7ef6-4ba2-80a6-3890a9a835ab.jpg?aki_policy=large"", ""https://a0.muscache.com/im/pictures/f033bd13-0d51-458d-9c7a-b710c7e17502.jpg?aki_policy=large"", ""https://a0.muscache.com/im/pictures/b265600e-a332-4061-8d2f-f6ca1b62c254.jpg?aki_policy=large"", ""https://a0.muscache.com/im/pictures/6f50d196-acd7-4646-a8df-763f467c4ee2.jpg?aki_policy=large"", ""https://a0.muscache.com/im/pictures/351a5527-6ce4-4e64-b11c-2350e543c03f.jpg?aki_policy=large"", ""https://a0.muscache.com/im/pictures/c9fc639c-861d-4272-90d1-509c77d0ac8d.jpg?aki_policy=large"", ""https://a0.muscache.com/im/pictures/747feb32-7d72-4715-aa74-36ea07da2e0b.jpg?aki_policy=large"", ""https://a0.muscache.com/im/pictures/2947adfd-0c4c-4654-8399-8b79f952f180.jpg?aki_policy=large"", ""https://a0.muscache.com/im/pictures/a77044a5-0f55-4625-a671-2af0fc6f8b85.jpg?aki_policy=large"", ""https://a0.muscache.com/im/pictures/bf7a782a-7e13-446d-be02-eb62faea9aba.jpg?aki_policy=large"", ""https://a0.muscache.com/im/pictures/d380afa7-2a1c-4a2b-b7fb-9acad09c5be0.jpg?aki_policy=large"", ""https://a0.muscache.com/im/pictures/53315366-b686-4d5d-a775-8ce7f6dc4c43.jpg?aki_policy=large"", ""https://a0.muscache.com/im/pictures/687e1201-beee-4a6f-bb90-52460371ba9c.jpg?aki_policy=large"", ""https://a0.muscache.com/im/pictures/0db92d2a-98e1-47dc-add7-bb28128eecbe.jpg?aki_policy=large"", ""https://a0.muscache.com/im/pictures/719e5494-f223-4c76-a9fd-3e2b88efe560.jpg?aki_policy=large"", ""https://a0.muscache.com/im/pictures/9c8fd040-c457-4a65-b0c8-1bd1e58adc68.jpg?aki_policy=large"", ""https://a0.muscache.com/im/pictures/b0b7384d-b382-4010-a854-7f176ce03b43.jpg?aki_policy=large"", ""https://a0.muscache.com/im/pictures/96526278-8618-4ec4-867b-e4c51e9eb3c7.jpg?aki_policy=large"", ""https://a0.muscache.com/im/pictures/16ddd969-b5f3-4aee-8506-00b21fff1f45.jpg?aki_policy=large"", ""https://a0.muscache.com/im/pictures/5feca40b-935f-4b44-b35e-74b75d3d50fe.jpg?aki_policy=large"", ""https://a0.muscache.com/im/pictures/e41ceb84-a0ed-45e7-b98d-0919c85d63ad.jpg?aki_policy=large"", ""https://a0.muscache.com/im/pictures/75e58ecb-ba62-4598-8238-c2b47e95516a.jpg?aki_policy=large"", ""https://a0.muscache.com/im/pictures/86e86edb-c52b-4098-a695-7bd499983ee5.jpg?aki_policy=large"", ""https://a0.muscache.com/im/pictures/b39cdb74-4770-465a-bbeb-2ff8c42b1838.jpg?aki_policy=large"", ""https://a0.muscache.com/im/pictures/15c63114-2a47-42ae-9556-18106477740b.jpg?aki_policy=large"", ""https://a0.muscache.com/im/pictures/626899c2-5903-4677-bbc3-317114ca8c24.jpg?aki_policy=large"", ""https://a0.muscache.com/im/pictures/1db79946-fc73-4427-983e-b66c1796b2c1.jpg?aki_policy=large""]";"{""beds"": 5, ""bedrooms"": 2, ""bathrooms"": 2.0, ""amenity_ids"": [1, 129, 4, 70, 71, 8, 72, 77, 85, 86, 87, 88, 89, 90, 27, 91, 92, 93, 30, 94, 31, 96, 33, 34, 35, 38, 103, 40, 104, 44, 45, 46, 47], ""is_rebookable"": false, ""is_new_listing"": false, ""is_fully_refundable"": true, ""is_host_highly_rated"": true, ""is_business_travel_ready"": false}";"{""weekly_factor"": 0.93, ""monthly_factor"": 0.82}";467;"";"{""is_superhost"": false}"
21796962;Appartement de Charme dans le Marais;entire_home;Paris;Le Marais;48.8645698238;2.35863157632;2;"[""https://a0.muscache.com/im/pictures/6c9b9317-d776-42aa-a10d-b7bd8af548a5.jpg?aki_policy=large"", ""https://a0.muscache.com/im/pictures/58000e2c-30df-4344-b09f-8a5ce5efe663.jpg?aki_policy=large"", ""https://a0.muscache.com/im/pictures/97165e43-588b-4829-99a3-db51025aa41c.jpg?aki_policy=large"", ""https://a0.muscache.com/im/pictures/c162cd5c-9765-4f4c-8447-aa2812aa54ce.jpg?aki_policy=large"", ""https://a0.muscache.com/im/pictures/4fe70c65-9792-40f5-9b55-985175108368.jpg?aki_policy=large"", ""https://a0.muscache.com/im/pictures/a0dd7162-b9d2-49e8-9d11-15afb73574d8.jpg?aki_policy=large"", ""https://a0.muscache.com/im/pictures/4c2d4189-2952-407f-8ec2-0bd05d9b1242.jpg?aki_policy=large"", ""https://a0.muscache.com/im/pictures/89d3d226-8ca3-43c4-8ec1-fe1af15f7049.jpg?aki_policy=large"", ""https://a0.muscache.com/im/pictures/fdb8085b-0eb4-4d33-be2e-1f632528ab9e.jpg?aki_policy=large"", ""https://a0.muscache.com/im/pictures/b2e1b62a-9b65-4dc1-be5a-e3c56c1c3fa8.jpg?aki_policy=large"", ""https://a0.muscache.com/im/pictures/71e5ffc9-fbc8-4ec9-b30e-01c30c8d47a9.jpg?aki_policy=large"", ""https://a0.muscache.com/im/pictures/809e71eb-107e-4969-bd3b-24dd88720887.jpg?aki_policy=large"", ""https://a0.muscache.com/im/pictures/ff37c1cd-e2f6-4004-ad2e-a5743817af81.jpg?aki_policy=large""]";"{""beds"": 1, ""bedrooms"": 1, ""bathrooms"": 1.0, ""amenity_ids"": [1, 2, 131, 4, 8, 10, 11, 75, 77, 85, 86, 87, 88, 25, 89, 90, 91, 92, 93, 30, 94, 95, 32, 96, 33, 34, 35, 103, 40, 104, 41, 42, 44, 45, 46, 47, 61], ""is_rebookable"": false, ""is_new_listing"": false, ""is_fully_refundable"": true, ""is_host_highly_rated"": false, ""is_business_travel_ready"": false}";"{""weekly_factor"": 0.85, ""monthly_factor"": 0.65}";1455;"";"{""is_superhost"": false}"
21808589;Incredible Deal Family apartment;entire_home;Paris;Buttes-Chaumont - Belleville;48.8744669403;2.38659462628;5;"[""https://a0.muscache.com/im/pictures/a25922b6-9a10-4cde-ab7f-e5f81f1ff40d.jpg?aki_policy=large"", ""https://a0.muscache.com/im/pictures/c428974c-8dd3-41a8-aa18-f7e1a973d4eb.jpg?aki_policy=large"", ""https://a0.muscache.com/im/pictures/23205736-6a82-45e2-95bf-b01ef327753a.jpg?aki_policy=large"", ""https://a0.muscache.com/im/pictures/dcdc854f-6253-496b-8cad-aaa3a654b5e8.jpg?aki_policy=large"", ""https://a0.muscache.com/im/pictures/1c3c2749-94e7-4d0c-9b92-2f8ac75daa19.jpg?aki_policy=large"", ""https://a0.muscache.com/im/pictures/78f2c418-d1fb-4779-a973-e9093e69e292.jpg?aki_policy=large"", ""https://a0.muscache.com/im/pictures/7f14113a-dc6a-4fbe-bb57-f2eddedcd3b5.jpg?aki_policy=large"", ""https://a0.muscache.com/im/pictures/9e3ff89d-63a6-4256-bdb3-c13c7c692352.jpg?aki_policy=large"", ""https://a0.muscache.com/im/pictures/5e35af3e-3226-4d73-8f74-ae300f208832.jpg?aki_policy=large"", ""https://a0.muscache.com/im/pictures/4e7ac213-4ba8-440c-b1f4-7857efb0f19c.jpg?aki_policy=large"", ""https://a0.muscache.com/im/pictures/33852f57-7562-404b-87e9-fb613539ad9f.jpg?aki_policy=large"", ""https://a0.muscache.com/im/pictures/c8e2c47f-32a5-49d9-9db1-d1eef3efaff9.jpg?aki_policy=large"", ""https://a0.muscache.com/im/pictures/5fd00a97-c513-4aca-a424-f111ad72bb5e.jpg?aki_policy=large"", ""https://a0.muscache.com/im/pictures/13fb22d3-2959-494f-8066-9bc31d81045b.jpg?aki_policy=large"", ""https://a0.muscache.com/im/pictures/92e81bb0-192c-42dd-aab5-46535ca7be78.jpg?aki_policy=large"", ""https://a0.muscache.com/im/pictures/16ff6376-365a-4b35-960a-7eca2327fcc4.jpg?aki_policy=large"", ""https://a0.muscache.com/im/pictures/1f0564e7-3290-4719-ab5b-dd19d94e614d.jpg?aki_policy=large"", ""https://a0.muscache.com/im/pictures/dc4c5c72-b216-4aa8-a140-7ad302b462ad.jpg?aki_policy=large"", ""https://a0.muscache.com/im/pictures/25230ddb-5b36-4467-bd64-6dc68e9b0f6d.jpg?aki_policy=large"", ""https://a0.muscache.com/im/pictures/90240766-806b-4567-97b9-dd3b9efbca6c.jpg?aki_policy=large"", ""https://a0.muscache.com/im/pictures/0a6e0027-34fc-4a22-b9e6-bb2b3024a4f7.jpg?aki_policy=large"", ""https://a0.muscache.com/im/pictures/56d6dbda-5e77-4201-9fa6-c9188e510381.jpg?aki_policy=large"", ""https://a0.muscache.com/im/pictures/f0d4957d-7624-4af1-8573-9f88fb21fd52.jpg?aki_policy=large"", ""https://a0.muscache.com/im/pictures/8ef66567-59fe-47ad-b8cd-45181b87c9f7.jpg?aki_policy=large"", ""https://a0.muscache.com/im/pictures/6c2d06bf-44c4-4948-9362-823343fbd282.jpg?aki_policy=large"", ""https://a0.muscache.com/im/pictures/a1cb36f0-1fc2-4fb6-9160-60a5837edd64.jpg?aki_policy=large""]";"{""beds"": 3, ""bedrooms"": 1, ""bathrooms"": 1.0, ""amenity_ids"": [64, 1, 129, 4, 71, 8, 72, 10, 77, 85, 90, 91, 92, 93, 30, 94, 31, 95, 96, 33, 35, 36, 103, 40, 104, 41, 44, 45, 46, 47], ""is_rebookable"": false, ""is_new_listing"": false, ""is_fully_refundable"": true, ""is_host_highly_rated"": false, ""is_business_travel_ready"": false}";"{""weekly_factor"": 0.97, ""monthly_factor"": 0.95}";5680;"";"{""is_superhost"": false}"
21958827;Charmant Studio 17m² Chatelet, Paris;entire_home;Paris;Châtelet - Les Halles - Beaubourg;48.8603900344;2.34715854465;2;"[""https://a0.muscache.com/im/pictures/828bdd49-9b41-4154-b807-5d0fa7081595.jpg?aki_policy=large"", ""https://a0.muscache.com/im/pictures/46b5a4d1-7594-49aa-9da9-efd39ac267a3.jpg?aki_policy=large"", ""https://a0.muscache.com/im/pictures/267dc2ca-58e5-45a2-903d-4f86b5055be4.jpg?aki_policy=large"", ""https://a0.muscache.com/im/pictures/b1afe51f-d824-4827-bd60-dc48dfdbc0dc.jpg?aki_policy=large"", ""https://a0.muscache.com/im/pictures/861bc747-a2b2-4ea1-87ad-bc83b54e8f7b.jpg?aki_policy=large"", ""https://a0.muscache.com/im/pictures/c3df1f72-ef55-471f-aba1-1070d66e628d.jpg?aki_policy=large""]";"{""beds"": 1, ""bedrooms"": 0, ""bathrooms"": 1.0, ""amenity_ids"": [1, 35, 4, 5, 38, 39, 8, 40, 72, 41, 10, 42, 44, 45, 77, 46, 47, 51, 52, 21, 30, 31], ""is_rebookable"": false, ""is_new_listing"": false, ""is_fully_refundable"": true, ""is_host_highly_rated"": true, ""is_business_travel_ready"": false}";"{""weekly_factor"": 0.85, ""monthly_factor"": 0.8}";262;"";"{""is_superhost"": false}"
21821176;Charming apartment Saint Germain;entire_home;Paris;Louvre - Tuileries;48.8594817467;2.32855097093;2;"[""https://a0.muscache.com/im/pictures/6276b55a-7296-48fa-aaac-28a77faf26e7.jpg?aki_policy=large"", ""https://a0.muscache.com/im/pictures/50bf1b7a-3475-45a4-ad51-3298577cbe81.jpg?aki_policy=large"", ""https://a0.muscache.com/im/pictures/04cac26e-9ba8-45a6-a7ff-edd461113e00.jpg?aki_policy=large"", ""https://a0.muscache.com/im/pictures/5999135f-8dfd-4933-9dda-9333677f6606.jpg?aki_policy=large"", ""https://a0.muscache.com/im/pictures/c4b4b2d5-65ca-477d-9c41-ef659de5e0ec.jpg?aki_policy=large"", ""https://a0.muscache.com/im/pictures/b2d979e5-4ac8-408c-8b6d-9e0f91a3b817.jpg?aki_policy=large"", ""https://a0.muscache.com/im/pictures/4128d3e0-7f14-4376-8a7c-441ce144e3dd.jpg?aki_policy=large"", ""https://a0.muscache.com/im/pictures/e3ca5785-b061-491b-8410-5173bf0ee3b7.jpg?aki_policy=large"", ""https://a0.muscache.com/im/pictures/463b736b-d68e-4b57-8116-6b20471c6ea9.jpg?aki_policy=large"", ""https://a0.muscache.com/im/pictures/fefdf1c4-d042-4aa5-8b73-ac452aaf4df5.jpg?aki_policy=large"", ""https://a0.muscache.com/im/pictures/41558ad1-6857-4ef7-936e-82916a81a340.jpg?aki_policy=large"", ""https://a0.muscache.com/im/pictures/c1661cf9-3326-420b-b7c1-85bb5653215a.jpg?aki_policy=large"", ""https://a0.muscache.com/im/pictures/57ae72ca-a542-4f54-81d3-bbbc6d3ca513.jpg?aki_policy=large"", ""https://a0.muscache.com/im/pictures/f6cdaff4-6a66-4fa2-8fa3-b5ff31f40507.jpg?aki_policy=large"", ""https://a0.muscache.com/im/pictures/b41c6870-44fd-469e-9102-c5700feaaac2.jpg?aki_policy=large"", ""https://a0.muscache.com/im/pictures/84e2502e-c13f-41b7-81d9-8d207ff1bb8f.jpg?aki_policy=large"", ""https://a0.muscache.com/im/pictures/d6e568a8-1183-48e8-8b72-9388365e22b0.jpg?aki_policy=large"", ""https://a0.muscache.com/im/pictures/3d570664-d8b2-4cf0-a8c6-e1f977c4e122.jpg?aki_policy=large"", ""https://a0.muscache.com/im/pictures/532432cb-78ce-44cb-abcc-442f2c3d7ea3.jpg?aki_policy=large"", ""https://a0.muscache.com/im/pictures/22fd1051-5bc3-4fef-bdba-fd5f2209b7e6.jpg?aki_policy=large"", ""https://a0.muscache.com/im/pictures/d1a85de1-1b95-43da-a49f-4c8b98ea8235.jpg?aki_policy=large"", ""https://a0.muscache.com/im/pictures/5da19afe-c039-4fa6-bef2-2d570f9fbb3b.jpg?aki_policy=large"", ""https://a0.muscache.com/im/pictures/e43194f3-d849-4223-b0f0-d356ed869f68.jpg?aki_policy=large""]";"{""beds"": 1, ""bedrooms"": 0, ""bathrooms"": 1.0, ""amenity_ids"": [64, 1, 129, 2, 4, 71, 8, 72, 10, 77, 21, 85, 23, 89, 90, 91, 92, 93, 30, 94, 31, 95, 96, 33, 34, 35, 36, 103, 40, 104, 41, 44, 45, 46, 47], ""is_rebookable"": false, ""is_new_listing"": false, ""is_fully_refundable"": true, ""is_host_highly_rated"": false, ""is_business_travel_ready"": false}";"{""weekly_factor"": 0.97, ""monthly_factor"": 0.95}";5384;"";"{""is_superhost"": false}"
21828796;BEAUTIFUL & COSY 5MIN FROM THE EIFFEL TOWER;entire_home;Paris;Tour Eiffel - Champ de Mars;48.8559956701;2.30608667771;4;"[""https://a0.muscache.com/im/pictures/e0cddd5a-f457-49a3-a974-7e859b38008e.jpg?aki_policy=large"", ""https://a0.muscache.com/im/pictures/44c36cd0-3fe5-4dfb-80ba-ce6fcdda0ad1.jpg?aki_policy=large"", ""https://a0.muscache.com/im/pictures/c0ec01e3-8373-4c58-a37a-95fc389c771a.jpg?aki_policy=large"", ""https://a0.muscache.com/im/pictures/69624cd8-12ce-4714-bb9c-7dc858576bfd.jpg?aki_policy=large"", ""https://a0.muscache.com/im/pictures/d054982a-7e4e-4700-ac7b-8d8c203a106d.jpg?aki_policy=large"", ""https://a0.muscache.com/im/pictures/18963cbd-49a8-47d4-9217-532a7dc75007.jpg?aki_policy=large"", ""https://a0.muscache.com/im/pictures/851ad1ea-de47-4957-af22-275befe88149.jpg?aki_policy=large"", ""https://a0.muscache.com/im/pictures/87f1a2a3-1330-4f7b-a6b9-519716329b69.jpg?aki_policy=large"", ""https://a0.muscache.com/im/pictures/221a15d8-9278-40ed-afae-fa6ebc9bebd3.jpg?aki_policy=large"", ""https://a0.muscache.com/im/pictures/65e382fd-a000-4f82-9bcc-1a5bb3334ca5.jpg?aki_policy=large"", ""https://a0.muscache.com/im/pictures/db29ff64-919b-4a5e-8070-a0f3ee8ce5f8.jpg?aki_policy=large"", ""https://a0.muscache.com/im/pictures/926288d2-ead5-4c51-95dd-630d3f5ed8e4.jpg?aki_policy=large"", ""https://a0.muscache.com/im/pictures/8f5337ac-9992-4187-8352-a223aa117aa5.jpg?aki_policy=large"", ""https://a0.muscache.com/im/pictures/996b3c90-3607-45ed-bb71-16f2ce5aa7ec.jpg?aki_policy=large"", ""https://a0.muscache.com/im/pictures/b697a253-1498-4d1e-974b-c035da88d672.jpg?aki_policy=large"", ""https://a0.muscache.com/im/pictures/2828e15c-1b4a-4603-b1e4-a3ef6c010d9d.jpg?aki_policy=large"", ""https://a0.muscache.com/im/pictures/7f81aa19-afc4-4ed5-9cb0-135552e18310.jpg?aki_policy=large""]";"{""beds"": 2, ""bedrooms"": 1, ""bathrooms"": 1.0, ""amenity_ids"": [1, 2, 3, 4, 5, 70, 71, 8, 72, 73, 10, 12, 77, 21, 85, 86, 87, 88, 89, 90, 91, 93, 30, 94, 31, 96, 33, 34, 98, 35, 36, 100, 37, 39, 103, 40, 104, 41, 42, 44, 45, 46, 47, 51, 54, 57], ""is_rebookable"": false, ""is_new_listing"": false, ""is_fully_refundable"": true, ""is_host_highly_rated"": true, ""is_business_travel_ready"": false}";"{""weekly_factor"": 0.95, ""monthly_factor"": 0.9}";886;"";"{""is_superhost"": false}"
21834854;Studio cosy canal Saint Martin;entire_home;Paris;Canal Saint-Martin;48.8794695835;2.36607278154;2;"[""https://a0.muscache.com/im/pictures/c8c3d743-0ca1-4deb-9c91-4f8852461772.jpg?aki_policy=large"", ""https://a0.muscache.com/im/pictures/79882b8b-39ae-41ee-860c-e35db8459599.jpg?aki_policy=large"", ""https://a0.muscache.com/im/pictures/b7df6ef7-00a7-43d2-b8c3-80a66a3a83c4.jpg?aki_policy=large"", ""https://a0.muscache.com/im/pictures/0dc8ef4a-01ab-430c-b57d-325e1b08b37a.jpg?aki_policy=large"", ""https://a0.muscache.com/im/pictures/3f588df7-00cb-4bfd-aec9-951ee060c6b8.jpg?aki_policy=large"", ""https://a0.muscache.com/im/pictures/f1ed87fd-0d5c-4c79-a0d1-cf9b36476250.jpg?aki_policy=large"", ""https://a0.muscache.com/im/pictures/a8ca5a25-c036-480f-a07a-931e9edbc5f3.jpg?aki_policy=large"", ""https://a0.muscache.com/im/pictures/3bc38fa1-d95c-4225-b1b4-baf62eb04031.jpg?aki_policy=large"", ""https://a0.muscache.com/im/pictures/65de957c-cbbf-4fa1-aeb0-28c17920223a.jpg?aki_policy=large"", ""https://a0.muscache.com/im/pictures/2ae8c015-42f7-41d1-a24b-f5161e08cdb7.jpg?aki_policy=large"", ""https://a0.muscache.com/im/pictures/fb83f789-9342-4b41-92b2-7ca593fad2d8.jpg?aki_policy=large"", ""https://a0.muscache.com/im/pictures/7fe23593-9107-4bf3-a601-683a0271e454.jpg?aki_policy=large"", ""https://a0.muscache.com/im/pictures/8bb9f196-6992-461c-84f2-2e5a2072e085.jpg?aki_policy=large"", ""https://a0.muscache.com/im/pictures/b91343b8-4ee0-4684-9529-1f967d6891f5.jpg?aki_policy=large"", ""https://a0.muscache.com/im/pictures/6fafc87e-6f8b-4ffc-8aab-12387708cfe8.jpg?aki_policy=large"", ""https://a0.muscache.com/im/pictures/e743a620-4882-4d95-a83d-cf816bc953bc.jpg?aki_policy=large"", ""https://a0.muscache.com/im/pictures/6ba98e48-e5d2-458f-9e52-96f126d2caf6.jpg?aki_policy=large"", ""https://a0.muscache.com/im/pictures/ad130b88-5b33-406e-8b90-03ebcee28caf.jpg?aki_policy=large"", ""https://a0.muscache.com/im/pictures/b0d95580-0954-4259-8fec-d9d136f97a32.jpg?aki_policy=large""]";"{""beds"": 1, ""bedrooms"": 1, ""bathrooms"": 1.0, ""amenity_ids"": [1, 2, 4, 8, 10, 77, 85, 23, 88, 90, 91, 92, 93, 30, 94, 95, 96, 33, 34, 98, 35, 39, 103, 40, 104, 41, 107, 44, 45, 47, 51, 54, 56], ""is_rebookable"": false, ""is_new_listing"": false, ""is_fully_refundable"": true, ""is_host_highly_rated"": false, ""is_business_travel_ready"": false}";"{""weekly_factor"": 0.86, ""monthly_factor"": 0.72}";880;"";"{""is_superhost"": false}"
21855122;Joli appartement en plein cœur du 9eme arrond.;entire_home;Paris;Gare du Nord - Gare de I'Est;48.8760807763;2.34427035447;3;"[""https://a0.muscache.com/im/pictures/e4d60e27-b401-474f-88d6-7ced1af7f8fe.jpg?aki_policy=large"", ""https://a0.muscache.com/im/pictures/c5325cbd-80ad-4295-9abc-0f67e6ae33da.jpg?aki_policy=large"", ""https://a0.muscache.com/im/pictures/534d6db2-3f66-4a4a-81c1-0cc6b28062fe.jpg?aki_policy=large"", ""https://a0.muscache.com/im/pictures/4e89d173-ce41-4542-926c-1294250e8c4e.jpg?aki_policy=large"", ""https://a0.muscache.com/im/pictures/150d9825-2344-4402-800c-4bf00b9f6a52.jpg?aki_policy=large"", ""https://a0.muscache.com/im/pictures/b18bd37f-16aa-46e7-a3b5-a3b9862f9824.jpg?aki_policy=large"", ""https://a0.muscache.com/im/pictures/58836dd0-bd27-483d-bed0-383277893d47.jpg?aki_policy=large"", ""https://a0.muscache.com/im/pictures/6955186e-9c97-4fee-804e-2ff041a3f60d.jpg?aki_policy=large"", ""https://a0.muscache.com/im/pictures/9ce6f175-fce8-4f95-8d86-69ec78407426.jpg?aki_policy=large"", ""https://a0.muscache.com/im/pictures/a76f1e20-0f4b-461d-8a6a-47ad5d2d882d.jpg?aki_policy=large"", ""https://a0.muscache.com/im/pictures/74c9f8e5-dae0-4c47-921e-2c124d785244.jpg?aki_policy=large""]";"{""beds"": 2, ""bedrooms"": 1, ""bathrooms"": 1.0, ""amenity_ids"": [1, 129, 4, 8, 10, 12, 16, 89, 90, 91, 93, 30, 94, 95, 33, 35, 101, 103, 40, 104, 41, 44, 45, 46, 47], ""is_rebookable"": false, ""is_new_listing"": false, ""is_fully_refundable"": true, ""is_host_highly_rated"": true, ""is_business_travel_ready"": false}";"{""weekly_factor"": 0.95, ""monthly_factor"": 0.75}";559;"";"{""is_superhost"": false}"
21868898;Petit cocon douillet en plein cœur de Paris;entire_home;Paris;Palais Royal;48.8616951107;2.33991264238;2;"[""https://a0.muscache.com/im/pictures/21b10d43-c0c4-413d-861b-e69a7565a264.jpg?aki_policy=large"", ""https://a0.muscache.com/im/pictures/489b7a89-2afe-4e5f-8a96-c5bf4c0dd8aa.jpg?aki_policy=large"", ""https://a0.muscache.com/im/pictures/8dd2ecef-f86e-4b28-8c0d-9465ec1b2c3e.jpg?aki_policy=large"", ""https://a0.muscache.com/im/pictures/7ebbd668-4f7a-4fb8-a7d4-7f729cce88a6.jpg?aki_policy=large"", ""https://a0.muscache.com/im/pictures/b205e1f7-a97a-4437-96a7-1cf1c7e597b7.jpg?aki_policy=large"", ""https://a0.muscache.com/im/pictures/3e00a51d-fe6e-4453-89a8-ce690a90d141.jpg?aki_policy=large"", ""https://a0.muscache.com/im/pictures/b42bc7a4-31cc-4c73-86e5-4166ddea2ccd.jpg?aki_policy=large"", ""https://a0.muscache.com/im/pictures/54470e83-b5f8-4d0e-a6e7-ac1b3f0dab53.jpg?aki_policy=large"", ""https://a0.muscache.com/im/pictures/29c42488-a198-4800-a7f3-96010714186d.jpg?aki_policy=large"", ""https://a0.muscache.com/im/pictures/7952fbc5-e50e-4a2f-902a-0917e7ea3e00.jpg?aki_policy=large"", ""https://a0.muscache.com/im/pictures/6a3ae4c5-6249-40ee-9175-337ea43da3e9.jpg?aki_policy=large"", ""https://a0.muscache.com/im/pictures/a84acc05-f9b5-4301-a178-593b629b6faf.jpg?aki_policy=large"", ""https://a0.muscache.com/im/pictures/3a308405-3c69-4e61-8554-1fad8f942f37.jpg?aki_policy=large""]";"{""beds"": 1, ""bedrooms"": 1, ""bathrooms"": 1.0, ""amenity_ids"": [1, 2, 4, 8, 77, 21, 85, 86, 88, 89, 90, 91, 93, 30, 94, 98, 35, 103, 40, 104, 41, 44, 45, 46, 47, 111, 112, 113, 51, 115, 54], ""is_rebookable"": false, ""is_new_listing"": false, ""is_fully_refundable"": true, ""is_host_highly_rated"": true, ""is_business_travel_ready"": false}";"{""weekly_factor"": 0.9, ""monthly_factor"": 1.0}";3162;"";"{""is_superhost"": true}"
21881396;Sumptuous apartment, St Germain des Près-Invalides;entire_home;Paris;Saint Germain des Prés - Odéon;48.855393379;2.33232664072;5;"[""https://a0.muscache.com/im/pictures/c6b21609-0c1d-41d6-8b1c-91b8c89e609d.jpg?aki_policy=large"", ""https://a0.muscache.com/im/pictures/30203e1d-1dc6-4189-a937-fcb1daa99338.jpg?aki_policy=large"", ""https://a0.muscache.com/im/pictures/c1a46da2-7acc-49c8-97c4-2dad5dcf17ce.jpg?aki_policy=large"", ""https://a0.muscache.com/im/pictures/f19a215c-f69d-4477-af91-3f335b269a93.jpg?aki_policy=large"", ""https://a0.muscache.com/im/pictures/992edc5d-bbeb-4d17-abc9-abbf26b13d26.jpg?aki_policy=large"", ""https://a0.muscache.com/im/pictures/3c6289db-daf6-4b6e-9ba5-3bab2544b043.jpg?aki_policy=large"", ""https://a0.muscache.com/im/pictures/830ef408-038d-49a9-b5b1-6ea9f1c380b9.jpg?aki_policy=large"", ""https://a0.muscache.com/im/pictures/b047dff9-5fea-46e1-a540-0979ae5e85ab.jpg?aki_policy=large"", ""https://a0.muscache.com/im/pictures/b6833239-759c-4a94-baff-9e8f99eb3229.jpg?aki_policy=large"", ""https://a0.muscache.com/im/pictures/73282d99-ef51-4491-a963-abe240d5f8da.jpg?aki_policy=large"", ""https://a0.muscache.com/im/pictures/a3037a4b-086d-4d75-99b2-bafe6547759b.jpg?aki_policy=large"", ""https://a0.muscache.com/im/pictures/46cc3903-ff8c-4001-832b-48b99783bf78.jpg?aki_policy=large"", ""https://a0.muscache.com/im/pictures/1cf96f56-7974-410b-9226-5846189522f6.jpg?aki_policy=large"", ""https://a0.muscache.com/im/pictures/32913796-2566-4a72-9f5e-92e94e770e50.jpg?aki_policy=large"", ""https://a0.muscache.com/im/pictures/79ed9cc2-b8db-4ef1-9cef-fa021e805c06.jpg?aki_policy=large"", ""https://a0.muscache.com/im/pictures/199a3371-7464-4aa6-b285-6c1e97e9def9.jpg?aki_policy=large"", ""https://a0.muscache.com/im/pictures/93c52971-b4cc-4efe-9da4-17f2bf38c22f.jpg?aki_policy=large"", ""https://a0.muscache.com/im/pictures/5c9ba176-655e-4e23-87c6-39f6c5c6a857.jpg?aki_policy=large"", ""https://a0.muscache.com/im/pictures/f7effa33-624d-40e4-b380-6023845b93d2.jpg?aki_policy=large"", ""https://a0.muscache.com/im/pictures/f70ac4d1-530d-4843-806f-7798d8e6dc52.jpg?aki_policy=large"", ""https://a0.muscache.com/im/pictures/7b0839c6-ff6b-434c-94f5-d3eb6d058f9f.jpg?aki_policy=large"", ""https://a0.muscache.com/im/pictures/a5ad40a5-0343-4a9c-b8c8-5fc18ef6a7b1.jpg?aki_policy=large"", ""https://a0.muscache.com/im/pictures/bdb7f775-54c6-4ad0-a38d-f974289a69fc.jpg?aki_policy=large"", ""https://a0.muscache.com/im/pictures/3443e34a-bce2-4d6b-9cbe-6f4889cfc2ea.jpg?aki_policy=large"", ""https://a0.muscache.com/im/pictures/99fff9bf-41f3-43b3-8c58-340317af66f1.jpg?aki_policy=large"", ""https://a0.muscache.com/im/pictures/5da21f95-5e24-4f30-ac2b-7a3cff73bc3c.jpg?aki_policy=large"", ""https://a0.muscache.com/im/pictures/6d711a8e-06c8-4012-90e6-cc326f5731d6.jpg?aki_policy=large"", ""https://a0.muscache.com/im/pictures/012e6569-6e48-4004-8ccc-5378b454ab29.jpg?aki_policy=large"", ""https://a0.muscache.com/im/pictures/6a61b452-c7d1-4e2e-8db3-2febd21bdc4c.jpg?aki_policy=large"", ""https://a0.muscache.com/im/pictures/10c6b1e1-0056-478b-a246-f14b143a99e9.jpg?aki_policy=large""]";"{""beds"": 3, ""bedrooms"": 3, ""bathrooms"": 2.5, ""amenity_ids"": [1, 33, 97, 129, 35, 4, 100, 103, 8, 40, 41, 10, 44, 45, 77, 46, 47, 89, 90, 91, 92, 30, 94, 95], ""is_rebookable"": false, ""is_new_listing"": false, ""is_fully_refundable"": true, ""is_host_highly_rated"": false, ""is_business_travel_ready"": false}";"{""weekly_factor"": 1.0, ""monthly_factor"": 1.0}";1983;"";"{""is_superhost"": false}"
21888709;BETWEEN PLACE VENDOME &TUILERIES OF FRENCH CAPITAL;entire_home;Paris;Louvre - Tuileries;48.8646351692;2.3279974331;4;"[""https://a0.muscache.com/im/pictures/5b63b167-bf00-4498-9cb5-7521da91fb2c.jpg?aki_policy=large"", ""https://a0.muscache.com/im/pictures/f9edceda-84b5-4c8c-abf8-a804df462bfe.jpg?aki_policy=large"", ""https://a0.muscache.com/im/pictures/aa3decb8-0a5d-4f0c-98e6-bdee6e8a9180.jpg?aki_policy=large"", ""https://a0.muscache.com/im/pictures/95cf36a6-d881-486f-a38f-9012c5548326.jpg?aki_policy=large"", ""https://a0.muscache.com/im/pictures/0eec3229-61ba-412e-b139-7885c197f85f.jpg?aki_policy=large"", ""https://a0.muscache.com/im/pictures/548eb92a-b382-4b30-9bd8-1e7c3a67a16f.jpg?aki_policy=large"", ""https://a0.muscache.com/im/pictures/d5cec05c-bfee-42f1-a72e-f7a9fc3d205e.jpg?aki_policy=large"", ""https://a0.muscache.com/im/pictures/e6faf7dc-c0f1-4546-aa5b-e4d9ae2f4424.jpg?aki_policy=large"", ""https://a0.muscache.com/im/pictures/4ac964e7-1460-4452-8a81-01b1e13bd311.jpg?aki_policy=large"", ""https://a0.muscache.com/im/pictures/1de48d4f-d263-4c75-99eb-4d225d7ccec7.jpg?aki_policy=large"", ""https://a0.muscache.com/im/pictures/83c56ecc-f76d-4ac3-8a31-6f942c1fa30c.jpg?aki_policy=large"", ""https://a0.muscache.com/im/pictures/cbf6fe9a-de12-4aa5-84cb-928889d0929b.jpg?aki_policy=large"", ""https://a0.muscache.com/im/pictures/284bcb2e-db57-4cfb-adda-0a7dd2b2def6.jpg?aki_policy=large"", ""https://a0.muscache.com/im/pictures/6e3353a3-c516-4a07-8144-b8c948d628e8.jpg?aki_policy=large"", ""https://a0.muscache.com/im/pictures/938145ef-98b4-4024-a47c-4ab97e97b9ab.jpg?aki_policy=large"", ""https://a0.muscache.com/im/pictures/7cb85517-6d86-435a-9949-2bc642e218b5.jpg?aki_policy=large"", ""https://a0.muscache.com/im/pictures/7d2f074d-2878-4f91-998c-597c853c256a.jpg?aki_policy=large"", ""https://a0.muscache.com/im/pictures/0fd43d9c-2ef1-4e74-aa7b-b0f235cc3b4e.jpg?aki_policy=large"", ""https://a0.muscache.com/im/pictures/2cde5e6a-a25d-4bb1-a48e-6b7359df37b1.jpg?aki_policy=large"", ""https://a0.muscache.com/im/pictures/e57012c6-4f4b-430a-8a1d-2c74bb1b169c.jpg?aki_policy=large"", ""https://a0.muscache.com/im/pictures/25539135-e764-4a21-a861-94ad869070e5.jpg?aki_policy=large"", ""https://a0.muscache.com/im/pictures/8453737d-2ec6-4c42-a3ee-50de025dd63b.jpg?aki_policy=large"", ""https://a0.muscache.com/im/pictures/dff82853-4c8f-4197-98b2-ce2e4fe7daab.jpg?aki_policy=large"", ""https://a0.muscache.com/im/pictures/2e7fb3c3-1711-4c82-8f14-96b98fd5436a.jpg?aki_policy=large"", ""https://a0.muscache.com/im/pictures/0be77846-0c57-4112-9322-c6edb68a4290.jpg?aki_policy=large"", ""https://a0.muscache.com/im/pictures/a73f1315-ab90-4503-80e0-ca75a5561600.jpg?aki_policy=large"", ""https://a0.muscache.com/im/pictures/63524523-d558-46f1-ac65-5a2a8c49fb78.jpg?aki_policy=large"", ""https://a0.muscache.com/im/pictures/9bf2e497-aeb8-445d-9aae-f6b52b913f6c.jpg?aki_policy=large"", ""https://a0.muscache.com/im/pictures/45d37966-0598-4368-b503-5bfb40875e00.jpg?aki_policy=large"", ""https://a0.muscache.com/im/pictures/27991aac-7517-4f9a-9fdd-af068f8f69f4.jpg?aki_policy=large""]";"{""beds"": 3, ""bedrooms"": 2, ""bathrooms"": 2.0, ""amenity_ids"": [64, 1, 2, 4, 8, 77, 85, 86, 89, 90, 91, 92, 93, 30, 94, 31, 95, 32, 33, 35, 37, 39, 103, 40, 104, 42, 44, 45, 46, 47, 57], ""is_rebookable"": false, ""is_new_listing"": false, ""is_fully_refundable"": false, ""is_host_highly_rated"": false, ""is_business_travel_ready"": false}";"{""weekly_factor"": 1.0, ""monthly_factor"": 0.5}";3984;"";"{""is_superhost"": false}"
21905043;Showroom space to share;private_room;Paris;Le Marais;48.8606650156;2.36699928616;10;"[""https://a0.muscache.com/im/pictures/e6542ef1-1886-4c3e-9826-f08fe43177f1.jpg?aki_policy=large"", ""https://a0.muscache.com/im/pictures/73fb11de-1d82-48cb-b91b-00e41dcba5c4.jpg?aki_policy=large"", ""https://a0.muscache.com/im/pictures/059ca885-237f-4b8c-a3f3-8b04fc0590fe.jpg?aki_policy=large"", ""https://a0.muscache.com/im/pictures/e70adc92-ce4b-4e6f-9011-f2f4e0d9b369.jpg?aki_policy=large""]";"{""beds"": 1, ""bedrooms"": 0, ""bathrooms"": 1.0, ""amenity_ids"": [16, 32, 35, 4, 5, 38, 39, 8, 30, 47], ""is_rebookable"": false, ""is_new_listing"": false, ""is_fully_refundable"": true, ""is_host_highly_rated"": false, ""is_business_travel_ready"": false}";"{""weekly_factor"": 1.0, ""monthly_factor"": 1.0}";1697;"";"{""is_superhost"": false}"
21907005;Studio sous les toits à quelques mètres du Louvre;entire_home;Paris;Palais Royal;48.8657184975;2.33681178027;2;"[""https://a0.muscache.com/im/pictures/64b90067-b332-4d14-889b-a90f20a795a2.jpg?aki_policy=large"", ""https://a0.muscache.com/im/pictures/d8f38ed6-b821-409d-aebe-5caf62c7c33b.jpg?aki_policy=large"", ""https://a0.muscache.com/im/pictures/658f1d07-0c7d-4a95-b422-12f2ddb47e09.jpg?aki_policy=large"", ""https://a0.muscache.com/im/pictures/50bbb832-4d9f-41f6-9157-c93b37b3e64e.jpg?aki_policy=large"", ""https://a0.muscache.com/im/pictures/a3be143c-dc1d-434f-bde2-25e8d930a40d.jpg?aki_policy=large"", ""https://a0.muscache.com/im/pictures/b64005d9-a2ca-4fb5-99aa-e3b4f9dd5e9f.jpg?aki_policy=large"", ""https://a0.muscache.com/im/pictures/371bbcad-78cd-4d4d-be86-146d892ac8d7.jpg?aki_policy=large"", ""https://a0.muscache.com/im/pictures/104e17c3-9a52-43d6-af54-8d1850264827.jpg?aki_policy=large"", ""https://a0.muscache.com/im/pictures/658eaa58-d059-44d8-9c58-516b0d3051ac.jpg?aki_policy=large"", ""https://a0.muscache.com/im/pictures/b72947e9-e379-4ef9-b5c9-32a90d4c740e.jpg?aki_policy=large"", ""https://a0.muscache.com/im/pictures/a03f4b10-418e-473e-88c5-687e2e8efb81.jpg?aki_policy=large"", ""https://a0.muscache.com/im/pictures/bf305980-8f62-4b77-9a51-775be7b0738e.jpg?aki_policy=large"", ""https://a0.muscache.com/im/pictures/de03e931-5471-4db8-9b42-9e29aff84488.jpg?aki_policy=large"", ""https://a0.muscache.com/im/pictures/b0a6954d-3502-44eb-8eca-c0307773a06f.jpg?aki_policy=large"", ""https://a0.muscache.com/im/pictures/e04ba415-2d7d-4e0f-9b70-3c93e348664b.jpg?aki_policy=large"", ""https://a0.muscache.com/im/pictures/b04018c6-3b35-43f9-8d01-d305758be8b3.jpg?aki_policy=large"", ""https://a0.muscache.com/im/pictures/1fc51128-01bd-4407-8a15-d88bdf321edd.jpg?aki_policy=large"", ""https://a0.muscache.com/im/pictures/095b24a8-c18f-4e53-9ab8-b13fd8157028.jpg?aki_policy=large"", ""https://a0.muscache.com/im/pictures/2dadecb2-faab-48bb-add1-efc9ff35da76.jpg?aki_policy=large"", ""https://a0.muscache.com/im/pictures/4e2809df-572f-447d-b50d-0eb46012274f.jpg?aki_policy=large"", ""https://a0.muscache.com/im/pictures/73c3249d-f2ce-48bf-b5c6-b70826ff8b84.jpg?aki_policy=large""]";"{""beds"": 1, ""bedrooms"": 0, ""bathrooms"": 1.0, ""amenity_ids"": [96, 35, 4, 8, 40, 41, 10, 44, 45, 77, 46, 47, 51, 85, 54, 90, 91, 93, 30, 94], ""is_rebookable"": false, ""is_new_listing"": false, ""is_fully_refundable"": true, ""is_host_highly_rated"": true, ""is_business_travel_ready"": false}";"{""weekly_factor"": 1.0, ""monthly_factor"": 1.0}";6003;"";"{""is_superhost"": false}"
21918317;Place Sainte Catherine;entire_home;Paris;Le Marais;48.8563175318;2.36208424298;5;"[""https://a0.muscache.com/im/pictures/8b1fffb4-bac0-4dcb-94f8-eee1f0b14264.jpg?aki_policy=large"", ""https://a0.muscache.com/im/pictures/61893899-961c-47be-90e0-18fa3f346bcc.jpg?aki_policy=large"", ""https://a0.muscache.com/im/pictures/21263e54-ba2f-4708-8856-2b13d3fdd898.jpg?aki_policy=large"", ""https://a0.muscache.com/im/pictures/3a700ac7-748b-4b7d-a932-8b66d50047f1.jpg?aki_policy=large"", ""https://a0.muscache.com/im/pictures/6b9958cd-7812-42dc-9e33-f7f7c0b1153c.jpg?aki_policy=large"", ""https://a0.muscache.com/im/pictures/e98d50ca-47a2-4e2e-94c3-f394819ca5b6.jpg?aki_policy=large"", ""https://a0.muscache.com/im/pictures/b2b84b92-5191-4055-bb2b-d8af02365fd7.jpg?aki_policy=large"", ""https://a0.muscache.com/im/pictures/737f227f-0b7d-4b30-ab7a-68c70036b77f.jpg?aki_policy=large"", ""https://a0.muscache.com/im/pictures/3faf76a0-c242-4133-82a8-9d5965cf302b.jpg?aki_policy=large"", ""https://a0.muscache.com/im/pictures/c4bff894-8775-4ff7-981b-73bd2bebdc4c.jpg?aki_policy=large"", ""https://a0.muscache.com/im/pictures/5bf339a4-33b0-4bff-9c0e-324153b758e4.jpg?aki_policy=large"", ""https://a0.muscache.com/im/pictures/251fa538-faed-45bb-82b8-767b2fc5e3c8.jpg?aki_policy=large"", ""https://a0.muscache.com/im/pictures/84552e24-e757-4edc-8641-3821f90eaec1.jpg?aki_policy=large"", ""https://a0.muscache.com/im/pictures/05e847fd-f032-49ac-9b38-a5125765fb44.jpg?aki_policy=large"", ""https://a0.muscache.com/im/pictures/c0794ef4-6791-4382-bed6-31f5eb4f9e2d.jpg?aki_policy=large"", ""https://a0.muscache.com/im/pictures/c4eba22d-4b7f-498d-81b8-51e00c0d8812.jpg?aki_policy=large"", ""https://a0.muscache.com/im/pictures/93646781-f5ad-4851-804f-5b4bb03d08a3.jpg?aki_policy=large"", ""https://a0.muscache.com/im/pictures/14685d1a-e9f7-4841-8d8c-4da59906aac8.jpg?aki_policy=large"", ""https://a0.muscache.com/im/pictures/4f2cb4bd-42a3-4920-9284-63150cc9bb94.jpg?aki_policy=large"", ""https://a0.muscache.com/im/pictures/7e34ae1f-8bf2-4f4d-885c-6e3699879d32.jpg?aki_policy=large"", ""https://a0.muscache.com/im/pictures/111c1602-89ad-46dc-a389-e22cdf2bf778.jpg?aki_policy=large"", ""https://a0.muscache.com/im/pictures/8c4d3a46-1e73-4ff6-82c2-9b45142f6a65.jpg?aki_policy=large"", ""https://a0.muscache.com/im/pictures/144c1df4-d087-4630-accd-21a2a9321604.jpg?aki_policy=large"", ""https://a0.muscache.com/im/pictures/e4953b3d-c816-47e6-8af7-f6c6a2f1a190.jpg?aki_policy=large"", ""https://a0.muscache.com/im/pictures/f80a6fd1-0cbb-4815-8032-e9decbfa139a.jpg?aki_policy=large""]";"{""beds"": 4, ""bedrooms"": 2, ""bathrooms"": 1.0, ""amenity_ids"": [1, 33, 129, 34, 35, 4, 38, 103, 8, 104, 41, 10, 44, 45, 77, 46, 47, 30, 31, 287], ""is_rebookable"": false, ""is_new_listing"": false, ""is_fully_refundable"": true, ""is_host_highly_rated"": true, ""is_business_travel_ready"": false}";"{""weekly_factor"": 0.94, ""monthly_factor"": 0.65}";2348;"";"{""is_superhost"": false}"
21960582;A5DG Gefilte Fish;entire_home;Paris city;Le Marais;48.863953;2.356678;4;"[""https://a0.muscache.com/im/pictures/7808e8cf-a548-46c4-bc4b-6d03562d734b.jpg?aki_policy=large"", ""https://a0.muscache.com/im/pictures/316ed6c9-7a12-43d0-8abd-2ba097141484.jpg?aki_policy=large"", ""https://a0.muscache.com/im/pictures/f149d646-7d58-4533-9297-c87dae26d733.jpg?aki_policy=large"", ""https://a0.muscache.com/im/pictures/d40aa4f7-d1f5-4862-ad5c-9f2863024def.jpg?aki_policy=large"", ""https://a0.muscache.com/im/pictures/16ff209f-4099-455d-9667-f52ef1480e1d.jpg?aki_policy=large"", ""https://a0.muscache.com/im/pictures/4db526c8-54d6-4da5-ba96-f3781bdee2ac.jpg?aki_policy=large"", ""https://a0.muscache.com/im/pictures/1de9a5df-064b-442b-aa48-0b71bf5b9416.jpg?aki_policy=large"", ""https://a0.muscache.com/im/pictures/b716b0b3-b501-484f-93cb-e9a21114b773.jpg?aki_policy=large"", ""https://a0.muscache.com/im/pictures/3507ff5c-f98f-4c99-938e-53665fc6e7ff.jpg?aki_policy=large""]";"{""beds"": 2, ""bedrooms"": 1, ""bathrooms"": 1.5, ""amenity_ids"": [1, 33, 3, 4, 71, 8, 40, 43, 45, 46, 31], ""is_rebookable"": false, ""is_new_listing"": false, ""is_fully_refundable"": true, ""is_host_highly_rated"": true, ""is_business_travel_ready"": false}";"{""weekly_factor"": 1.0, ""monthly_factor"": 1.0}";5858;"";"{""is_superhost"": false}"
21964296;Atelier Loft Paris Mouzaïa Buttes Chaumont;entire_home;Paris;Buttes-Chaumont - Belleville;48.8810470333;2.38897806871;7;"[""https://a0.muscache.com/im/pictures/e8d1ef3b-0ba0-4c67-b663-5ca99f7a4d7f.jpg?aki_policy=large"", ""https://a0.muscache.com/im/pictures/c7f963d0-23b8-419e-8bca-5e9bcfff91cc.jpg?aki_policy=large"", ""https://a0.muscache.com/im/pictures/9fe255c0-773c-4032-984b-0a91a407e2b9.jpg?aki_policy=large"", ""https://a0.muscache.com/im/pictures/e56baeec-2f0e-4744-af76-ed64dac021da.jpg?aki_policy=large"", ""https://a0.muscache.com/im/pictures/a0819b92-58d2-4501-afdc-47f1d79b7296.jpg?aki_policy=large"", ""https://a0.muscache.com/im/pictures/85670b85-44bc-4235-b3bb-fff731efc7ff.jpg?aki_policy=large"", ""https://a0.muscache.com/im/pictures/02e5aaff-c18f-40d1-bf04-37df09b29cde.jpg?aki_policy=large"", ""https://a0.muscache.com/im/pictures/ad684775-8e3f-4b85-9f47-94d9c1165b53.jpg?aki_policy=large"", ""https://a0.muscache.com/im/pictures/af3d582a-42d6-4338-9aab-a79fcdcead08.jpg?aki_policy=large"", ""https://a0.muscache.com/im/pictures/fbdafed9-e351-43f0-b901-3edc60bdf92d.jpg?aki_policy=large""]";"{""beds"": 4, ""bedrooms"": 4, ""bathrooms"": 3.5, ""amenity_ids"": [128, 1, 129, 66, 4, 69, 70, 8, 72, 89, 90, 27, 91, 92, 93, 30, 94, 31, 95, 96, 33, 34, 35, 99, 101, 38, 103, 40, 44, 45, 46, 110, 47, 112, 57, 127], ""is_rebookable"": false, ""is_new_listing"": false, ""is_fully_refundable"": true, ""is_host_highly_rated"": true, ""is_business_travel_ready"": false}";"{""weekly_factor"": 1.0, ""monthly_factor"": 0.8}";2984;"";"{""is_superhost"": false}"
22008333;"Incredible deal ""Notre Dame""";entire_home;Paris;Saint-Michel;48.8526553306;2.34537863795;5;"[""https://a0.muscache.com/im/pictures/246a0385-4ba0-46ef-9488-3277e37b9099.jpg?aki_policy=large"", ""https://a0.muscache.com/im/pictures/ea5a257f-3b39-4423-9a0f-be230f3241bf.jpg?aki_policy=large"", ""https://a0.muscache.com/im/pictures/b842d247-71f9-4ba7-aeca-cb5f6d53e582.jpg?aki_policy=large"", ""https://a0.muscache.com/im/pictures/c1956120-6097-493f-ba96-245108647410.jpg?aki_policy=large"", ""https://a0.muscache.com/im/pictures/6b1de201-545e-4fa5-a889-56c36ece2add.jpg?aki_policy=large"", ""https://a0.muscache.com/im/pictures/e20cc897-e90c-4b4a-893c-0e17069142e1.jpg?aki_policy=large"", ""https://a0.muscache.com/im/pictures/a2f03e0c-5ceb-4fd6-aec7-406f35199953.jpg?aki_policy=large"", ""https://a0.muscache.com/im/pictures/e316c490-24fb-4ac7-9e2f-99df60c4830e.jpg?aki_policy=large"", ""https://a0.muscache.com/im/pictures/2b9b13af-6313-4d81-b876-fec52c841388.jpg?aki_policy=large"", ""https://a0.muscache.com/im/pictures/db21106e-c058-42d5-9358-73f70bf65ec9.jpg?aki_policy=large"", ""https://a0.muscache.com/im/pictures/089926b4-cece-468d-ac5a-54c91113ed76.jpg?aki_policy=large"", ""https://a0.muscache.com/im/pictures/538378b3-2f82-487d-9020-ca5d0217276b.jpg?aki_policy=large"", ""https://a0.muscache.com/im/pictures/3e31f661-4a90-4dd7-920f-1cecaaec6283.jpg?aki_policy=large"", ""https://a0.muscache.com/im/pictures/45bb3046-64ef-4074-ac30-e677a68724e9.jpg?aki_policy=large"", ""https://a0.muscache.com/im/pictures/85f3622a-e597-4423-a80f-0ece3d682539.jpg?aki_policy=large"", ""https://a0.muscache.com/im/pictures/1bc228d7-450a-4baf-bd3e-2024dc98ab75.jpg?aki_policy=large"", ""https://a0.muscache.com/im/pictures/3a4bd887-a828-4c90-a998-72a0ffa53984.jpg?aki_policy=large"", ""https://a0.muscache.com/im/pictures/c63b7410-4a3b-477d-b5a4-047212028b56.jpg?aki_policy=large"", ""https://a0.muscache.com/im/pictures/ae6f833b-da01-4226-b0dd-d1a5abb1ef39.jpg?aki_policy=large"", ""https://a0.muscache.com/im/pictures/c0f46326-d233-4196-8ef7-9d7f6f98139a.jpg?aki_policy=large"", ""https://a0.muscache.com/im/pictures/b557bd95-5644-4cda-a815-430b8548de07.jpg?aki_policy=large"", ""https://a0.muscache.com/im/pictures/008027bf-bdba-4795-8a80-0baf1a6226a4.jpg?aki_policy=large"", ""https://a0.muscache.com/im/pictures/92681719-96bf-4faa-93f9-d8ebe7e86d08.jpg?aki_policy=large"", ""https://a0.muscache.com/im/pictures/3d89d3cd-9e53-4366-92f0-ae4f0ee4e12f.jpg?aki_policy=large"", ""https://a0.muscache.com/im/pictures/4399c239-7499-4a5e-8327-49281740ecff.jpg?aki_policy=large""]";"{""beds"": 3, ""bedrooms"": 1, ""bathrooms"": 1.5, ""amenity_ids"": [64, 1, 129, 4, 71, 8, 72, 10, 77, 85, 90, 91, 92, 93, 30, 94, 31, 95, 96, 33, 34, 35, 36, 103, 40, 104, 41, 44, 45, 46, 47], ""is_rebookable"": false, ""is_new_listing"": false, ""is_fully_refundable"": true, ""is_host_highly_rated"": false, ""is_business_travel_ready"": false}";"{""weekly_factor"": 0.97, ""monthly_factor"": 0.95}";398;"";"{""is_superhost"": false}"
22022302;Appartement cosy près du Bois de Vincennes;entire_home;Paris;Nation;48.8466888643;2.40526976934;2;"[""https://a0.muscache.com/im/pictures/640405f9-920a-4017-897e-851714358c08.jpg?aki_policy=large"", ""https://a0.muscache.com/im/pictures/eb633ab4-5dc5-4e7f-bb52-504bf431eb16.jpg?aki_policy=large"", ""https://a0.muscache.com/im/pictures/e4c348d2-3bf4-4d6b-a1ff-92178dc93373.jpg?aki_policy=large"", ""https://a0.muscache.com/im/pictures/dc0d9843-c4e6-498c-8a88-03a728e94347.jpg?aki_policy=large"", ""https://a0.muscache.com/im/pictures/346a9c9e-940c-4fb1-b6ac-221b8ab0273b.jpg?aki_policy=large"", ""https://a0.muscache.com/im/pictures/5e4137b4-1530-4f79-989d-2e2805b92f29.jpg?aki_policy=large"", ""https://a0.muscache.com/im/pictures/bb91e5e4-2315-49f0-bda4-425479f70d74.jpg?aki_policy=large"", ""https://a0.muscache.com/im/pictures/6d7fc217-ee6c-4bbc-a538-b7efe885ba74.jpg?aki_policy=large"", ""https://a0.muscache.com/im/pictures/6c4b8169-2b30-4e64-88d8-6547ff1fac40.jpg?aki_policy=large"", ""https://a0.muscache.com/im/pictures/7ef28498-29e0-46b0-b51f-24e038997ebf.jpg?aki_policy=large"", ""https://a0.muscache.com/im/pictures/b90827bf-8c64-4920-b9a0-5d325c89c996.jpg?aki_policy=large"", ""https://a0.muscache.com/im/pictures/4973488c-39b7-441e-8309-80654a5802fc.jpg?aki_policy=large"", ""https://a0.muscache.com/im/pictures/728bf748-4f05-4db1-8b89-2f8cd46ca8f2.jpg?aki_policy=large"", ""https://a0.muscache.com/im/pictures/49ab37ff-8d2b-4b9d-8d80-a17ab46da9ab.jpg?aki_policy=large"", ""https://a0.muscache.com/im/pictures/a2ea626a-841c-4e85-8ded-df5b5610a0f2.jpg?aki_policy=large"", ""https://a0.muscache.com/im/pictures/cae56593-4cf0-4ea8-a2e6-24f34ab3ee85.jpg?aki_policy=large"", ""https://a0.muscache.com/im/pictures/4ccb8462-6ff2-4bf0-a028-a39d79178b3f.jpg?aki_policy=large"", ""https://a0.muscache.com/im/pictures/1c7c9c0d-80da-4375-84a3-93a20a34e919.jpg?aki_policy=large""]";"{""beds"": 1, ""bedrooms"": 1, ""bathrooms"": 1.5, ""amenity_ids"": [33, 4, 8, 40, 44, 45, 77, 47, 85, 57, 91, 92, 30], ""is_rebookable"": false, ""is_new_listing"": false, ""is_fully_refundable"": true, ""is_host_highly_rated"": false, ""is_business_travel_ready"": false}";"{""weekly_factor"": 0.95, ""monthly_factor"": 0.85}";2164;"";"{""is_superhost"": false}"
22144445;105390 - Appartement 4 personnes à Paris;entire_home;Paris city;"";48.8504059613;2.3459048315;4;"[""https://a0.muscache.com/im/pictures/053394f0-6811-454e-8096-b3fbaa227881.jpg?aki_policy=large"", ""https://a0.muscache.com/im/pictures/ff072d22-93f4-4f07-9162-36999111b47a.jpg?aki_policy=large"", ""https://a0.muscache.com/im/pictures/7e9b32a7-57d8-4e4c-99a6-61e8b838e424.jpg?aki_policy=large"", ""https://a0.muscache.com/im/pictures/043459f0-2cf3-4eb9-8f8c-e0899c271db8.jpg?aki_policy=large"", ""https://a0.muscache.com/im/pictures/e78606cd-76d9-4ec5-a24e-a9646613243a.jpg?aki_policy=large""]";"{""beds"": 2, ""bedrooms"": 1, ""bathrooms"": 1.5, ""amenity_ids"": [1, 33, 129, 3, 71, 8, 40, 41, 44, 45, 46, 47, 21, 61], ""is_rebookable"": false, ""is_new_listing"": false, ""is_fully_refundable"": true, ""is_host_highly_rated"": true, ""is_business_travel_ready"": false}";"{""weekly_factor"": 1.0, ""monthly_factor"": 1.0}";5338;"";"{""is_superhost"": false}"
22092957;Amazing location - Eiffel Tower - Trocadéro;entire_home;Paris;Passy;48.8589847909;2.27977652941;4;"[""https://a0.muscache.com/im/pictures/3d08b763-7a9a-4039-bafc-9a733f686c45.jpg?aki_policy=large"", ""https://a0.muscache.com/im/pictures/c909757d-5953-41a7-b224-f96d86b67983.jpg?aki_policy=large"", ""https://a0.muscache.com/im/pictures/df570271-270c-4bc0-a9d9-eb36914ba459.jpg?aki_policy=large"", ""https://a0.muscache.com/im/pictures/45cbc5ed-d2b2-4ba9-9ac5-d7a586771b14.jpg?aki_policy=large"", ""https://a0.muscache.com/im/pictures/824217ee-7d70-47b7-85f2-e037af34e69f.jpg?aki_policy=large"", ""https://a0.muscache.com/im/pictures/7a7b74f1-7f4c-4e61-83bb-14bff12ba4d7.jpg?aki_policy=large"", ""https://a0.muscache.com/im/pictures/a9fda284-cc6e-4666-8220-84a6b9c2e3f0.jpg?aki_policy=large"", ""https://a0.muscache.com/im/pictures/63669ede-0eda-45cc-bdb8-916c90c9efcb.jpg?aki_policy=large"", ""https://a0.muscache.com/im/pictures/a2cfc09e-1bdb-42ad-adda-b1d5d10b7657.jpg?aki_policy=large"", ""https://a0.muscache.com/im/pictures/72920cab-7a66-4918-a6a8-2e369323daa9.jpg?aki_policy=large"", ""https://a0.muscache.com/im/pictures/740cd614-5214-4bdc-8498-87e08358eb72.jpg?aki_policy=large"", ""https://a0.muscache.com/im/pictures/b4d966f0-d5f3-49db-b4e4-a3271caf51cc.jpg?aki_policy=large"", ""https://a0.muscache.com/im/pictures/51f6b920-6164-4e28-a605-9cb18898e7b0.jpg?aki_policy=large"", ""https://a0.muscache.com/im/pictures/652e28a0-e55a-46c8-8e66-03ffb5aaa046.jpg?aki_policy=large"", ""https://a0.muscache.com/im/pictures/bded0367-a4b7-4297-917d-2e5b2cb84223.jpg?aki_policy=large"", ""https://a0.muscache.com/im/pictures/b07bff4f-6764-484c-81ab-c3d10c39c712.jpg?aki_policy=large"", ""https://a0.muscache.com/im/pictures/d8cbc4de-886a-430a-ab90-1b2310eceae5.jpg?aki_policy=large"", ""https://a0.muscache.com/im/pictures/bb622701-2fe0-4eaf-887d-5afe88ee14f0.jpg?aki_policy=large"", ""https://a0.muscache.com/im/pictures/737265b3-549d-4a6f-af33-2ccee551a906.jpg?aki_policy=large"", ""https://a0.muscache.com/im/pictures/5d800347-5e88-4b09-8f75-d4820627ec5c.jpg?aki_policy=large"", ""https://a0.muscache.com/im/pictures/6864215c-313e-44a7-a866-76f039589f4b.jpg?aki_policy=large"", ""https://a0.muscache.com/im/pictures/29673e97-7af6-44f5-9f66-24c8d3c9c7de.jpg?aki_policy=large"", ""https://a0.muscache.com/im/pictures/16041c3f-742c-467c-95f8-2b2b0dd35cdf.jpg?aki_policy=large"", ""https://a0.muscache.com/im/pictures/98194d0a-ddcb-4f96-9eab-7c8f7243fc2b.jpg?aki_policy=large"", ""https://a0.muscache.com/im/pictures/120a40e4-1893-4c72-a0d2-8311c48e6351.jpg?aki_policy=large""]";"{""beds"": 2, ""bedrooms"": 1, ""bathrooms"": 1.0, ""amenity_ids"": [64, 1, 129, 2, 4, 71, 8, 72, 10, 77, 85, 89, 90, 91, 92, 93, 30, 94, 31, 95, 96, 33, 35, 36, 103, 40, 104, 41, 44, 45, 46, 47, 60], ""is_rebookable"": false, ""is_new_listing"": false, ""is_fully_refundable"": true, ""is_host_highly_rated"": false, ""is_business_travel_ready"": false}";"{""weekly_factor"": 0.97, ""monthly_factor"": 0.95}";3947;"";"{""is_superhost"": false}"
22144452;117317 - Appartement 4 personnes à Paris;entire_home;Paris city;"";48.8805777656;2.29324848968;4;"[""https://a0.muscache.com/im/pictures/8a4c151f-9a7f-4080-875a-bdbecb215f6f.jpg?aki_policy=large"", ""https://a0.muscache.com/im/pictures/6836459e-8906-4c63-942a-1dc0baebbd7d.jpg?aki_policy=large"", ""https://a0.muscache.com/im/pictures/de97ea29-74cf-4b58-8863-1a6d66e060a1.jpg?aki_policy=large"", ""https://a0.muscache.com/im/pictures/444346ec-50c0-4375-a0c4-89e2403e0674.jpg?aki_policy=large"", ""https://a0.muscache.com/im/pictures/f72c8278-8407-408c-8bb9-17938687a7fc.jpg?aki_policy=large"", ""https://a0.muscache.com/im/pictures/72491761-e300-44c9-b212-4264ab1f1660.jpg?aki_policy=large"", ""https://a0.muscache.com/im/pictures/6b949752-9c4e-436b-a07b-1edd8a66d2ab.jpg?aki_policy=large"", ""https://a0.muscache.com/im/pictures/83a041fd-265a-4dc8-b3cc-7c7ce22b7ab5.jpg?aki_policy=large"", ""https://a0.muscache.com/im/pictures/b36f5f3a-7f7c-4cd5-ab55-826ffee6e8ab.jpg?aki_policy=large"", ""https://a0.muscache.com/im/pictures/eef79f95-b438-446b-a7fc-3dace8a3e673.jpg?aki_policy=large"", ""https://a0.muscache.com/im/pictures/9b8ed0d2-7f0d-4b10-a01d-99741f00779d.jpg?aki_policy=large"", ""https://a0.muscache.com/im/pictures/43ad2826-676e-4b4e-836c-fc16f4bf9bde.jpg?aki_policy=large"", ""https://a0.muscache.com/im/pictures/9d5ed03b-d7e7-4453-9454-7285a113c198.jpg?aki_policy=large"", ""https://a0.muscache.com/im/pictures/3c41d08d-daf3-46d9-a247-cc70c345d65d.jpg?aki_policy=large""]";"{""beds"": 2, ""bedrooms"": 1, ""bathrooms"": 1.5, ""amenity_ids"": [1, 33, 129, 34, 3, 4, 71, 8, 40, 41, 11, 44, 45, 46, 47, 21, 61, 30], ""is_rebookable"": false, ""is_new_listing"": false, ""is_fully_refundable"": true, ""is_host_highly_rated"": true, ""is_business_travel_ready"": false}";"{""weekly_factor"": 1.0, ""monthly_factor"": 1.0}";5338;"";"{""is_superhost"": false}"
22121806;Paris-Montorgueil appartement 5/6 pers;entire_home;Paris;Châtelet - Les Halles - Beaubourg;48.866138613;2.35098401952;5;"[""https://a0.muscache.com/im/pictures/e5c45f6f-4c46-4d4c-8f2b-605eaf488a01.jpg?aki_policy=large"", ""https://a0.muscache.com/im/pictures/5d3e2e6b-e79a-4403-b809-b067a44769c3.jpg?aki_policy=large"", ""https://a0.muscache.com/im/pictures/eb515ae1-0830-446f-b637-db7bafe5488f.jpg?aki_policy=large"", ""https://a0.muscache.com/im/pictures/9deb1cec-be71-450e-82c9-dba92380171a.jpg?aki_policy=large"", ""https://a0.muscache.com/im/pictures/d41b80e3-050e-4e8a-aedb-dc749c734880.jpg?aki_policy=large"", ""https://a0.muscache.com/im/pictures/6636b232-066f-4ad9-ba27-43436ed9f50c.jpg?aki_policy=large"", ""https://a0.muscache.com/im/pictures/a341c4b6-a7c4-4021-ae2d-33053e9b8d32.jpg?aki_policy=large"", ""https://a0.muscache.com/im/pictures/8c30a61c-59ad-4cf3-a275-868ba66ac21d.jpg?aki_policy=large"", ""https://a0.muscache.com/im/pictures/ea742c82-6e57-4893-a047-cdf18d7e0002.jpg?aki_policy=large"", ""https://a0.muscache.com/im/pictures/b68bba70-d966-4299-8a2f-0c02b072503a.jpg?aki_policy=large""]";"{""beds"": 3, ""bedrooms"": 3, ""bathrooms"": 1.0, ""amenity_ids"": [1, 33, 66, 35, 4, 37, 39, 103, 8, 40, 10, 11, 44, 45, 77, 46, 47, 51, 21, 53, 27, 30, 31], ""is_rebookable"": false, ""is_new_listing"": false, ""is_fully_refundable"": true, ""is_host_highly_rated"": false, ""is_business_travel_ready"": false}";"{""weekly_factor"": 0.83, ""monthly_factor"": 1.0}";7369;"";"{""is_superhost"": false}"
22122153;Champs Elysee Family Apt 80 private terrace/patio;entire_home;Paris;Monceau;48.879599751;2.3012113473;4;"[""https://a0.muscache.com/im/pictures/de9bde67-ea3b-4b28-83d1-653652d3b9c6.jpg?aki_policy=large"", ""https://a0.muscache.com/im/pictures/a8f67af9-f24b-455d-b45b-fef29e30f85f.jpg?aki_policy=large"", ""https://a0.muscache.com/im/pictures/fe5226f0-ec4d-4a61-b308-1ea659b556cb.jpg?aki_policy=large"", ""https://a0.muscache.com/im/pictures/5a379e24-f4fd-4de7-a657-ab67c7ede090.jpg?aki_policy=large"", ""https://a0.muscache.com/im/pictures/c2bb3d63-a422-4ca4-a2c8-b32b436d638c.jpg?aki_policy=large"", ""https://a0.muscache.com/im/pictures/55a638e8-36c5-4290-b30c-6001b2a51042.jpg?aki_policy=large"", ""https://a0.muscache.com/im/pictures/1beb5faa-9974-4ba8-a6c0-1b6c5ff5b3fe.jpg?aki_policy=large"", ""https://a0.muscache.com/im/pictures/1530023f-7cf8-4e6d-90f3-115442aa9572.jpg?aki_policy=large"", ""https://a0.muscache.com/im/pictures/98f279e5-43ad-40cb-9967-b52084c48105.jpg?aki_policy=large"", ""https://a0.muscache.com/im/pictures/5518a8a9-b349-4063-bd66-dc6012745ec7.jpg?aki_policy=large"", ""https://a0.muscache.com/im/pictures/1a2fd71f-6eda-4bb6-b2ca-8a35326080e3.jpg?aki_policy=large"", ""https://a0.muscache.com/im/pictures/fb3487e9-fa7b-475f-8fb7-d7eda0e38046.jpg?aki_policy=large"", ""https://a0.muscache.com/im/pictures/b77c0c2c-008e-400e-b2bf-3134ed321715.jpg?aki_policy=large"", ""https://a0.muscache.com/im/pictures/8bc00aff-24fd-48c2-9c56-4b09e10042ab.jpg?aki_policy=large"", ""https://a0.muscache.com/im/pictures/ace6863b-3baf-4bc6-88ed-578ad03d68b8.jpg?aki_policy=large"", ""https://a0.muscache.com/im/pictures/e953bda5-e5d3-4f7a-b4d7-1511d2460e50.jpg?aki_policy=large"", ""https://a0.muscache.com/im/pictures/9b663c6f-ede5-45ea-b7af-2847af0bd444.jpg?aki_policy=large"", ""https://a0.muscache.com/im/pictures/66ab38ed-3ef2-40ef-9366-0c5a3420f8cc.jpg?aki_policy=large"", ""https://a0.muscache.com/im/pictures/6f291280-a4eb-4814-af03-8707b6e0d906.jpg?aki_policy=large"", ""https://a0.muscache.com/im/pictures/b2205070-d4a6-4117-84e7-8a87a6a6b943.jpg?aki_policy=large"", ""https://a0.muscache.com/im/pictures/ce072e05-26b9-4e1d-a8fe-40e9100f74cf.jpg?aki_policy=large"", ""https://a0.muscache.com/im/pictures/45b52c38-edee-4b26-843e-0a1f568b713e.jpg?aki_policy=large"", ""https://a0.muscache.com/im/pictures/12b8648f-b485-4560-a209-11e553eeb557.jpg?aki_policy=large"", ""https://a0.muscache.com/im/pictures/649760b0-cbd7-4129-95b9-838896af0f64.jpg?aki_policy=large"", ""https://a0.muscache.com/im/pictures/ff5d5ac1-f7a7-4a72-a18e-567e3b25703d.jpg?aki_policy=large"", ""https://a0.muscache.com/im/pictures/d9bf659e-e6d4-4678-8f0b-b97663ca238a.jpg?aki_policy=large"", ""https://a0.muscache.com/im/pictures/ac987894-f8a0-46d7-8466-239c8aeb01d3.jpg?aki_policy=large"", ""https://a0.muscache.com/im/pictures/2835ebe6-5667-4adf-ad6c-7beb98a8fb88.jpg?aki_policy=large"", ""https://a0.muscache.com/im/pictures/e261cfb0-db2f-4a00-acc0-7e1ed7d920e2.jpg?aki_policy=large"", ""https://a0.muscache.com/im/pictures/662bb8d6-3388-43f0-92df-9b9f4973094b.jpg?aki_policy=large""]";"{""beds"": 2, ""bedrooms"": 1, ""bathrooms"": 1.0, ""amenity_ids"": [64, 1, 33, 129, 66, 35, 4, 71, 8, 40, 41, 44, 45, 77, 46, 47, 16, 285, 30, 31], ""is_rebookable"": false, ""is_new_listing"": false, ""is_fully_refundable"": true, ""is_host_highly_rated"": true, ""is_business_travel_ready"": false}";"{""weekly_factor"": 0.9, ""monthly_factor"": 0.75}";3336;"";"{""is_superhost"": false}"
22143540;S01060 - Studio 3 personnes Montorgueil;entire_home;Paris;Châtelet - Les Halles - Beaubourg;48.863632;2.34618;3;"[""https://a0.muscache.com/im/pictures/1e55ee5a-e9ab-4aa5-878c-9b02dd590ccf.jpg?aki_policy=large"", ""https://a0.muscache.com/im/pictures/f35fd21a-cbed-40d3-a59d-0a72eaa79aa1.jpg?aki_policy=large"", ""https://a0.muscache.com/im/pictures/981c7709-6c44-42dc-946a-9dbad428cc9c.jpg?aki_policy=large"", ""https://a0.muscache.com/im/pictures/b44cfd6e-d9bf-4dfa-a257-828cc1b2aefc.jpg?aki_policy=large"", ""https://a0.muscache.com/im/pictures/4ad2b1f4-b44a-44c8-aa9c-f881aba1a912.jpg?aki_policy=large"", ""https://a0.muscache.com/im/pictures/d33ee354-221c-45b5-a774-4fab593d1c76.jpg?aki_policy=large"", ""https://a0.muscache.com/im/pictures/a38f646c-5cc0-414d-b357-a8342c035614.jpg?aki_policy=large"", ""https://a0.muscache.com/im/pictures/ee9f754c-fb44-494b-853c-dcb2faa6cbc2.jpg?aki_policy=large"", ""https://a0.muscache.com/im/pictures/7297d955-b20e-4d95-9772-217eb2d5c4ca.jpg?aki_policy=large"", ""https://a0.muscache.com/im/pictures/49527811-f4cf-4a73-be7f-a8986a4ed552.jpg?aki_policy=large"", ""https://a0.muscache.com/im/pictures/2d84198d-5dc4-49ec-a609-49a0f87195ec.jpg?aki_policy=large""]";"{""beds"": 2, ""bedrooms"": 0, ""bathrooms"": 1.5, ""amenity_ids"": [1, 33, 129, 34, 3, 4, 71, 8, 40, 41, 44, 45, 46, 47, 27, 30], ""is_rebookable"": false, ""is_new_listing"": false, ""is_fully_refundable"": true, ""is_host_highly_rated"": true, ""is_business_travel_ready"": false}";"{""weekly_factor"": 1.0, ""monthly_factor"": 1.0}";5338;"";"{""is_superhost"": false}"
22144466;S02092 - Studio 4 personnes Montorgueil;entire_home;Paris city;Châtelet - Les Halles - Beaubourg;48.866001;2.34795;4;"[""https://a0.muscache.com/im/pictures/79ccc5cf-23a1-4854-a649-89e1a504794f.jpg?aki_policy=large"", ""https://a0.muscache.com/im/pictures/e49e9124-959b-41f1-8e52-12e6e4115305.jpg?aki_policy=large"", ""https://a0.muscache.com/im/pictures/2fbcb4d7-6a47-46f0-8400-1ef5d78dfa0c.jpg?aki_policy=large"", ""https://a0.muscache.com/im/pictures/486cdd9a-a7fe-4f28-8b11-9bb337c423ce.jpg?aki_policy=large"", ""https://a0.muscache.com/im/pictures/19041c11-07b7-49c2-9c82-2225a0857a23.jpg?aki_policy=large"", ""https://a0.muscache.com/im/pictures/fb74fd5a-0311-47e8-beb0-a769f68c981c.jpg?aki_policy=large"", ""https://a0.muscache.com/im/pictures/0971cf71-62da-4a95-9b34-60641851926f.jpg?aki_policy=large"", ""https://a0.muscache.com/im/pictures/d25868c1-5e55-4e1b-8496-7bc40e877d0a.jpg?aki_policy=large"", ""https://a0.muscache.com/im/pictures/3a23a3ff-e484-4314-8292-e9981d8fc3a4.jpg?aki_policy=large"", ""https://a0.muscache.com/im/pictures/b2178544-3026-43e0-b83f-acbdd0de7511.jpg?aki_policy=large"", ""https://a0.muscache.com/im/pictures/802bcd9b-beec-4db5-aa51-1a4d64808694.jpg?aki_policy=large"", ""https://a0.muscache.com/im/pictures/774f76be-29f7-40a0-aff9-e0b9e8ebeaf2.jpg?aki_policy=large"", ""https://a0.muscache.com/im/pictures/64f5c646-0614-4f7f-ad20-6b473d4f675a.jpg?aki_policy=large"", ""https://a0.muscache.com/im/pictures/037b98bc-ec72-4f9f-bfe6-46a3881a5b9b.jpg?aki_policy=large""]";"{""beds"": 2, ""bedrooms"": 0, ""bathrooms"": 1.5, ""amenity_ids"": [1, 33, 129, 34, 3, 4, 71, 8, 40, 41, 11, 44, 45, 46, 47, 21, 30], ""is_rebookable"": false, ""is_new_listing"": false, ""is_fully_refundable"": true, ""is_host_highly_rated"": true, ""is_business_travel_ready"": false}";"{""weekly_factor"": 1.0, ""monthly_factor"": 1.0}";5338;"";"{""is_superhost"": false}"
22144513;116498 - Appartement 3 personnes Passy;entire_home;Paris city;"";48.8589497519;2.28658154879;2;"[""https://a0.muscache.com/im/pictures/eb33843f-3675-4094-8c1b-2161045fe42c.jpg?aki_policy=large"", ""https://a0.muscache.com/im/pictures/31860ded-9d5c-4a2e-a0ba-9ca33a4614b1.jpg?aki_policy=large"", ""https://a0.muscache.com/im/pictures/833249fb-bda2-454e-aca3-0ac4f3e705d9.jpg?aki_policy=large"", ""https://a0.muscache.com/im/pictures/7e1d1fa1-c80c-45ce-815e-347345508cd4.jpg?aki_policy=large"", ""https://a0.muscache.com/im/pictures/132c13a0-63bc-4e98-9a2e-f0e1600b2fa0.jpg?aki_policy=large"", ""https://a0.muscache.com/im/pictures/7c978e24-0a3b-44c4-93eb-adb83c9ce987.jpg?aki_policy=large"", ""https://a0.muscache.com/im/pictures/8e6d5229-8a0e-4d50-87db-8e335e566a45.jpg?aki_policy=large"", ""https://a0.muscache.com/im/pictures/5c60b36b-1c0e-4583-b78b-1ee13e4c4803.jpg?aki_policy=large"", ""https://a0.muscache.com/im/pictures/4ab27fc6-eecb-4fbf-81dc-418d8209cbc5.jpg?aki_policy=large"", ""https://a0.muscache.com/im/pictures/e4bd8b8d-a8da-4fc4-afde-9f8f7a3214b7.jpg?aki_policy=large"", ""https://a0.muscache.com/im/pictures/5b77ae78-34c2-41a2-8ffd-344bc7a9adf9.jpg?aki_policy=large"", ""https://a0.muscache.com/im/pictures/390bf3e8-fd8e-453d-92b9-7601ab9c28c8.jpg?aki_policy=large"", ""https://a0.muscache.com/im/pictures/aeec8b23-665e-455f-89eb-93c78aae3c65.jpg?aki_policy=large"", ""https://a0.muscache.com/im/pictures/39e86658-bb61-4d6f-a412-461e79ac0636.jpg?aki_policy=large"", ""https://a0.muscache.com/im/pictures/9a4b3322-93fc-4a33-82e3-a49254925da3.jpg?aki_policy=large"", ""https://a0.muscache.com/im/pictures/e12480ff-605d-45dc-a703-2f6f28d4faa9.jpg?aki_policy=large"", ""https://a0.muscache.com/im/pictures/d93c869f-6ec8-4f79-ac68-df6ac85cc66f.jpg?aki_policy=large"", ""https://a0.muscache.com/im/pictures/253b1b13-73e6-4f9f-9944-b83ec072a8b6.jpg?aki_policy=large"", ""https://a0.muscache.com/im/pictures/ca6c66b4-f516-48da-b8f5-e217112f9bbe.jpg?aki_policy=large"", ""https://a0.muscache.com/im/pictures/a2db3650-df51-4fff-965f-c15557c02b35.jpg?aki_policy=large""]";"{""beds"": 2, ""bedrooms"": 1, ""bathrooms"": 1.5, ""amenity_ids"": [1, 33, 129, 34, 3, 35, 4, 71, 103, 8, 40, 104, 41, 11, 44, 45, 77, 46, 47, 21, 30], ""is_rebookable"": false, ""is_new_listing"": false, ""is_fully_refundable"": true, ""is_host_highly_rated"": true, ""is_business_travel_ready"": false}";"{""weekly_factor"": 1.0, ""monthly_factor"": 1.0}";5338;"";"{""is_superhost"": false}"
22150965;Cool spot next to Père Lachaise;private_room;Paris;Père Lachaise - Ménilmontant;48.8641827218;2.39025750751;2;"[""https://a0.muscache.com/im/pictures/26706299-d542-45ce-aa9e-d665baefd63c.jpg?aki_policy=large"", ""https://a0.muscache.com/im/pictures/50de8dca-91e6-4fa4-b192-6045abd37fd3.jpg?aki_policy=large"", ""https://a0.muscache.com/im/pictures/936b32c0-58e3-4bd4-91b2-f2902f77f3db.jpg?aki_policy=large"", ""https://a0.muscache.com/im/pictures/7e27c7e8-5cb3-42f7-9bf7-0c960a93549d.jpg?aki_policy=large"", ""https://a0.muscache.com/im/pictures/7100c57a-cc24-4c72-b77f-bb96f0a592c9.jpg?aki_policy=large"", ""https://a0.muscache.com/im/pictures/18ad4c83-956d-444a-8e57-ec32a29c9aa8.jpg?aki_policy=large"", ""https://a0.muscache.com/im/pictures/5adbf230-25aa-4d24-b41f-b5df1fa0ecc3.jpg?aki_policy=large""]";"{""beds"": 1, ""bedrooms"": 1, ""bathrooms"": 1.0, ""amenity_ids"": [33, 129, 34, 98, 35, 4, 40, 104, 41, 44, 45, 77, 46, 47, 115, 21, 90, 91, 92, 30, 95], ""is_rebookable"": false, ""is_new_listing"": false, ""is_fully_refundable"": true, ""is_host_highly_rated"": true, ""is_business_travel_ready"": false}";"{""weekly_factor"": 1.0, ""monthly_factor"": 1.0}";7157;"";"{""is_superhost"": false}"
22153896;2 Appart in the same building LE MARAIS;entire_home;Paris;Bastille;48.8546507306;2.37552756879;8;"[""https://a0.muscache.com/im/pictures/5aa6cc3c-1774-4854-bbf3-657cafa74394.jpg?aki_policy=large"", ""https://a0.muscache.com/im/pictures/5dd98f64-892d-40ce-8006-4ac8f8973625.jpg?aki_policy=large"", ""https://a0.muscache.com/im/pictures/930bf1b6-0c2d-430c-a9eb-7c4a1b5dfd86.jpg?aki_policy=large"", ""https://a0.muscache.com/im/pictures/e00bd62a-91f1-492e-93ba-e6d95708f659.jpg?aki_policy=large"", ""https://a0.muscache.com/im/pictures/c0b35714-34dd-4d9e-bd83-df94f7dbda3e.jpg?aki_policy=large"", ""https://a0.muscache.com/im/pictures/c36dd8a0-3e3a-4a1a-ba60-ca9aab533512.jpg?aki_policy=large""]";"{""beds"": 4, ""bedrooms"": 2, ""bathrooms"": 2.0, ""amenity_ids"": [1, 33, 2, 4, 6, 8, 40, 41, 12, 44, 45, 46, 47, 16, 21, 28, 30], ""is_rebookable"": false, ""is_new_listing"": false, ""is_fully_refundable"": true, ""is_host_highly_rated"": true, ""is_business_travel_ready"": false}";"{""weekly_factor"": 1.0, ""monthly_factor"": 1.0}";7226;"";"{""is_superhost"": false}"
22187731;Cosy 55 sqm apartment in typical parisian district;entire_home;Paris;République;48.87169712;2.3731885378;4;"[""https://a0.muscache.com/im/pictures/07d42266-4d16-438b-9eaf-98fa502ee03e.jpg?aki_policy=large"", ""https://a0.muscache.com/im/pictures/e7141ddd-72ff-4f0f-a413-1361de341f31.jpg?aki_policy=large"", ""https://a0.muscache.com/im/pictures/995d2fe6-baf3-4b53-9ae2-48dec18c311e.jpg?aki_policy=large"", ""https://a0.muscache.com/im/pictures/9cf31a43-98b7-44a7-9ef7-11dcd867f3ba.jpg?aki_policy=large"", ""https://a0.muscache.com/im/pictures/987083b7-e42f-4f85-a0bf-0dbc77c18284.jpg?aki_policy=large"", ""https://a0.muscache.com/im/pictures/7973cb67-f499-41d7-8a1c-ad522a93c804.jpg?aki_policy=large"", ""https://a0.muscache.com/im/pictures/1a3e8a68-3d35-42be-b269-ac53dfb393ec.jpg?aki_policy=large"", ""https://a0.muscache.com/im/pictures/8d0060a3-3f24-44fd-8e77-5002eee6acb5.jpg?aki_policy=large"", ""https://a0.muscache.com/im/pictures/9cb1c501-603f-48b8-a170-cced3fc58ff8.jpg?aki_policy=large"", ""https://a0.muscache.com/im/pictures/3b7dadd2-f917-4213-9f78-c7d0c9a2d329.jpg?aki_policy=large"", ""https://a0.muscache.com/im/pictures/b2fc175a-889d-4da1-b110-3a6e8e75bdd0.jpg?aki_policy=large""]";"{""beds"": 2, ""bedrooms"": 1, ""bathrooms"": 1.0, ""amenity_ids"": [1, 33, 35, 4, 38, 8, 40, 41, 44, 45, 46, 30, 31], ""is_rebookable"": false, ""is_new_listing"": false, ""is_fully_refundable"": true, ""is_host_highly_rated"": true, ""is_business_travel_ready"": false}";"{""weekly_factor"": 0.76, ""monthly_factor"": 0.55}";3494;"";"{""is_superhost"": false}"
22218164;Charming, cosy flat nearby the canal;entire_home;Paris;10e arrondissement;48.8748207233;2.37048115513;2;"[""https://a0.muscache.com/im/pictures/b488816d-750c-4ed8-a047-6185c5531922.jpg?aki_policy=large"", ""https://a0.muscache.com/im/pictures/8e7beeda-8bd4-4ef0-a9df-2891e019c324.jpg?aki_policy=large"", ""https://a0.muscache.com/im/pictures/ce176c4e-525c-41ca-bec7-3d64f3e4215e.jpg?aki_policy=large"", ""https://a0.muscache.com/im/pictures/d0a5ccf4-3caf-4c85-a7a0-0b7d2662d53f.jpg?aki_policy=large"", ""https://a0.muscache.com/im/pictures/3c95da5b-35e8-446f-a21f-4c2d8bdcbff5.jpg?aki_policy=large"", ""https://a0.muscache.com/im/pictures/6e52eaaa-e2bc-4ade-9974-1a6dba8fce44.jpg?aki_policy=large"", ""https://a0.muscache.com/im/pictures/3871cb53-8daf-4379-ac34-b717559fccbf.jpg?aki_policy=large"", ""https://a0.muscache.com/im/pictures/15fd5f0d-7cbc-4e69-9f90-a2ae4b2c07b0.jpg?aki_policy=large"", ""https://a0.muscache.com/im/pictures/d8565b0d-b177-4d79-9854-1dab9ea943de.jpg?aki_policy=large"", ""https://a0.muscache.com/im/pictures/3db5c2ed-15bd-4ee8-98ca-1ac7da8bce83.jpg?aki_policy=large"", ""https://a0.muscache.com/im/pictures/6854403b-1a94-4137-be69-337df93ed275.jpg?aki_policy=large""]";"{""beds"": 1, ""bedrooms"": 1, ""bathrooms"": 1.0, ""amenity_ids"": [33, 129, 35, 4, 103, 8, 40, 104, 41, 12, 44, 45, 77, 46, 47, 30], ""is_rebookable"": false, ""is_new_listing"": false, ""is_fully_refundable"": true, ""is_host_highly_rated"": true, ""is_business_travel_ready"": false}";"{""weekly_factor"": 0.86, ""monthly_factor"": 0.68}";6332;"";"{""is_superhost"": false}"
22272877;ATYPICAL DUPLEX WITH A REAL STAMP STREET CLER 4 P;entire_home;Paris;Tour Eiffel - Champ de Mars;48.8556017277;2.30506011346;4;"[""https://a0.muscache.com/im/pictures/3698d312-ab3e-4940-b829-bcb15e1bdb23.jpg?aki_policy=large"", ""https://a0.muscache.com/im/pictures/10f07a33-ff06-43b1-8a16-41e3ca2ef295.jpg?aki_policy=large"", ""https://a0.muscache.com/im/pictures/d7b8068b-bb8a-4470-9ec7-bae9f0e74d5d.jpg?aki_policy=large"", ""https://a0.muscache.com/im/pictures/76720eaa-2509-4ef2-8a3b-c21067e648df.jpg?aki_policy=large"", ""https://a0.muscache.com/im/pictures/bb7e2829-1df1-42c3-bced-103ad0616927.jpg?aki_policy=large"", ""https://a0.muscache.com/im/pictures/9f6e0e7c-e25a-4ba2-87a0-d12ad17d0b9e.jpg?aki_policy=large"", ""https://a0.muscache.com/im/pictures/e8c75901-70da-4cac-83c3-f864826dce65.jpg?aki_policy=large"", ""https://a0.muscache.com/im/pictures/70295819-27dc-4d5c-9262-7aa6633c9d2f.jpg?aki_policy=large"", ""https://a0.muscache.com/im/pictures/2aec18e9-70d3-4a33-9c5b-1d52ed3683c7.jpg?aki_policy=large"", ""https://a0.muscache.com/im/pictures/62e12a0d-8bd3-4e80-a6b8-7a612f359bd9.jpg?aki_policy=large"", ""https://a0.muscache.com/im/pictures/51c2272a-747e-4013-9538-bf34ccdc228a.jpg?aki_policy=large"", ""https://a0.muscache.com/im/pictures/cbfa8e1b-998a-4d00-91cc-9206b93322ac.jpg?aki_policy=large"", ""https://a0.muscache.com/im/pictures/04973958-867a-43af-a92e-67884c9de89a.jpg?aki_policy=large"", ""https://a0.muscache.com/im/pictures/3ca14c5a-e175-4ce4-973d-903a75931d96.jpg?aki_policy=large"", ""https://a0.muscache.com/im/pictures/06798905-5590-48f2-b696-02a1df9d06d3.jpg?aki_policy=large"", ""https://a0.muscache.com/im/pictures/d646f54d-dfbe-4de3-9d1a-324f7448f44c.jpg?aki_policy=large"", ""https://a0.muscache.com/im/pictures/51935969-eb95-4f39-8198-0b140d2e9962.jpg?aki_policy=large""]";"{""beds"": 2, ""bedrooms"": 1, ""bathrooms"": 1.0, ""amenity_ids"": [1, 2, 4, 8, 10, 77, 85, 86, 87, 88, 89, 90, 91, 93, 30, 94, 31, 96, 33, 98, 35, 36, 37, 39, 103, 40, 104, 41, 44, 45, 46, 47], ""is_rebookable"": false, ""is_new_listing"": false, ""is_fully_refundable"": true, ""is_host_highly_rated"": true, ""is_business_travel_ready"": false}";"{""weekly_factor"": 0.95, ""monthly_factor"": 0.9}";2916;"";"{""is_superhost"": true}"
22314730;Wonderful studio 22 m² Chatelet, Paris;entire_home;Paris;Châtelet - Les Halles - Beaubourg;48.8597627917;2.34718679686;2;"[""https://a0.muscache.com/im/pictures/27277c6b-a39c-4e26-84c0-76e8200fb8f1.jpg?aki_policy=large"", ""https://a0.muscache.com/im/pictures/5277b0ad-0e2e-4f38-b357-c04243fa0b0b.jpg?aki_policy=large"", ""https://a0.muscache.com/im/pictures/ada8578e-d4bd-4ca0-8248-027a387c7078.jpg?aki_policy=large"", ""https://a0.muscache.com/im/pictures/2a2d796c-f007-4cd9-a8ee-0f77c4d9e267.jpg?aki_policy=large"", ""https://a0.muscache.com/im/pictures/21889a4c-65da-415b-83a2-ca7d8397ea4b.jpg?aki_policy=large"", ""https://a0.muscache.com/im/pictures/33d009ed-e790-4f8f-9708-f32aa5ce558d.jpg?aki_policy=large""]";"{""beds"": 1, ""bedrooms"": 0, ""bathrooms"": 1.0, ""amenity_ids"": [1, 35, 4, 5, 8, 40, 72, 41, 10, 44, 45, 77, 46, 51, 52, 21, 30], ""is_rebookable"": false, ""is_new_listing"": false, ""is_fully_refundable"": true, ""is_host_highly_rated"": true, ""is_business_travel_ready"": false}";"{""weekly_factor"": 0.85, ""monthly_factor"": 0.8}";262;"";"{""is_superhost"": false}"
22384425;1 Bedroom Appartment;entire_home;Paris;Saint Germain des Prés - Odéon;48.852429724;2.33645675742;4;"[""https://a0.muscache.com/im/pictures/5b11a9e2-89f4-4444-b52c-8a77751e6800.jpg?aki_policy=large"", ""https://a0.muscache.com/im/pictures/445aa262-3bf6-4f95-b1b8-8fbec4e88f2c.jpg?aki_policy=large"", ""https://a0.muscache.com/im/pictures/01e0c19b-6527-41b0-adb3-5d2ede18f7d5.jpg?aki_policy=large"", ""https://a0.muscache.com/im/pictures/21699fce-47ae-4cbe-ab4f-5d859c64e1df.jpg?aki_policy=large"", ""https://a0.muscache.com/im/pictures/77aed52e-bbda-4ded-8a0d-d317be2eca24.jpg?aki_policy=large""]";"{""beds"": 2, ""bedrooms"": 1, ""bathrooms"": 1.0, ""amenity_ids"": [1, 35, 4, 5, 38, 39, 8, 40, 41, 42, 44, 45, 46, 47, 21, 57, 30, 31], ""is_rebookable"": false, ""is_new_listing"": false, ""is_fully_refundable"": true, ""is_host_highly_rated"": false, ""is_business_travel_ready"": false}";"{""weekly_factor"": 1.0, ""monthly_factor"": 1.0}";4865;"";"{""is_superhost"": false}"
22429172;Eiffel Tower Fantastic Value;entire_home;Paris;Invalides - Ecole Militaire;48.8468358514;2.30978409085;3;"[""https://a0.muscache.com/im/pictures/434c93d4-1129-47c2-b90b-6e5832b67a22.jpg?aki_policy=large"", ""https://a0.muscache.com/im/pictures/04e7e20b-fe34-4aec-b9af-0b386f0836c0.jpg?aki_policy=large"", ""https://a0.muscache.com/im/pictures/4371ceac-f2fc-45db-8b53-f291c4f65087.jpg?aki_policy=large"", ""https://a0.muscache.com/im/pictures/def7ca74-a78e-4f09-a2a1-a563b7dbaf6e.jpg?aki_policy=large"", ""https://a0.muscache.com/im/pictures/d281a270-6049-481d-aef7-7fe75e10aa59.jpg?aki_policy=large"", ""https://a0.muscache.com/im/pictures/b722479b-d86c-43e2-8886-71fad7520008.jpg?aki_policy=large"", ""https://a0.muscache.com/im/pictures/0b8dfd98-84ac-4a44-8b41-cfb1d206ec42.jpg?aki_policy=large"", ""https://a0.muscache.com/im/pictures/70f24f6b-2c3c-43af-a7a0-d10c16f53840.jpg?aki_policy=large"", ""https://a0.muscache.com/im/pictures/5c2e8ed8-2639-4394-bb7d-0a1bc27c3fd3.jpg?aki_policy=large"", ""https://a0.muscache.com/im/pictures/beb15b30-cd21-49f1-a094-476dadda0682.jpg?aki_policy=large"", ""https://a0.muscache.com/im/pictures/b78c62d8-dcd9-4941-a9de-afe855d99a82.jpg?aki_policy=large"", ""https://a0.muscache.com/im/pictures/ba71e5f9-bfcd-490d-9acb-547d64830984.jpg?aki_policy=large"", ""https://a0.muscache.com/im/pictures/d5734426-28b9-4e33-b2be-5cf53861921a.jpg?aki_policy=large"", ""https://a0.muscache.com/im/pictures/9e1ced86-bb13-4c1c-9cc5-e86c1dc50a6f.jpg?aki_policy=large"", ""https://a0.muscache.com/im/pictures/10b943d3-e08e-4b7a-88c1-b99c5337299c.jpg?aki_policy=large""]";"{""beds"": 2, ""bedrooms"": 1, ""bathrooms"": 1.0, ""amenity_ids"": [64, 1, 33, 129, 35, 4, 36, 71, 103, 8, 40, 72, 104, 41, 10, 44, 45, 77, 46, 47, 23, 30], ""is_rebookable"": false, ""is_new_listing"": false, ""is_fully_refundable"": true, ""is_host_highly_rated"": false, ""is_business_travel_ready"": false}";"{""weekly_factor"": 0.97, ""monthly_factor"": 0.95}";3947;"";"{""is_superhost"": false}"
22426768;Liberté, 2 pièces charmant Paris 19è;entire_home;Paris;Buttes-Chaumont - Belleville;48.8816314415;2.39407116364;2;"[""https://a0.muscache.com/im/pictures/8aaaade8-8424-41a3-92a5-40d703949af9.jpg?aki_policy=large"", ""https://a0.muscache.com/im/pictures/306a3843-3657-420f-aad2-0e591ff639df.jpg?aki_policy=large"", ""https://a0.muscache.com/im/pictures/ddb77ef4-b538-49a8-a2ba-d4f3064fb127.jpg?aki_policy=large"", ""https://a0.muscache.com/im/pictures/7aec489e-2fd6-455e-b544-1659f5fa2896.jpg?aki_policy=large"", ""https://a0.muscache.com/im/pictures/0229573b-51a7-4e86-8b7e-f0b9c7452bb0.jpg?aki_policy=large"", ""https://a0.muscache.com/im/pictures/5c77ee64-4682-4019-ad5b-deee5f487464.jpg?aki_policy=large"", ""https://a0.muscache.com/im/pictures/3b84d746-de73-4ab2-8cf5-848a73c90c09.jpg?aki_policy=large"", ""https://a0.muscache.com/im/pictures/f57215c6-2f80-49d1-a834-88529d1649cd.jpg?aki_policy=large"", ""https://a0.muscache.com/im/pictures/9f97eeb9-0b6b-4945-bb7c-5f6b548e0468.jpg?aki_policy=large"", ""https://a0.muscache.com/im/pictures/51407aa5-4c7d-48ca-9550-b56f988aaade.jpg?aki_policy=large"", ""https://a0.muscache.com/im/pictures/f6bd75f5-12f5-4c13-a38e-7e7e16db410a.jpg?aki_policy=large"", ""https://a0.muscache.com/im/pictures/062b11f3-c4a0-4831-a74a-d70a42b7f6e3.jpg?aki_policy=large"", ""https://a0.muscache.com/im/pictures/5a68d478-6436-4058-84ad-4489e7df91a9.jpg?aki_policy=large"", ""https://a0.muscache.com/im/pictures/5d16a24e-fc13-4f83-9260-7e9ce12e17ad.jpg?aki_policy=large"", ""https://a0.muscache.com/im/pictures/91d6ef38-cfb0-405b-8db3-279679f095da.jpg?aki_policy=large""]";"{""beds"": 1, ""bedrooms"": 1, ""bathrooms"": 1.0, ""amenity_ids"": [1, 129, 4, 8, 40, 104, 45, 77, 46], ""is_rebookable"": false, ""is_new_listing"": false, ""is_fully_refundable"": true, ""is_host_highly_rated"": true, ""is_business_travel_ready"": false}";"{""weekly_factor"": 0.65, ""monthly_factor"": 0.36}";6868;"";"{""is_superhost"": false}"
22447783;Studio close to Rue St Honoré;entire_home;Paris;Madeleine - Vendôme;48.8704294176;2.32187243517;2;"[""https://a0.muscache.com/im/pictures/90ccba72-fd76-46a1-828b-e3cae232aef0.jpg?aki_policy=large"", ""https://a0.muscache.com/im/pictures/aee61bcb-3db1-43b0-b366-d4f2b5ecc748.jpg?aki_policy=large"", ""https://a0.muscache.com/im/pictures/7b112823-8dae-408c-a61e-55105de3d8c5.jpg?aki_policy=large"", ""https://a0.muscache.com/im/pictures/d3c9f929-5bda-41f4-af13-3bb13eabbd96.jpg?aki_policy=large"", ""https://a0.muscache.com/im/pictures/8b22a50e-c222-4fa9-8c6a-a6dd63999701.jpg?aki_policy=large"", ""https://a0.muscache.com/im/pictures/46ef9aeb-1923-4bfd-abaa-138919112496.jpg?aki_policy=large""]";"{""beds"": 1, ""bedrooms"": 0, ""bathrooms"": 1.0, ""amenity_ids"": [129, 8, 40, 44, 30], ""is_rebookable"": false, ""is_new_listing"": false, ""is_fully_refundable"": true, ""is_host_highly_rated"": false, ""is_business_travel_ready"": false}";"{""weekly_factor"": 0.9, ""monthly_factor"": 0.8}";1297;"";"{""is_superhost"": false}"
22474060;Loft with fantastic view of Paris;entire_home;Paris;"";48.8723934753;2.36598223934;2;"[""https://a0.muscache.com/im/pictures/92212f9e-8e01-4b11-9e62-ebc2fcc5e883.jpg?aki_policy=large"", ""https://a0.muscache.com/im/pictures/c3e02045-794a-4df6-8b44-3c4d6eccd283.jpg?aki_policy=large"", ""https://a0.muscache.com/im/pictures/74f45ed2-3cf1-440e-aa10-e9081402eb2d.jpg?aki_policy=large"", ""https://a0.muscache.com/im/pictures/4a7456b1-557e-4bd6-9d97-ef2955f2e2b5.jpg?aki_policy=large"", ""https://a0.muscache.com/im/pictures/9bf91445-20e4-4b27-b043-e1b350959101.jpg?aki_policy=large"", ""https://a0.muscache.com/im/pictures/ffdf6846-34e4-4ebe-aa80-e60b56da6803.jpg?aki_policy=large"", ""https://a0.muscache.com/im/pictures/9584deaf-03eb-40c6-8237-449765f298ec.jpg?aki_policy=large"", ""https://a0.muscache.com/im/pictures/4f5e82bc-b8a1-42e7-a2cc-7b273f3f1408.jpg?aki_policy=large"", ""https://a0.muscache.com/im/pictures/e21ec82f-8ddd-434f-85c2-917749ef8f96.jpg?aki_policy=large"", ""https://a0.muscache.com/im/pictures/6f268c69-e12a-4570-b909-7e5a8bd14c94.jpg?aki_policy=large"", ""https://a0.muscache.com/im/pictures/67c2f8b4-7045-42a8-90f2-f54dada04a6e.jpg?aki_policy=large"", ""https://a0.muscache.com/im/pictures/4e03e958-f8ad-4225-8c7b-78459c13957c.jpg?aki_policy=large"", ""https://a0.muscache.com/im/pictures/57aa54dc-16a6-493e-afd0-7054fbe0254d.jpg?aki_policy=large"", ""https://a0.muscache.com/im/pictures/23effd1b-e479-4fb2-afba-65e5a6de011b.jpg?aki_policy=large"", ""https://a0.muscache.com/im/pictures/41507314-a3ab-4a91-b99d-89f5688c33eb.jpg?aki_policy=large"", ""https://a0.muscache.com/im/pictures/7f0b8b25-c360-407e-b9bd-2e53e8dc95fa.jpg?aki_policy=large"", ""https://a0.muscache.com/im/pictures/94a0a0b9-c5fc-49e1-bfe7-c2f9c6966be5.jpg?aki_policy=large"", ""https://a0.muscache.com/im/pictures/a50d3883-3644-462e-a29c-80cd9aceb4e9.jpg?aki_policy=large"", ""https://a0.muscache.com/im/pictures/161d2eea-4b0c-49aa-a4d4-efb9af60ad9b.jpg?aki_policy=large"", ""https://a0.muscache.com/im/pictures/44596375-3a8c-496a-ab9d-3292bbb4fdb3.jpg?aki_policy=large"", ""https://a0.muscache.com/im/pictures/d6b442bd-c6df-4cfc-8d9e-2d3c52383f62.jpg?aki_policy=large"", ""https://a0.muscache.com/im/pictures/30370262-8666-4469-a886-8aa97cc4fd85.jpg?aki_policy=large"", ""https://a0.muscache.com/im/pictures/1949b98e-2d55-4810-a0d4-1b4092fad0e8.jpg?aki_policy=large"", ""https://a0.muscache.com/im/pictures/4b46fdfc-3784-437b-9d80-73693b3cd638.jpg?aki_policy=large"", ""https://a0.muscache.com/im/pictures/8a6bf3ff-a24b-4523-a4ed-96f190ac1b45.jpg?aki_policy=large"", ""https://a0.muscache.com/im/pictures/a84ff276-7eec-4a73-b8d1-9b4d27b0babf.jpg?aki_policy=large"", ""https://a0.muscache.com/im/pictures/a354ad6d-63bd-42a6-9653-0511b690c22e.jpg?aki_policy=large"", ""https://a0.muscache.com/im/pictures/73efc975-dfee-45e2-a0bb-a170886376be.jpg?aki_policy=large"", ""https://a0.muscache.com/im/pictures/a8346488-aecc-4cc0-931e-72d3410fe383.jpg?aki_policy=large"", ""https://a0.muscache.com/im/pictures/1b95527a-4874-40c5-a8b3-ec5473f5f0a7.jpg?aki_policy=large""]";"{""beds"": 1, ""bedrooms"": 0, ""bathrooms"": 1.0, ""amenity_ids"": [64, 1, 129, 4, 8, 72, 77, 21, 89, 90, 91, 93, 30, 94, 96, 33, 35, 36, 103, 40, 104, 41, 44, 45, 46], ""is_rebookable"": false, ""is_new_listing"": false, ""is_fully_refundable"": true, ""is_host_highly_rated"": true, ""is_business_travel_ready"": false}";"{""weekly_factor"": 0.97, ""monthly_factor"": 0.95}";869;"";"{""is_superhost"": false}"
22541564;NEW center Le Marais free wifi;entire_home;Paris;Le Marais;48.8631625757;2.35804230664;4;"[""https://a0.muscache.com/im/pictures/94fa0429-0b6b-4966-9333-369c16610402.jpg?aki_policy=large"", ""https://a0.muscache.com/im/pictures/ba176097-2c66-42bf-a4ff-1bb2c79d0dfb.jpg?aki_policy=large"", ""https://a0.muscache.com/im/pictures/92745330-d8f0-4c00-8036-b6e133fcfe4d.jpg?aki_policy=large"", ""https://a0.muscache.com/im/pictures/fb9f6952-0481-4333-9ace-6963b2fdeec5.jpg?aki_policy=large"", ""https://a0.muscache.com/im/pictures/db84de81-26d5-4452-99ab-b967561c3ff4.jpg?aki_policy=large"", ""https://a0.muscache.com/im/pictures/3535c792-5576-45d8-88a3-7f8fd34ade06.jpg?aki_policy=large"", ""https://a0.muscache.com/im/pictures/086d3c7f-5760-42e9-b218-2cf03de60117.jpg?aki_policy=large"", ""https://a0.muscache.com/im/pictures/e7f338aa-7c42-4b5b-b83f-d8a6600a41d1.jpg?aki_policy=large"", ""https://a0.muscache.com/im/pictures/6288862e-5533-44b0-bcc4-74d4be0def17.jpg?aki_policy=large"", ""https://a0.muscache.com/im/pictures/5396388a-535d-405a-8fdb-202c9ef1cf86.jpg?aki_policy=large"", ""https://a0.muscache.com/im/pictures/74bbf47a-fa72-4808-9b0a-cbd9e3c77398.jpg?aki_policy=large"", ""https://a0.muscache.com/im/pictures/9f2d8369-703c-488a-ab06-be43f5376bd7.jpg?aki_policy=large"", ""https://a0.muscache.com/im/pictures/c7f48787-1c14-44d0-81bf-971dfba7f6a2.jpg?aki_policy=large"", ""https://a0.muscache.com/im/pictures/afc5a718-7110-4ebe-96dc-9311276a3087.jpg?aki_policy=large"", ""https://a0.muscache.com/im/pictures/2ce92df4-1182-46e9-9e66-70922b351003.jpg?aki_policy=large"", ""https://a0.muscache.com/im/pictures/61e280a6-8efc-4a8d-bff2-c0367a7cafef.jpg?aki_policy=large"", ""https://a0.muscache.com/im/pictures/c4624823-70aa-4455-a94c-8007a5f85cc2.jpg?aki_policy=large"", ""https://a0.muscache.com/im/pictures/623723bd-7614-4f61-bb0e-f7b65bd0019f.jpg?aki_policy=large""]";"{""beds"": 2, ""bedrooms"": 1, ""bathrooms"": 1.0, ""amenity_ids"": [1, 129, 2, 4, 71, 8, 72, 10, 77, 16, 85, 86, 89, 90, 91, 93, 30, 94, 31, 95, 96, 33, 34, 35, 39, 103, 40, 104, 41, 44, 45, 46, 47], ""is_rebookable"": false, ""is_new_listing"": false, ""is_fully_refundable"": true, ""is_host_highly_rated"": true, ""is_business_travel_ready"": false}";"{""weekly_factor"": 0.9, ""monthly_factor"": 0.8}";7603;"";"{""is_superhost"": false}"
22510263;Opulent Parisian 3BR *Louvre *Palais-Royal;entire_home;Paris;Palais Royal;48.8689160113;2.33593860784;8;"[""https://a0.muscache.com/im/pictures/bec00be1-2e79-48f8-bf95-8d426bad502d.jpg?aki_policy=large"", ""https://a0.muscache.com/im/pictures/9fb2e175-da1f-4853-8574-f588356ed4f7.jpg?aki_policy=large"", ""https://a0.muscache.com/im/pictures/9b5ad1be-9859-4a6c-89c8-eb561115cbd6.jpg?aki_policy=large"", ""https://a0.muscache.com/im/pictures/9bf3ca68-13de-447e-bc97-b787bd69c762.jpg?aki_policy=large"", ""https://a0.muscache.com/im/pictures/3f0771ab-c077-4925-9bf5-75061475e86b.jpg?aki_policy=large"", ""https://a0.muscache.com/im/pictures/b52fe8a0-ff3d-4f3a-8af0-175d41e19c8a.jpg?aki_policy=large"", ""https://a0.muscache.com/im/pictures/e276404f-1b56-417b-8e30-697f42a2e5d6.jpg?aki_policy=large"", ""https://a0.muscache.com/im/pictures/1a449caf-b654-46c5-b1df-e4c721a9aace.jpg?aki_policy=large"", ""https://a0.muscache.com/im/pictures/762815b5-119b-44af-84f1-d778b4cbe78d.jpg?aki_policy=large"", ""https://a0.muscache.com/im/pictures/fcbdf765-cef3-4a4e-a4e7-983b0c97e9f7.jpg?aki_policy=large"", ""https://a0.muscache.com/im/pictures/d85af548-f422-48f2-96a0-25725d2a4403.jpg?aki_policy=large"", ""https://a0.muscache.com/im/pictures/821d98be-7b64-4fb4-ac19-f7cf0c6da4d8.jpg?aki_policy=large"", ""https://a0.muscache.com/im/pictures/f5d48d5d-9656-4bb3-872c-6dd30534993f.jpg?aki_policy=large"", ""https://a0.muscache.com/im/pictures/6d52168e-962e-4e20-ad9d-8438803f0f69.jpg?aki_policy=large"", ""https://a0.muscache.com/im/pictures/1a54409d-ca7b-4e94-945e-88c1ee17ef5f.jpg?aki_policy=large"", ""https://a0.muscache.com/im/pictures/20035d2e-f87a-40de-b2c9-bc416c49cc31.jpg?aki_policy=large"", ""https://a0.muscache.com/im/pictures/8642f295-3fdf-4539-9f93-0117a073b1ba.jpg?aki_policy=large"", ""https://a0.muscache.com/im/pictures/f97ba8d0-4eba-4116-9898-73ce1db88884.jpg?aki_policy=large"", ""https://a0.muscache.com/im/pictures/3eb0fc53-a155-43a7-a150-7dbfaa944f79.jpg?aki_policy=large"", ""https://a0.muscache.com/im/pictures/c6015e67-54fe-4774-8751-229c7cad5c5d.jpg?aki_policy=large"", ""https://a0.muscache.com/im/pictures/c1a0a2b9-41ac-4841-acfb-178a8f789ff3.jpg?aki_policy=large"", ""https://a0.muscache.com/im/pictures/26459839-806a-49c2-ba89-65f10514009b.jpg?aki_policy=large"", ""https://a0.muscache.com/im/pictures/6fc4b5d6-0511-4c5d-9c4d-f9ca1f0f0785.jpg?aki_policy=large"", ""https://a0.muscache.com/im/pictures/bc41adfc-ffe9-459d-a211-2f4f1bb05aca.jpg?aki_policy=large"", ""https://a0.muscache.com/im/pictures/21f506b8-9805-4226-bb5a-2333a5a15bb6.jpg?aki_policy=large""]";"{""beds"": 4, ""bedrooms"": 3, ""bathrooms"": 2.0, ""amenity_ids"": [1, 129, 2, 4, 8, 77, 21, 85, 89, 90, 91, 92, 93, 30, 94, 31, 95, 96, 33, 35, 40, 41, 44, 45, 46], ""is_rebookable"": false, ""is_new_listing"": false, ""is_fully_refundable"": true, ""is_host_highly_rated"": true, ""is_business_travel_ready"": false}";"{""weekly_factor"": 0.92, ""monthly_factor"": 0.85}";1053;"";"{""is_superhost"": false}"
22545602;Luxury 2 Bedroom 2 Bathroom Apartment - Louvre;entire_home;Paris;Châtelet - Les Halles - Beaubourg;48.8633499529;2.34342527989;10;"[""https://a0.muscache.com/im/pictures/cee4c153-c88c-4fc3-a368-814ce7beae7d.jpg?aki_policy=large"", ""https://a0.muscache.com/im/pictures/263b585a-7847-425d-97a9-1e0c87a1807a.jpg?aki_policy=large"", ""https://a0.muscache.com/im/pictures/47680706-11f9-426c-a5dd-fd6fdf493e04.jpg?aki_policy=large"", ""https://a0.muscache.com/im/pictures/e0ca3ef0-5d5a-4c7d-b88b-c099dd358fc1.jpg?aki_policy=large"", ""https://a0.muscache.com/im/pictures/b8835d94-12c3-496b-93ff-9e90f65b7348.jpg?aki_policy=large"", ""https://a0.muscache.com/im/pictures/78ebae64-1680-46ae-972e-c91a9fa43ca2.jpg?aki_policy=large"", ""https://a0.muscache.com/im/pictures/4b058e6f-f6ed-4784-9a29-3f723093248a.jpg?aki_policy=large"", ""https://a0.muscache.com/im/pictures/48f8c7ba-c689-4def-a8b7-1003eb4acfe0.jpg?aki_policy=large"", ""https://a0.muscache.com/im/pictures/8840ad48-4696-46ef-a4b9-d72beba001c0.jpg?aki_policy=large"", ""https://a0.muscache.com/im/pictures/cb579ff7-5c6b-4126-9067-3bc55f0f8d0d.jpg?aki_policy=large"", ""https://a0.muscache.com/im/pictures/fa042509-cf6b-454f-acf8-2b784244069d.jpg?aki_policy=large"", ""https://a0.muscache.com/im/pictures/3273e831-de21-4a55-aa30-3a745f011217.jpg?aki_policy=large"", ""https://a0.muscache.com/im/pictures/50783ff6-9959-4457-bd73-48809f6fb98f.jpg?aki_policy=large"", ""https://a0.muscache.com/im/pictures/f3d06f6b-e035-400a-bed4-6c1bb58b248a.jpg?aki_policy=large"", ""https://a0.muscache.com/im/pictures/2415699c-1ac8-4932-bdce-857864cb4318.jpg?aki_policy=large"", ""https://a0.muscache.com/im/pictures/83d40f44-b741-479e-9f2b-133733de225b.jpg?aki_policy=large"", ""https://a0.muscache.com/im/pictures/2c3a6238-2f86-4f0c-9fbd-0c1965e224a5.jpg?aki_policy=large"", ""https://a0.muscache.com/im/pictures/7c9da6ed-c536-4679-98cb-d022e444ae28.jpg?aki_policy=large"", ""https://a0.muscache.com/im/pictures/abaad813-3943-420b-bbf0-9d1b7098948c.jpg?aki_policy=large"", ""https://a0.muscache.com/im/pictures/357fa504-7ede-4e61-8c4e-a7c0a3050983.jpg?aki_policy=large"", ""https://a0.muscache.com/im/pictures/16c7eaa3-9b7d-4e34-98d8-7c8a2496fcef.jpg?aki_policy=large"", ""https://a0.muscache.com/im/pictures/14ae33a0-2b7d-4e87-b892-970914773451.jpg?aki_policy=large"", ""https://a0.muscache.com/im/pictures/c24df1c9-7399-41d1-b930-1c9b534e9b0e.jpg?aki_policy=large"", ""https://a0.muscache.com/im/pictures/900b374a-7d97-4747-af67-d2785dcf4a99.jpg?aki_policy=large"", ""https://a0.muscache.com/im/pictures/e611b7ab-64c9-436b-aa38-f6f8de49756d.jpg?aki_policy=large"", ""https://a0.muscache.com/im/pictures/358ac98b-c33f-4552-b81d-499dfe8f13fe.jpg?aki_policy=large"", ""https://a0.muscache.com/im/pictures/a2694846-a6e8-45dc-9491-42c5325700e8.jpg?aki_policy=large"", ""https://a0.muscache.com/im/pictures/6d883902-001a-476c-bc9e-4aa7db0364ff.jpg?aki_policy=large"", ""https://a0.muscache.com/im/pictures/5a214655-ed5d-4df6-a8ba-6cbe2783bc25.jpg?aki_policy=large"", ""https://a0.muscache.com/im/pictures/b45700f7-03f0-44fe-b489-447d8d3a2873.jpg?aki_policy=large""]";"{""beds"": 6, ""bedrooms"": 2, ""bathrooms"": 2.5, ""amenity_ids"": [1, 66, 4, 70, 71, 8, 72, 10, 21, 85, 86, 89, 90, 27, 91, 93, 30, 94, 31, 96, 33, 34, 35, 36, 37, 40, 104, 41, 44, 45, 46, 47], ""is_rebookable"": false, ""is_new_listing"": false, ""is_fully_refundable"": true, ""is_host_highly_rated"": true, ""is_business_travel_ready"": false}";"{""weekly_factor"": 0.97, ""monthly_factor"": 0.95}";4303;"";"{""is_superhost"": true}"
22585493;Atelier Loft quartier Ste Marthe/Canal St-Martin;entire_home;Paris;10e arrondissement;48.8720333231;2.37213820415;14;"[""https://a0.muscache.com/im/pictures/85d81503-7682-4bb6-8ba8-eeff61b55b97.jpg?aki_policy=large"", ""https://a0.muscache.com/im/pictures/e209ce26-969e-4fcc-a00a-9d9cef52bc50.jpg?aki_policy=large"", ""https://a0.muscache.com/im/pictures/8e48a4a2-88f5-4a8f-bf89-742b655cdc8e.jpg?aki_policy=large"", ""https://a0.muscache.com/im/pictures/d50e9a7c-3d63-46f4-9ff6-4aba880137f5.jpg?aki_policy=large"", ""https://a0.muscache.com/im/pictures/e6ea4586-3c23-4b4e-ba8a-32960535bd74.jpg?aki_policy=large"", ""https://a0.muscache.com/im/pictures/bdb04696-ea95-45c2-a6b0-da0d69eb2038.jpg?aki_policy=large"", ""https://a0.muscache.com/im/pictures/ab43e2e5-7bd7-4d4e-9c40-2dd4f9ba2c93.jpg?aki_policy=large"", ""https://a0.muscache.com/im/pictures/cac1359d-052e-4ce4-a051-a5029d01923a.jpg?aki_policy=large"", ""https://a0.muscache.com/im/pictures/1dd6dccb-eed0-41b3-9ec4-5815d5431459.jpg?aki_policy=large"", ""https://a0.muscache.com/im/pictures/d60ddf9b-9cda-4cc5-94c3-1935b8870545.jpg?aki_policy=large"", ""https://a0.muscache.com/im/pictures/da575c4d-0efe-4d62-b312-d5749a10b54c.jpg?aki_policy=large"", ""https://a0.muscache.com/im/pictures/fdbfe3cb-3e35-40aa-8084-e7bcb9337a60.jpg?aki_policy=large"", ""https://a0.muscache.com/im/pictures/47542055-40bc-4987-89f6-6fa81c2192df.jpg?aki_policy=large"", ""https://a0.muscache.com/im/pictures/a2b0d5c0-6008-48e0-a07a-6e885a9f97ea.jpg?aki_policy=large"", ""https://a0.muscache.com/im/pictures/a78899fe-cbf2-4098-b745-e2df2ffb9998.jpg?aki_policy=large"", ""https://a0.muscache.com/im/pictures/94eb94c9-676c-4659-926d-8633748b0621.jpg?aki_policy=large"", ""https://a0.muscache.com/im/pictures/a2e461d1-ad13-4896-a79c-b9449d353e88.jpg?aki_policy=large"", ""https://a0.muscache.com/im/pictures/86382be9-cb88-4f42-9b6b-d50a1936a197.jpg?aki_policy=large"", ""https://a0.muscache.com/im/pictures/fa769a5a-5a2d-4418-8e7f-5300aa643d06.jpg?aki_policy=large"", ""https://a0.muscache.com/im/pictures/53d52c12-bafc-45f5-b775-31502eb3dba8.jpg?aki_policy=large"", ""https://a0.muscache.com/im/pictures/56e769ae-f4f2-455b-9214-fb5f95c1dcc1.jpg?aki_policy=large"", ""https://a0.muscache.com/im/pictures/a8b5d809-eb41-4108-b158-548592bfb5b6.jpg?aki_policy=large"", ""https://a0.muscache.com/im/pictures/0c8b48f3-423f-4341-8d68-03511c5cdb61.jpg?aki_policy=large"", ""https://a0.muscache.com/im/pictures/0c1fdbc0-2a3e-4d6f-aa96-2cccb1f47a1c.jpg?aki_policy=large"", ""https://a0.muscache.com/im/pictures/b6e34ff7-5c0d-4eae-8405-f2f63c03b9a8.jpg?aki_policy=large"", ""https://a0.muscache.com/im/pictures/3c55f88d-e7b3-4688-a7f2-e840e4762250.jpg?aki_policy=large"", ""https://a0.muscache.com/im/pictures/c664c412-f943-460b-8471-1932c420493b.jpg?aki_policy=large""]";"{""beds"": 7, ""bedrooms"": 4, ""bathrooms"": 2.0, ""amenity_ids"": [1, 4, 8, 72, 77, 89, 90, 27, 91, 92, 93, 30, 94, 31, 95, 96, 33, 35, 100, 39, 40, 41, 44, 45, 46, 47, 51, 54, 57], ""is_rebookable"": false, ""is_new_listing"": false, ""is_fully_refundable"": true, ""is_host_highly_rated"": false, ""is_business_travel_ready"": false}";"{""weekly_factor"": 1.0, ""monthly_factor"": 1.0}";7012;"";"{""is_superhost"": false}"
22593735;Grand Appartement Haussmannien Madeleine /Concorde;private_room;Paris;"";48.8694606109;2.32054136443;3;"[""https://a0.muscache.com/im/pictures/2ce7a174-6cc5-46a7-b7ed-c08308f367be.jpg?aki_policy=large"", ""https://a0.muscache.com/im/pictures/348bc6fc-f060-4f97-ac5a-715244d0c0d2.jpg?aki_policy=large"", ""https://a0.muscache.com/im/pictures/a23f4a32-95db-46df-b9b5-1be5dee565e5.jpg?aki_policy=large"", ""https://a0.muscache.com/im/pictures/8d42b69e-ff17-4032-bcce-f6e1269608d9.jpg?aki_policy=large"", ""https://a0.muscache.com/im/pictures/4557b7c5-cc6b-4ce4-8159-5a66715c6fe1.jpg?aki_policy=large"", ""https://a0.muscache.com/im/pictures/346339c8-278d-431d-aba0-02cd05b3bc22.jpg?aki_policy=large"", ""https://a0.muscache.com/im/pictures/97cb60d1-22d8-404c-81f3-592de170c88a.jpg?aki_policy=large"", ""https://a0.muscache.com/im/pictures/5f840cfc-7c98-4a0e-926e-500ae37101e0.jpg?aki_policy=large"", ""https://a0.muscache.com/im/pictures/320a6320-c77c-4e59-831a-437529809059.jpg?aki_policy=large"", ""https://a0.muscache.com/im/pictures/66b7aae1-5dfb-400f-99c0-72b7fb221982.jpg?aki_policy=large""]";"{""beds"": 2, ""bedrooms"": 1, ""bathrooms"": 1.5, ""amenity_ids"": [1, 2, 131, 4, 8, 11, 77, 21, 85, 86, 87, 88, 89, 90, 27, 91, 92, 93, 30, 94, 31, 95, 96, 33, 34, 40, 41, 42, 44, 45, 46, 47], ""is_rebookable"": false, ""is_new_listing"": false, ""is_fully_refundable"": true, ""is_host_highly_rated"": true, ""is_business_travel_ready"": false}";"{""weekly_factor"": 1.0, ""monthly_factor"": 1.0}";7137;"";"{""is_superhost"": false}"
22679418;207540 - Excellent Eiffel Tower 2 Chambres;entire_home;Paris;Tour Eiffel - Champ de Mars;48.8592445104;2.30702051112;6;"[""https://a0.muscache.com/im/pictures/f21223f4-48f3-46aa-af02-ad536f91236e.jpg?aki_policy=large"", ""https://a0.muscache.com/im/pictures/427e4e2f-390d-4502-9fe2-6918d5ef3cb7.jpg?aki_policy=large"", ""https://a0.muscache.com/im/pictures/a9b71bc8-1639-493c-a2e0-0eab124f5f86.jpg?aki_policy=large"", ""https://a0.muscache.com/im/pictures/4dd2a671-9c7f-4f7e-860a-8ab630d75859.jpg?aki_policy=large"", ""https://a0.muscache.com/im/pictures/34905326-b8bc-4c93-ac76-107574ae2a08.jpg?aki_policy=large"", ""https://a0.muscache.com/im/pictures/c3804ef1-86ae-4952-a998-7f0634f22d0a.jpg?aki_policy=large"", ""https://a0.muscache.com/im/pictures/4f1983bd-0fef-4a8b-9ff5-12d34c9fa510.jpg?aki_policy=large"", ""https://a0.muscache.com/im/pictures/0fbe8cd9-6f4f-4a31-a2d0-7eac6d461c39.jpg?aki_policy=large"", ""https://a0.muscache.com/im/pictures/6ca3521b-e600-4724-a33f-5d9274c4f001.jpg?aki_policy=large"", ""https://a0.muscache.com/im/pictures/ed0a35e6-26db-4120-8d9e-4c6fc8c95c86.jpg?aki_policy=large"", ""https://a0.muscache.com/im/pictures/278d16e2-c697-4f22-8dfd-9bf06b623967.jpg?aki_policy=large"", ""https://a0.muscache.com/im/pictures/ef6dad66-2cd6-4174-b8da-c7d25e4011fb.jpg?aki_policy=large"", ""https://a0.muscache.com/im/pictures/da88afb4-5a0b-4a20-8aa8-378ad1120857.jpg?aki_policy=large"", ""https://a0.muscache.com/im/pictures/a1781696-0c3d-4e27-b829-409da8b7ccf8.jpg?aki_policy=large"", ""https://a0.muscache.com/im/pictures/cbc20982-1a31-463a-9ef5-dea382aadebf.jpg?aki_policy=large"", ""https://a0.muscache.com/im/pictures/9874f595-859e-4184-aee2-74447fa1d246.jpg?aki_policy=large"", ""https://a0.muscache.com/im/pictures/575b8435-158a-48da-90a1-4100a1157d3f.jpg?aki_policy=large"", ""https://a0.muscache.com/im/pictures/2c964961-6824-4f6a-bfd7-54e4d3517216.jpg?aki_policy=large"", ""https://a0.muscache.com/im/pictures/b3270419-8df1-4f77-a25e-1bec71d8a8a3.jpg?aki_policy=large"", ""https://a0.muscache.com/im/pictures/16ead800-d1f6-4197-812f-2a36a40abd05.jpg?aki_policy=large"", ""https://a0.muscache.com/im/pictures/69c813fd-edc2-4a92-965b-7dee10d336ba.jpg?aki_policy=large"", ""https://a0.muscache.com/im/pictures/a964025f-25b9-4b3a-8b6f-e47aef047414.jpg?aki_policy=large""]";"{""beds"": 3, ""bedrooms"": 2, ""bathrooms"": 2.0, ""amenity_ids"": [1, 129, 3, 4, 5, 8, 77, 85, 89, 90, 91, 92, 93, 30, 94, 95, 96, 33, 34, 35, 36, 38, 40, 41, 44, 45, 46, 47], ""is_rebookable"": false, ""is_new_listing"": false, ""is_fully_refundable"": true, ""is_host_highly_rated"": true, ""is_business_travel_ready"": false}";"{""weekly_factor"": 1.0, ""monthly_factor"": 1.0}";5338;"";"{""is_superhost"": false}"
22696925;PERFECT APARTEMNT-100 SQM PALAIS ROYAL/LOUVRE;private_room;Paris;Louvre - Tuileries;48.8629578762;2.33351388581;4;"[""https://a0.muscache.com/im/pictures/edf62dfc-a030-4884-8380-ea33a4f1a758.jpg?aki_policy=large"", ""https://a0.muscache.com/im/pictures/c84a0555-7d88-474f-a674-68950f725a3f.jpg?aki_policy=large"", ""https://a0.muscache.com/im/pictures/099174c5-208f-4850-8eac-c3750600fc18.jpg?aki_policy=large"", ""https://a0.muscache.com/im/pictures/b16fd722-e4f2-4ea9-81d9-d4256a5e8837.jpg?aki_policy=large"", ""https://a0.muscache.com/im/pictures/f06742c0-163e-491a-8027-465d5ce029a6.jpg?aki_policy=large"", ""https://a0.muscache.com/im/pictures/95561856-5308-43f2-a6f1-9a78aa472698.jpg?aki_policy=large"", ""https://a0.muscache.com/im/pictures/f7321002-f567-4c95-ab53-697e3fe93c40.jpg?aki_policy=large"", ""https://a0.muscache.com/im/pictures/4f1a6efd-1d4b-4622-96e8-dea00e7107df.jpg?aki_policy=large"", ""https://a0.muscache.com/im/pictures/5d17bc0b-f02d-4a85-b271-0acabe7d0f9f.jpg?aki_policy=large"", ""https://a0.muscache.com/im/pictures/23c4fe47-a3de-4a8b-a9dd-5a5d47ca7b4c.jpg?aki_policy=large"", ""https://a0.muscache.com/im/pictures/2c802453-088c-4a59-bf77-e2736b25c281.jpg?aki_policy=large"", ""https://a0.muscache.com/im/pictures/f422176d-1202-49d5-9c6b-1e20124748da.jpg?aki_policy=large"", ""https://a0.muscache.com/im/pictures/0829c8fc-23a0-4bbd-aa68-1165c80d3f55.jpg?aki_policy=large"", ""https://a0.muscache.com/im/pictures/1c6d6648-3ee8-4b65-88d7-a062a02b6b50.jpg?aki_policy=large"", ""https://a0.muscache.com/im/pictures/2f93bdc1-fc07-4ec3-bb71-3ab242be8adc.jpg?aki_policy=large"", ""https://a0.muscache.com/im/pictures/8101682f-62d6-4b64-9b71-a75f9f569853.jpg?aki_policy=large"", ""https://a0.muscache.com/im/pictures/da4fd310-ab65-4771-b80d-0643d9a67d79.jpg?aki_policy=large"", ""https://a0.muscache.com/im/pictures/9e8fc07e-ab58-42ab-8ed2-61c322919211.jpg?aki_policy=large"", ""https://a0.muscache.com/im/pictures/71ca1d4b-bb17-477e-b545-a4d3d8621157.jpg?aki_policy=large"", ""https://a0.muscache.com/im/pictures/11905c7e-f4d6-42ae-bc37-ffde3e7b0c97.jpg?aki_policy=large"", ""https://a0.muscache.com/im/pictures/97f93a87-316c-4920-9a7a-2b2ce45c3d55.jpg?aki_policy=large"", ""https://a0.muscache.com/im/pictures/6fbc2975-82aa-4d2b-acdf-17a4283d9f56.jpg?aki_policy=large"", ""https://a0.muscache.com/im/pictures/42072761-6e8e-46ab-9950-e2f4572165ee.jpg?aki_policy=large""]";"{""beds"": 2, ""bedrooms"": 2, ""bathrooms"": 1.0, ""amenity_ids"": [1, 2, 4, 8, 77, 21, 85, 86, 89, 90, 91, 92, 93, 30, 94, 31, 95, 32, 33, 34, 35, 100, 37, 39, 103, 40, 104, 42, 44, 45, 46, 47, 56, 57], ""is_rebookable"": false, ""is_new_listing"": false, ""is_fully_refundable"": false, ""is_host_highly_rated"": false, ""is_business_travel_ready"": false}";"{""weekly_factor"": 1.0, ""monthly_factor"": 0.65}";3984;"";"{""is_superhost"": false}"
22697292;Bel appartement 6p, près des CHAMPS ELYSEES;entire_home;Paris;Champs-Elysées;48.873734435;2.30322564587;6;"[""https://a0.muscache.com/im/pictures/87a42094-51c5-41b9-907b-335f9eeb8b44.jpg?aki_policy=large"", ""https://a0.muscache.com/im/pictures/3bfac579-8249-49d5-9106-c73a20bf46ab.jpg?aki_policy=large"", ""https://a0.muscache.com/im/pictures/081d87a5-b939-44d6-ad67-76a9ced5a7d4.jpg?aki_policy=large"", ""https://a0.muscache.com/im/pictures/236d21b7-bfc5-4c01-aa62-fdfa5b4de2c8.jpg?aki_policy=large"", ""https://a0.muscache.com/im/pictures/2b9c963d-d315-4f20-b491-74f78a962ad3.jpg?aki_policy=large"", ""https://a0.muscache.com/im/pictures/869ab484-5c48-4f4d-a381-b305b413fdcc.jpg?aki_policy=large"", ""https://a0.muscache.com/im/pictures/17728fb0-3e4c-4655-9381-1cc429698c6f.jpg?aki_policy=large"", ""https://a0.muscache.com/im/pictures/786a54c7-0807-4f00-9e1c-230da721240e.jpg?aki_policy=large"", ""https://a0.muscache.com/im/pictures/39505bbe-d0f7-465b-b6b4-38ef28c6dbab.jpg?aki_policy=large"", ""https://a0.muscache.com/im/pictures/4a0f2659-e522-4e17-aea0-e0d41b9b1d8b.jpg?aki_policy=large"", ""https://a0.muscache.com/im/pictures/f5a8c2bd-8f1f-49d4-9a89-1d9985d6143f.jpg?aki_policy=large"", ""https://a0.muscache.com/im/pictures/ae8f5a28-25bb-4575-8b49-20f6d2272c7f.jpg?aki_policy=large"", ""https://a0.muscache.com/im/pictures/4c7616f1-471e-48cc-bfea-428a04b49ac6.jpg?aki_policy=large"", ""https://a0.muscache.com/im/pictures/ab23843b-dcd5-46d7-aa25-97296bb2da14.jpg?aki_policy=large"", ""https://a0.muscache.com/im/pictures/7ca4b59d-b1b3-4c14-a976-c82d773fc902.jpg?aki_policy=large""]";"{""beds"": 3, ""bedrooms"": 2, ""bathrooms"": 2.0, ""amenity_ids"": [1, 33, 34, 4, 8, 40, 41, 44, 45, 77, 46, 21, 85, 89, 90, 91, 92, 93, 30, 94, 31, 95], ""is_rebookable"": false, ""is_new_listing"": false, ""is_fully_refundable"": true, ""is_host_highly_rated"": false, ""is_business_travel_ready"": false}";"{""weekly_factor"": 1.0, ""monthly_factor"": 1.0}";3985;"";"{""is_superhost"": false}"
22716121;Classy and Cosy Appartment in the heart of Paris;entire_home;Paris;Madeleine - Vendôme;48.8664156991;2.33189665209;2;"[""https://a0.muscache.com/im/pictures/0beeacb9-58f3-43b9-9bbd-2de7e104c1bf.jpg?aki_policy=large"", ""https://a0.muscache.com/im/pictures/7c47f2a4-1a7f-479e-b7d3-814114204006.jpg?aki_policy=large"", ""https://a0.muscache.com/im/pictures/ac532612-8984-4846-af9a-5917f1e9781a.jpg?aki_policy=large"", ""https://a0.muscache.com/im/pictures/fb51015b-8a51-42bb-8b11-fe947c7519dc.jpg?aki_policy=large"", ""https://a0.muscache.com/im/pictures/2528451e-07fd-4db9-a295-e53e1f99d9db.jpg?aki_policy=large"", ""https://a0.muscache.com/im/pictures/14bdb89d-e5d1-4a76-8d81-6c0b5dc857f6.jpg?aki_policy=large"", ""https://a0.muscache.com/im/pictures/ff19a54d-8980-4c2f-af7b-1f4f1da20d9c.jpg?aki_policy=large"", ""https://a0.muscache.com/im/pictures/a6fd05da-2ee4-4e82-ad2f-1f264ae8c675.jpg?aki_policy=large"", ""https://a0.muscache.com/im/pictures/f38e60d2-9b97-4c19-967b-fff29df6a0dd.jpg?aki_policy=large"", ""https://a0.muscache.com/im/pictures/6f486af4-b375-45bd-8547-f32e1e73e8be.jpg?aki_policy=large"", ""https://a0.muscache.com/im/pictures/7b5ae311-35e2-4b8d-8900-8d3ed503bc41.jpg?aki_policy=large""]";"{""beds"": 1, ""bedrooms"": 1, ""bathrooms"": 1.0, ""amenity_ids"": [1, 33, 35, 4, 36, 5, 8, 40, 41, 11, 44, 45, 46, 47, 16, 21, 57, 30, 31], ""is_rebookable"": false, ""is_new_listing"": false, ""is_fully_refundable"": true, ""is_host_highly_rated"": false, ""is_business_travel_ready"": false}";"{""weekly_factor"": 0.85, ""monthly_factor"": 1.0}";5999;"";"{""is_superhost"": false}"
22808827;Duplex avec terrasse, charmant et chaleureux;entire_home;Paris;Buttes-Chaumont - Belleville;48.8758129443;2.3830598061;2;"[""https://a0.muscache.com/im/pictures/9ae60953-b5d1-455c-8382-27ee3d89e694.jpg?aki_policy=large"", ""https://a0.muscache.com/im/pictures/b0b4066e-8e97-4474-9567-e7546868e8d3.jpg?aki_policy=large"", ""https://a0.muscache.com/im/pictures/6dbd639e-38d8-4bf2-a077-248e04c3e577.jpg?aki_policy=large"", ""https://a0.muscache.com/im/pictures/4b165cd0-d49b-459c-962a-813952d330ea.jpg?aki_policy=large"", ""https://a0.muscache.com/im/pictures/aee42719-3610-40f4-80aa-34e5698d9bda.jpg?aki_policy=large"", ""https://a0.muscache.com/im/pictures/6f367c8d-3157-4f5a-88e6-eedc837a7057.jpg?aki_policy=large"", ""https://a0.muscache.com/im/pictures/8abd30d3-11fd-4b76-ba4c-57cc1b4ed747.jpg?aki_policy=large"", ""https://a0.muscache.com/im/pictures/ec1f813d-2b74-45ab-bff2-824e58776ccb.jpg?aki_policy=large"", ""https://a0.muscache.com/im/pictures/d9b5a699-6ca4-484e-964b-6c656e3c3444.jpg?aki_policy=large"", ""https://a0.muscache.com/im/pictures/5d2f8d91-d94f-499b-88ab-472e52cdf210.jpg?aki_policy=large"", ""https://a0.muscache.com/im/pictures/a414af30-4319-4b4c-87e2-ecf22bdbb80b.jpg?aki_policy=large"", ""https://a0.muscache.com/im/pictures/804d6f3a-7a37-47af-ad95-bc7a6202a4d6.jpg?aki_policy=large""]";"{""beds"": 1, ""bedrooms"": 1, ""bathrooms"": 1.0, ""amenity_ids"": [1, 129, 4, 8, 73, 10, 77, 16, 85, 87, 88, 89, 90, 91, 92, 93, 30, 94, 95, 287, 96, 33, 34, 35, 36, 100, 39, 103, 40, 45, 46, 47, 61], ""is_rebookable"": false, ""is_new_listing"": false, ""is_fully_refundable"": true, ""is_host_highly_rated"": true, ""is_business_travel_ready"": false}";"{""weekly_factor"": 0.9, ""monthly_factor"": 0.8}";1972;"";"{""is_superhost"": false}"
22810595;Style loft  Louvre Museum;entire_home;Paris;Châtelet - Les Halles - Beaubourg;48.860256;2.343653;10;"[""https://a0.muscache.com/im/pictures/57020abc-d107-44a7-9ebc-45595bb18c06.jpg?aki_policy=large"", ""https://a0.muscache.com/im/pictures/49688bb0-0b7b-4585-9ad9-8fc9036f316c.jpg?aki_policy=large"", ""https://a0.muscache.com/im/pictures/cea63208-e0cb-4970-ac4f-c4dc507290b2.jpg?aki_policy=large"", ""https://a0.muscache.com/im/pictures/7aedbf68-fef8-4d6b-bbb0-7d687e25514c.jpg?aki_policy=large"", ""https://a0.muscache.com/im/pictures/23b504b5-dc0d-4a9b-a2b4-fe747e320f78.jpg?aki_policy=large"", ""https://a0.muscache.com/im/pictures/242f6780-67e8-457b-82a7-a3b0eff10d66.jpg?aki_policy=large"", ""https://a0.muscache.com/im/pictures/a94f67e5-5c0b-4795-a957-e8d1be07c96e.jpg?aki_policy=large"", ""https://a0.muscache.com/im/pictures/d8fc4a10-564d-4c93-8821-f78800dec527.jpg?aki_policy=large"", ""https://a0.muscache.com/im/pictures/44e22d43-1b79-4210-9aad-7052e9dac753.jpg?aki_policy=large"", ""https://a0.muscache.com/im/pictures/848541d6-b380-4adc-9c55-755ec6ec0a81.jpg?aki_policy=large"", ""https://a0.muscache.com/im/pictures/458cef2d-2a28-4979-8bbf-0eeb5858b0cb.jpg?aki_policy=large"", ""https://a0.muscache.com/im/pictures/184e2901-55fe-405c-834b-d290eaada310.jpg?aki_policy=large"", ""https://a0.muscache.com/im/pictures/2cd9b3b1-b175-42ff-a0c6-769da932abf1.jpg?aki_policy=large"", ""https://a0.muscache.com/im/pictures/951ef719-9edb-4b99-9a83-64e410731dd2.jpg?aki_policy=large"", ""https://a0.muscache.com/im/pictures/0e03ac36-4d01-474c-85bb-11cdb4ba8632.jpg?aki_policy=large"", ""https://a0.muscache.com/im/pictures/66f40aaf-74bc-4846-b811-5a0a92d8beeb.jpg?aki_policy=large"", ""https://a0.muscache.com/im/pictures/91462d7b-0652-4b1b-8031-613949374b23.jpg?aki_policy=large"", ""https://a0.muscache.com/im/pictures/d215c6e2-92a6-431c-a210-5a88d3d3ce01.jpg?aki_policy=large"", ""https://a0.muscache.com/im/pictures/5eb08f23-599b-44af-b405-39d984fad86c.jpg?aki_policy=large"", ""https://a0.muscache.com/im/pictures/ce6ff37a-ce5f-4e6e-adc5-97b3200b3ae1.jpg?aki_policy=large"", ""https://a0.muscache.com/im/pictures/e42e4443-4b41-4b5a-bbe3-8cb580d1cb05.jpg?aki_policy=large"", ""https://a0.muscache.com/im/pictures/8bce13da-d343-4290-8de7-12d416494dec.jpg?aki_policy=large"", ""https://a0.muscache.com/im/pictures/2cac4c70-698d-4a14-afa4-c582da28960d.jpg?aki_policy=large"", ""https://a0.muscache.com/im/pictures/89adee0f-877b-440c-a2f9-7b3bced5c504.jpg?aki_policy=large""]";"{""beds"": 3, ""bedrooms"": 2, ""bathrooms"": 2.0, ""amenity_ids"": [1, 33, 129, 2, 34, 4, 39, 8, 40, 104, 10, 44, 45, 77, 46, 47, 21, 85, 86, 87, 88, 30, 31], ""is_rebookable"": false, ""is_new_listing"": false, ""is_fully_refundable"": true, ""is_host_highly_rated"": true, ""is_business_travel_ready"": false}";"{""weekly_factor"": 1.0, ""monthly_factor"": 0.7}";3975;"";"{""is_superhost"": false}"
22837880;Appartement charmant à Belleville!;entire_home;Paris;Buttes-Chaumont - Belleville;48.8724758531;2.38181871499;2;"[""https://a0.muscache.com/im/pictures/2b474f6b-79d1-4fe8-b46b-d7c392e8106d.jpg?aki_policy=large"", ""https://a0.muscache.com/im/pictures/f74023d6-97ef-40c1-936f-27538b5ba56a.jpg?aki_policy=large"", ""https://a0.muscache.com/im/pictures/c6b95112-17b4-471b-ab78-abdb1cf5b46d.jpg?aki_policy=large"", ""https://a0.muscache.com/im/pictures/c3165539-bb9a-41b4-abda-8bb60c5c3a34.jpg?aki_policy=large"", ""https://a0.muscache.com/im/pictures/91b20f53-8ca6-43c7-a2f7-a86cf0d25c35.jpg?aki_policy=large"", ""https://a0.muscache.com/im/pictures/6bff7298-2406-43ea-bfc7-a68ae2ed82dd.jpg?aki_policy=large"", ""https://a0.muscache.com/im/pictures/ef2ec32c-bad6-426f-b745-500857df9d73.jpg?aki_policy=large"", ""https://a0.muscache.com/im/pictures/c9d99eae-4be8-49b5-b6e4-3c8f4abb1765.jpg?aki_policy=large""]";"{""beds"": 1, ""bedrooms"": 1, ""bathrooms"": 1.0, ""amenity_ids"": [96, 33, 129, 35, 4, 8, 40, 41, 11, 77, 47, 16, 91, 93, 30, 94, 95], ""is_rebookable"": false, ""is_new_listing"": false, ""is_fully_refundable"": true, ""is_host_highly_rated"": true, ""is_business_travel_ready"": false}";"{""weekly_factor"": 0.9, ""monthly_factor"": 0.85}";2657;"";"{""is_superhost"": false}"
22994483;SoChic Suite Rue de Sèvres Bon Marché;entire_home;Paris;Montparnasse;48.8472375316;2.32143293425;4;"[""https://a0.muscache.com/im/pictures/27970f6e-32ae-42c8-95ff-e633804a2b15.jpg?aki_policy=large"", ""https://a0.muscache.com/im/pictures/8a0f84f7-ec83-46d4-a4e3-a4ae02a6b2c2.jpg?aki_policy=large"", ""https://a0.muscache.com/im/pictures/d81e2d36-099b-4577-b7b8-c471255a0011.jpg?aki_policy=large"", ""https://a0.muscache.com/im/pictures/c6bc2ce2-eb48-4554-809f-e61d78acda73.jpg?aki_policy=large"", ""https://a0.muscache.com/im/pictures/cde2bf0f-76a4-4918-826f-c430e02450df.jpg?aki_policy=large"", ""https://a0.muscache.com/im/pictures/ce534370-6f6a-4611-b821-c45dd11a6a9c.jpg?aki_policy=large"", ""https://a0.muscache.com/im/pictures/3f4da305-7b93-4daf-a9a3-a0910685ca6f.jpg?aki_policy=large"", ""https://a0.muscache.com/im/pictures/84176fbd-6e68-45d0-ab58-99e63b253c50.jpg?aki_policy=large"", ""https://a0.muscache.com/im/pictures/2176d1a0-cf42-4c6a-b5d0-5d9a9ebf44e6.jpg?aki_policy=large"", ""https://a0.muscache.com/im/pictures/0559bd2a-5b3d-4fa5-965a-011a68cb91d3.jpg?aki_policy=large"", ""https://a0.muscache.com/im/pictures/077f944a-6786-40ba-808e-b2b44acb7a9f.jpg?aki_policy=large"", ""https://a0.muscache.com/im/pictures/332324e3-792b-43d6-a374-4e706a59a0d6.jpg?aki_policy=large"", ""https://a0.muscache.com/im/pictures/b3b116da-4187-4672-bf68-e5967dfe7fe1.jpg?aki_policy=large"", ""https://a0.muscache.com/im/pictures/d7646123-68b0-49ae-95f7-b7fc49013fbb.jpg?aki_policy=large"", ""https://a0.muscache.com/im/pictures/1ab2cf33-1cf9-4325-97ff-43675ac9c809.jpg?aki_policy=large"", ""https://a0.muscache.com/im/pictures/582e2db5-1ab6-4dbe-8f83-4d82850793d4.jpg?aki_policy=large"", ""https://a0.muscache.com/im/pictures/2b435603-dc90-47d0-8530-d297c484ab4d.jpg?aki_policy=large""]";"{""beds"": 2, ""bedrooms"": 1, ""bathrooms"": 1.0, ""amenity_ids"": [1, 129, 2, 4, 8, 72, 10, 77, 87, 89, 90, 91, 92, 93, 30, 94, 31, 96, 33, 34, 35, 36, 40, 104, 41, 44, 45, 46, 47], ""is_rebookable"": false, ""is_new_listing"": false, ""is_fully_refundable"": true, ""is_host_highly_rated"": true, ""is_business_travel_ready"": false}";"{""weekly_factor"": 0.97, ""monthly_factor"": 0.52}";7837;"";"{""is_superhost"": false}"
23013909;Trendy & Cosy Loft in Paris center!!!;entire_home;Paris;2e arrondissement;48.8695554196;2.35366049137;4;"[""https://a0.muscache.com/im/pictures/2200cd82-f693-48d6-963d-5549556b4b60.jpg?aki_policy=large"", ""https://a0.muscache.com/im/pictures/bbbd0620-eb84-410a-9429-5821658f0819.jpg?aki_policy=large"", ""https://a0.muscache.com/im/pictures/7ced6b2f-b047-415d-85fe-6f2ade1fb063.jpg?aki_policy=large"", ""https://a0.muscache.com/im/pictures/055d4514-6850-4da6-9710-ae5220fefa6b.jpg?aki_policy=large"", ""https://a0.muscache.com/im/pictures/197c22a5-7818-42a7-80c7-bb3b761f2ac1.jpg?aki_policy=large"", ""https://a0.muscache.com/im/pictures/99a03656-ec72-459b-b800-dba46414f60b.jpg?aki_policy=large"", ""https://a0.muscache.com/im/pictures/e1a458b4-70ff-4c5b-9d06-4270ff0ad2ee.jpg?aki_policy=large"", ""https://a0.muscache.com/im/pictures/602548ec-00d8-4bdc-b2b3-3d90953804ec.jpg?aki_policy=large"", ""https://a0.muscache.com/im/pictures/ecad3807-c85d-400f-82ba-eb67ba727e1a.jpg?aki_policy=large"", ""https://a0.muscache.com/im/pictures/5e5a6294-810b-4ff3-b0c0-39fb22d61a09.jpg?aki_policy=large"", ""https://a0.muscache.com/im/pictures/ef5ecfdc-c1b3-483f-a460-edce3ff8602d.jpg?aki_policy=large"", ""https://a0.muscache.com/im/pictures/55f8c285-24c9-4d80-9148-60733725f162.jpg?aki_policy=large"", ""https://a0.muscache.com/im/pictures/fb64e21f-322d-492e-8faa-51bbabc58264.jpg?aki_policy=large"", ""https://a0.muscache.com/im/pictures/1dca5655-79df-420d-89f3-315de60d3096.jpg?aki_policy=large"", ""https://a0.muscache.com/im/pictures/a328dde1-8a43-40ca-a2b9-bb0bcaee94bd.jpg?aki_policy=large"", ""https://a0.muscache.com/im/pictures/af07d30c-ad30-483a-bef7-6c31643f322e.jpg?aki_policy=large"", ""https://a0.muscache.com/im/pictures/16d026dd-2b80-42dc-92dd-231c0de6b1cd.jpg?aki_policy=large""]";"{""beds"": 1, ""bedrooms"": 1, ""bathrooms"": 1.0, ""amenity_ids"": [1, 35, 4, 36, 8, 40, 72, 41, 10, 44, 45, 77, 46, 51, 55, 30, 31], ""is_rebookable"": false, ""is_new_listing"": false, ""is_fully_refundable"": true, ""is_host_highly_rated"": true, ""is_business_travel_ready"": false}";"{""weekly_factor"": 1.0, ""monthly_factor"": 1.0}";1699;"";"{""is_superhost"": false}"
28355893;Family room for 3 near Montparnasse (Twin beds);private_room;Paris;Montparnasse;48.845295;2.321352;3;"[""https://a0.muscache.com/im/pictures/7e00b826-d0ce-4ecd-a5fd-b8d2dca5401f.jpg?aki_policy=large"", ""https://a0.muscache.com/im/pictures/ee6343ca-9c9f-4d95-91bb-0996e5e3ce8c.jpg?aki_policy=large"", ""https://a0.muscache.com/im/pictures/7c7093e5-37a1-4862-a888-9bd956b9c53b.jpg?aki_policy=large"", ""https://a0.muscache.com/im/pictures/ec0003a6-ce97-46e9-99f3-af847c23c78f.jpg?aki_policy=large"", ""https://a0.muscache.com/im/pictures/59c30d2b-c82b-470f-a0f0-43075c26c597.jpg?aki_policy=large"", ""https://a0.muscache.com/im/pictures/4094b8e1-06fe-485f-a873-fc13fc31186f.jpg?aki_policy=large"", ""https://a0.muscache.com/im/pictures/d099b425-7f59-43dc-aeb7-0de5b5e68d4b.jpg?aki_policy=large"", ""https://a0.muscache.com/im/pictures/5c05caf8-09e7-4cd9-a75f-d572b17edf04.jpg?aki_policy=large"", ""https://a0.muscache.com/im/pictures/0b7005b8-c758-4772-84cb-a79664f0711b.jpg?aki_policy=large"", ""https://a0.muscache.com/im/pictures/ac25e4b3-4f26-4098-92f6-209c7f6653d7.jpg?aki_policy=large"", ""https://a0.muscache.com/im/pictures/4ce5673b-28fe-45fa-9c7f-26fa3c1aa4a8.jpg?aki_policy=large"", ""https://a0.muscache.com/im/pictures/fba59d7d-e74b-44e3-a76c-129b0182ecec.jpg?aki_policy=large"", ""https://a0.muscache.com/im/pictures/51bc0792-8aed-4dae-9a36-e8753323f39f.jpg?aki_policy=large"", ""https://a0.muscache.com/im/pictures/6a5e52ed-5a0e-484d-98a9-3fac019ca2d9.jpg?aki_policy=large"", ""https://a0.muscache.com/im/pictures/9a40474e-e0dd-4065-80ee-4993897435d4.jpg?aki_policy=large"", ""https://a0.muscache.com/im/pictures/310f5c35-6633-44e1-8ebb-3a0dd15f0da6.jpg?aki_policy=large"", ""https://a0.muscache.com/im/pictures/d0d36a78-3b4b-4be2-a3d1-3f9e17de54ba.jpg?aki_policy=large"", ""https://a0.muscache.com/im/pictures/9366692b-94c0-44c0-8c2d-168d770e28c3.jpg?aki_policy=large"", ""https://a0.muscache.com/im/pictures/7f8933ee-4ed0-4190-8873-28b1b62959a0.jpg?aki_policy=large"", ""https://a0.muscache.com/im/pictures/5378a839-656f-4634-9e2b-8210860c5ea8.jpg?aki_policy=large""]";"{""beds"": 3, ""bedrooms"": 1, ""bathrooms"": 1.0, ""amenity_ids"": [1, 2, 35, 4, 5, 37, 39, 103, 40, 44, 45, 77, 47, 51, 85, 86, 55, 88, 61, 30, 287], ""is_rebookable"": false, ""is_new_listing"": true, ""is_fully_refundable"": true, ""is_host_highly_rated"": false, ""is_business_travel_ready"": false}";"{""weekly_factor"": 1.0, ""monthly_factor"": 1.0}";8103;"";"{""is_superhost"": false}"
23112357;Nice Studio in Le Marais District;entire_home;Paris;Le Marais;48.8580296624;2.35973228505;2;"[""https://a0.muscache.com/im/pictures/5fe85d75-c3da-4e10-9f09-c4d6de05bc4d.jpg?aki_policy=large"", ""https://a0.muscache.com/im/pictures/d20eae11-ff5a-4e9c-a1bc-78788974c5f8.jpg?aki_policy=large"", ""https://a0.muscache.com/im/pictures/49e4c4ff-0e74-4559-84d0-7f7b6abc0529.jpg?aki_policy=large"", ""https://a0.muscache.com/im/pictures/4ffa9a23-ab77-4f4c-8660-bd4ee33ad27b.jpg?aki_policy=large"", ""https://a0.muscache.com/im/pictures/dd7cd9b8-83ee-4984-a261-05adc190808a.jpg?aki_policy=large"", ""https://a0.muscache.com/im/pictures/fc5b4305-401f-48e9-8afa-40664d1b58ed.jpg?aki_policy=large"", ""https://a0.muscache.com/im/pictures/e9e516fd-883b-4768-bd6c-cc6e89c99407.jpg?aki_policy=large"", ""https://a0.muscache.com/im/pictures/4070605e-a8fc-479b-aa40-5831b1650047.jpg?aki_policy=large"", ""https://a0.muscache.com/im/pictures/6d0743e8-8326-4cab-b44e-d90fd8b28c38.jpg?aki_policy=large"", ""https://a0.muscache.com/im/pictures/6bb725f1-716e-4616-8ce3-e5a9c63117d7.jpg?aki_policy=large"", ""https://a0.muscache.com/im/pictures/b0a3aa82-7125-4bd6-b5fb-747e410a79ee.jpg?aki_policy=large"", ""https://a0.muscache.com/im/pictures/6cd16b09-d070-48bc-97dd-5f72c2b502d9.jpg?aki_policy=large"", ""https://a0.muscache.com/im/pictures/c01a0514-7ea2-45cd-af00-3562b2865062.jpg?aki_policy=large"", ""https://a0.muscache.com/im/pictures/ceb7fc6e-2c31-4adc-8471-be41f25c7aba.jpg?aki_policy=large"", ""https://a0.muscache.com/im/pictures/16117e9f-c674-4643-b47a-0fee308c3f9b.jpg?aki_policy=large"", ""https://a0.muscache.com/im/pictures/e2bd0901-8aee-4e72-81de-9ce4ec752a10.jpg?aki_policy=large"", ""https://a0.muscache.com/im/pictures/4efb84e0-09c1-41ed-88ba-174c389a5c89.jpg?aki_policy=large"", ""https://a0.muscache.com/im/pictures/34f7648b-f81d-44d5-b1ce-f96fe221202a.jpg?aki_policy=large"", ""https://a0.muscache.com/im/pictures/666454ab-7083-4f5d-be98-b105527df40e.jpg?aki_policy=large"", ""https://a0.muscache.com/im/pictures/29106f2b-91f7-49fa-adb4-fbdc19c6c37c.jpg?aki_policy=large"", ""https://a0.muscache.com/im/pictures/a43336d4-6813-4558-9aee-c86330b30598.jpg?aki_policy=large"", ""https://a0.muscache.com/im/pictures/5674bc98-0c99-4c61-81aa-41cbec48c3f2.jpg?aki_policy=large""]";"{""beds"": 3, ""bedrooms"": 0, ""bathrooms"": 1.0, ""amenity_ids"": [1, 129, 3, 4, 8, 77, 85, 89, 90, 91, 92, 93, 30, 94, 31, 96, 33, 35, 36, 40, 104, 41, 44, 45, 46, 47], ""is_rebookable"": false, ""is_new_listing"": false, ""is_fully_refundable"": true, ""is_host_highly_rated"": false, ""is_business_travel_ready"": false}";"{""weekly_factor"": 1.0, ""monthly_factor"": 0.41}";6076;"";"{""is_superhost"": false}"
23126032;Cosy apartment heart of Marais;entire_home;Paris;3e arrondissement;48.8663169991;2.3628432199;4;"[""https://a0.muscache.com/im/pictures/7dbb95d0-0f14-44ba-a51d-71c97f99ef18.jpg?aki_policy=large"", ""https://a0.muscache.com/im/pictures/75233e49-4cef-4389-9002-1cfbaf926cdf.jpg?aki_policy=large"", ""https://a0.muscache.com/im/pictures/0bc98064-ee07-4677-b01b-745f5e9db2d6.jpg?aki_policy=large"", ""https://a0.muscache.com/im/pictures/b22d0323-c520-44e6-8a26-74ff6d579f0c.jpg?aki_policy=large"", ""https://a0.muscache.com/im/pictures/52a92d19-5907-4717-9856-2a952117085f.jpg?aki_policy=large"", ""https://a0.muscache.com/im/pictures/a7e3fe93-0ff9-4da3-8730-576b681da51d.jpg?aki_policy=large"", ""https://a0.muscache.com/im/pictures/88881ef0-72d0-4c7d-bdd6-44009d9e7736.jpg?aki_policy=large"", ""https://a0.muscache.com/im/pictures/b4747d71-d302-431f-92a3-40b8a60e9c61.jpg?aki_policy=large"", ""https://a0.muscache.com/im/pictures/de61e33a-40ef-4903-8acb-2fed7488d3e5.jpg?aki_policy=large"", ""https://a0.muscache.com/im/pictures/2fabf70e-36f2-4364-a780-62a0f172370e.jpg?aki_policy=large"", ""https://a0.muscache.com/im/pictures/5e9bf9d2-6772-4f8b-8adf-4d067ce2e381.jpg?aki_policy=large"", ""https://a0.muscache.com/im/pictures/8109e565-2192-44e2-8074-9466bbde2394.jpg?aki_policy=large"", ""https://a0.muscache.com/im/pictures/0e167b53-0cfd-4600-bc6c-d9f38b748449.jpg?aki_policy=large"", ""https://a0.muscache.com/im/pictures/30e38ec5-65df-4358-9319-3a9c60ba048a.jpg?aki_policy=large"", ""https://a0.muscache.com/im/pictures/435ee714-d8eb-44ca-bb13-79978900e053.jpg?aki_policy=large"", ""https://a0.muscache.com/im/pictures/66ee40ff-a4f5-4969-b946-1f8596b1834f.jpg?aki_policy=large"", ""https://a0.muscache.com/im/pictures/4076c521-3bd3-44d1-8105-786b5983433b.jpg?aki_policy=large"", ""https://a0.muscache.com/im/pictures/7cb523a7-1078-45f7-9bfe-633c8eed6db3.jpg?aki_policy=large"", ""https://a0.muscache.com/im/pictures/3df497d4-0f57-48e9-8fae-d4a456a41ac5.jpg?aki_policy=large"", ""https://a0.muscache.com/im/pictures/a261a36b-271d-46f1-9efc-dcd39d14dc22.jpg?aki_policy=large"", ""https://a0.muscache.com/im/pictures/6503a238-edc5-4398-a563-a78ca8e76eac.jpg?aki_policy=large"", ""https://a0.muscache.com/im/pictures/186f9463-74db-4e18-9a03-a423085c4708.jpg?aki_policy=large"", ""https://a0.muscache.com/im/pictures/93a38957-5b84-4531-9169-3fafe99f03b3.jpg?aki_policy=large"", ""https://a0.muscache.com/im/pictures/e3bc7b0b-2b65-4089-bcca-7575191d84b8.jpg?aki_policy=large"", ""https://a0.muscache.com/im/pictures/97fe3106-5365-4dc6-9840-1869c048bf12.jpg?aki_policy=large"", ""https://a0.muscache.com/im/pictures/68ff2960-e740-4232-a57e-25d7c780be62.jpg?aki_policy=large""]";"{""beds"": 2, ""bedrooms"": 1, ""bathrooms"": 1.0, ""amenity_ids"": [64, 1, 129, 4, 70, 8, 72, 73, 10, 77, 90, 91, 93, 30, 94, 31, 95, 96, 33, 98, 35, 38, 40, 104, 44, 45, 46, 47, 57], ""is_rebookable"": false, ""is_new_listing"": false, ""is_fully_refundable"": true, ""is_host_highly_rated"": false, ""is_business_travel_ready"": false}";"{""weekly_factor"": 1.0, ""monthly_factor"": 1.0}";5846;"";"{""is_superhost"": false}"
23168324;Loft in downtown Paris.;entire_home;Paris;Châtelet - Les Halles - Beaubourg;48.8609516253;2.34666177957;2;"[""https://a0.muscache.com/im/pictures/1dfde48e-c719-4cff-9268-2a7ce840cb91.jpg?aki_policy=large"", ""https://a0.muscache.com/im/pictures/cf98abdd-c309-4183-b571-35fa717ec7ed.jpg?aki_policy=large"", ""https://a0.muscache.com/im/pictures/2ab4d437-c084-470e-8791-3c3ec5d0cde1.jpg?aki_policy=large"", ""https://a0.muscache.com/im/pictures/9955b282-66ca-45b6-a937-5557d76baecd.jpg?aki_policy=large"", ""https://a0.muscache.com/im/pictures/fdda1e9a-cdec-444d-b08c-00730929afa9.jpg?aki_policy=large""]";"{""beds"": 1, ""bedrooms"": 1, ""bathrooms"": 1.5, ""amenity_ids"": [1, 2, 4, 7, 8, 10, 77, 16, 21, 30, 33, 34, 35, 36, 39, 103, 40, 104, 41, 44, 45, 46, 47, 51, 55], ""is_rebookable"": false, ""is_new_listing"": false, ""is_fully_refundable"": true, ""is_host_highly_rated"": true, ""is_business_travel_ready"": false}";"{""weekly_factor"": 0.9, ""monthly_factor"": 0.8}";2529;"";"{""is_superhost"": true}"
23212675;Nouvel appartement 2 chambres proche Luxembourg;entire_home;Paris;Montparnasse;48.8455445048;2.32633535991;4;"[""https://a0.muscache.com/im/pictures/7929bac1-808f-44cd-9a4c-06618a347984.jpg?aki_policy=large"", ""https://a0.muscache.com/im/pictures/2ec21986-887b-4b65-8f99-f3f1eda8abb4.jpg?aki_policy=large"", ""https://a0.muscache.com/im/pictures/c2c63ecd-b1ef-4c44-ac7c-e36dceb67a31.jpg?aki_policy=large"", ""https://a0.muscache.com/im/pictures/0d5ad9da-6cb0-4433-afd3-d06d140a31a8.jpg?aki_policy=large"", ""https://a0.muscache.com/im/pictures/33da1ae6-d175-48cc-ab8e-622377ef364a.jpg?aki_policy=large"", ""https://a0.muscache.com/im/pictures/998a9d3e-af02-423b-8fbb-31df3c5f46a6.jpg?aki_policy=large"", ""https://a0.muscache.com/im/pictures/b9a50e53-d511-4144-b06d-7b94bc434241.jpg?aki_policy=large"", ""https://a0.muscache.com/im/pictures/a580598e-2f1c-4bb0-b2af-bcc2c4ac4e03.jpg?aki_policy=large"", ""https://a0.muscache.com/im/pictures/8143096e-a751-4985-94e9-8fcfeacef7ae.jpg?aki_policy=large"", ""https://a0.muscache.com/im/pictures/8215319e-b698-45d6-bb72-75c5821426a2.jpg?aki_policy=large"", ""https://a0.muscache.com/im/pictures/3ebbcfa2-a5bf-47b4-b28e-73504119e39b.jpg?aki_policy=large"", ""https://a0.muscache.com/im/pictures/a4081de8-59ba-4ce7-80dd-e9872c72a46d.jpg?aki_policy=large"", ""https://a0.muscache.com/im/pictures/4bd1be5f-2b04-4473-a91f-491d7f98bc7e.jpg?aki_policy=large"", ""https://a0.muscache.com/im/pictures/90480797-97c4-4912-9e98-ec7b7fc8ecff.jpg?aki_policy=large"", ""https://a0.muscache.com/im/pictures/5382cab7-cb09-4003-9d01-d7823d7ab915.jpg?aki_policy=large"", ""https://a0.muscache.com/im/pictures/6c79ecb6-b09a-41f8-8f9d-5b1b5651a6e7.jpg?aki_policy=large"", ""https://a0.muscache.com/im/pictures/90b7f09c-47bd-433f-befb-98c2232d6172.jpg?aki_policy=large"", ""https://a0.muscache.com/im/pictures/fe97d8c8-29db-4e34-863d-b714a1255ec6.jpg?aki_policy=large"", ""https://a0.muscache.com/im/pictures/ca9b954a-b922-47f9-8350-76793815682e.jpg?aki_policy=large"", ""https://a0.muscache.com/im/pictures/bf3559ca-7f68-442d-bca4-5e2991e23e4d.jpg?aki_policy=large"", ""https://a0.muscache.com/im/pictures/e51f9c9d-9dcd-4d36-b4f2-61902d4f5f55.jpg?aki_policy=large"", ""https://a0.muscache.com/im/pictures/913e0fb0-c93d-4f60-a5fc-61bcfb68b86c.jpg?aki_policy=large"", ""https://a0.muscache.com/im/pictures/313ea903-6def-42a0-b3f1-9b9843db8566.jpg?aki_policy=large"", ""https://a0.muscache.com/im/pictures/e9f837f8-8252-49e9-9a02-47e050861949.jpg?aki_policy=large"", ""https://a0.muscache.com/im/pictures/0b0c99b9-355b-4c39-9b09-fa7291d28154.jpg?aki_policy=large""]";"{""beds"": 2, ""bedrooms"": 2, ""bathrooms"": 2.0, ""amenity_ids"": [1, 33, 129, 34, 35, 4, 8, 40, 41, 10, 44, 45, 77, 46, 47, 21, 30, 31], ""is_rebookable"": false, ""is_new_listing"": false, ""is_fully_refundable"": true, ""is_host_highly_rated"": true, ""is_business_travel_ready"": false}";"{""weekly_factor"": 1.0, ""monthly_factor"": 1.0}";3376;"";"{""is_superhost"": false}"
23233753;Cute & Cozy Nord Marais !!!;entire_home;Paris;République;48.8709098458;2.37123934954;5;"[""https://a0.muscache.com/im/pictures/241a547f-e56c-49db-b5fe-2babd329d574.jpg?aki_policy=large"", ""https://a0.muscache.com/im/pictures/b3aedfef-e915-4f03-9a4d-a2b17ab08be4.jpg?aki_policy=large"", ""https://a0.muscache.com/im/pictures/a6bbf425-8a1c-43de-a54c-0cb1a90ccf91.jpg?aki_policy=large"", ""https://a0.muscache.com/im/pictures/941c77cf-d212-4a09-9521-ff718e7aca40.jpg?aki_policy=large"", ""https://a0.muscache.com/im/pictures/139bf54b-cd49-4316-b0d0-3b8fd08005d0.jpg?aki_policy=large"", ""https://a0.muscache.com/im/pictures/ab169883-6df5-48f8-938d-7b6f3e7a8259.jpg?aki_policy=large"", ""https://a0.muscache.com/im/pictures/77d4c9e2-daa2-4707-95de-3bb50550f40e.jpg?aki_policy=large"", ""https://a0.muscache.com/im/pictures/a7c953e2-a61c-499b-adb1-4c644ab0c008.jpg?aki_policy=large"", ""https://a0.muscache.com/im/pictures/73211105-2c82-49c4-915a-b723ffb04f65.jpg?aki_policy=large"", ""https://a0.muscache.com/im/pictures/7008c548-d6c9-4047-ba0e-a0d571b436f8.jpg?aki_policy=large"", ""https://a0.muscache.com/im/pictures/e997cea4-7221-48aa-a006-c880fc9b902b.jpg?aki_policy=large"", ""https://a0.muscache.com/im/pictures/4d743c28-dd91-496b-89f4-f13afa0f1075.jpg?aki_policy=large"", ""https://a0.muscache.com/im/pictures/c2468f65-cc3c-4aef-bd35-665b7359dfe0.jpg?aki_policy=large"", ""https://a0.muscache.com/im/pictures/f658c813-b387-4c22-abca-583668ca983d.jpg?aki_policy=large"", ""https://a0.muscache.com/im/pictures/882d7beb-a619-4e05-9621-daec5b965e2d.jpg?aki_policy=large""]";"{""beds"": 3, ""bedrooms"": 2, ""bathrooms"": 1.0, ""amenity_ids"": [1, 33, 129, 34, 35, 4, 36, 37, 8, 40, 41, 10, 42, 44, 45, 77, 46, 47, 30, 31], ""is_rebookable"": false, ""is_new_listing"": false, ""is_fully_refundable"": true, ""is_host_highly_rated"": true, ""is_business_travel_ready"": false}";"{""weekly_factor"": 1.0, ""monthly_factor"": 1.0}";4902;"";"{""is_superhost"": false}"
23246080;OPERA/LOUVRE LUXURY 2BD/2BTH APT WITH ELEVATOR;entire_home;Paris;2e arrondissement;48.8705079564;2.33619394315;4;"[""https://a0.muscache.com/im/pictures/e3750531-e9f0-4cd6-8197-78f9bd5f3680.jpg?aki_policy=large"", ""https://a0.muscache.com/im/pictures/7f6297eb-7b26-465c-ad41-7cc2f77ac846.jpg?aki_policy=large"", ""https://a0.muscache.com/im/pictures/ea902017-c150-4f8c-ad33-5219bc7b675e.jpg?aki_policy=large"", ""https://a0.muscache.com/im/pictures/986ae2d0-f085-401c-b5a6-758c771b24a1.jpg?aki_policy=large"", ""https://a0.muscache.com/im/pictures/6eb44f07-58a4-47b7-8930-95aa706711ef.jpg?aki_policy=large"", ""https://a0.muscache.com/im/pictures/7f072925-76f5-4f60-a3dc-d71f3d028bb0.jpg?aki_policy=large"", ""https://a0.muscache.com/im/pictures/dcccbe35-36a3-46ad-bfe2-3f3fc0748275.jpg?aki_policy=large"", ""https://a0.muscache.com/im/pictures/52967669-a9d6-4bbf-b290-9fb8bef358c0.jpg?aki_policy=large"", ""https://a0.muscache.com/im/pictures/ba1afa00-669c-45a4-9734-d3d35ad2ec1b.jpg?aki_policy=large"", ""https://a0.muscache.com/im/pictures/89ac0f3a-7fc6-4f14-877c-954e4e2222e2.jpg?aki_policy=large"", ""https://a0.muscache.com/im/pictures/05e951bc-80a4-442c-a86b-a5053c9ece9c.jpg?aki_policy=large"", ""https://a0.muscache.com/im/pictures/ebe756ac-d51b-4bb6-8a27-512a61c68154.jpg?aki_policy=large"", ""https://a0.muscache.com/im/pictures/7b2c1096-5f20-45cb-b3f7-316dd31e9a64.jpg?aki_policy=large"", ""https://a0.muscache.com/im/pictures/808ce2d6-a8af-4804-a472-dc952fd58ace.jpg?aki_policy=large"", ""https://a0.muscache.com/im/pictures/8289c94f-cb3b-4759-990b-690dd0d7e36f.jpg?aki_policy=large"", ""https://a0.muscache.com/im/pictures/436a8b70-03fd-4bbb-8066-5d79707716f2.jpg?aki_policy=large"", ""https://a0.muscache.com/im/pictures/3f8f3fa1-da21-40a9-8362-cf739831f249.jpg?aki_policy=large"", ""https://a0.muscache.com/im/pictures/cb98174b-006d-467c-b662-30137066fe31.jpg?aki_policy=large"", ""https://a0.muscache.com/im/pictures/f1165172-25e8-45ab-b352-c732d992f5e2.jpg?aki_policy=large"", ""https://a0.muscache.com/im/pictures/1d8cdf36-1e1e-4b3c-86c5-0f5fc0e9dca3.jpg?aki_policy=large"", ""https://a0.muscache.com/im/pictures/75e706b9-852c-4b52-8992-310397ebe5e9.jpg?aki_policy=large"", ""https://a0.muscache.com/im/pictures/795767bf-184a-4f5a-b4e7-91f937646bd2.jpg?aki_policy=large"", ""https://a0.muscache.com/im/pictures/aaf0f2c9-fc6d-4cb5-87f1-85952478e69c.jpg?aki_policy=large"", ""https://a0.muscache.com/im/pictures/6b8cbf8c-e0c2-4fcc-93a9-928879b0caa1.jpg?aki_policy=large"", ""https://a0.muscache.com/im/pictures/c7b846f5-ffc3-452a-9a04-cfb4cd4ca1b0.jpg?aki_policy=large"", ""https://a0.muscache.com/im/pictures/a623b60e-6232-46da-bbd6-34e1dbbfca75.jpg?aki_policy=large"", ""https://a0.muscache.com/im/pictures/66f9c649-3b23-404d-a8e3-bc246e15ee31.jpg?aki_policy=large"", ""https://a0.muscache.com/im/pictures/2b3c2e3f-f9f4-4368-9531-be252d8b2171.jpg?aki_policy=large"", ""https://a0.muscache.com/im/pictures/b8fdf966-c36b-404e-affc-6266078407a5.jpg?aki_policy=large"", ""https://a0.muscache.com/im/pictures/d3f89f5c-436b-49bb-b325-03f0ded6e54a.jpg?aki_policy=large""]";"{""beds"": 3, ""bedrooms"": 2, ""bathrooms"": 2.5, ""amenity_ids"": [1, 2, 67, 4, 8, 72, 77, 21, 85, 89, 90, 27, 91, 92, 93, 30, 94, 95, 96, 33, 35, 40, 104, 44, 45, 46, 47, 61], ""is_rebookable"": false, ""is_new_listing"": false, ""is_fully_refundable"": true, ""is_host_highly_rated"": true, ""is_business_travel_ready"": false}";"{""weekly_factor"": 1.0, ""monthly_factor"": 1.0}";1536;"";"{""is_superhost"": true}"
23270762;appartement cosy en plein coeur de Paris;entire_home;Paris;Palais Royal;48.866004717;2.34213667124;2;"[""https://a0.muscache.com/im/pictures/16ffaffc-3ce5-43ca-8625-73cdf231fe8a.jpg?aki_policy=large"", ""https://a0.muscache.com/im/pictures/298bc4ee-3802-4e89-9778-990c0a87d574.jpg?aki_policy=large"", ""https://a0.muscache.com/im/pictures/1e665cb8-aa91-4829-aed9-59ff10ec07bb.jpg?aki_policy=large"", ""https://a0.muscache.com/im/pictures/49314a51-e386-4457-9cb0-d62d31e075f2.jpg?aki_policy=large"", ""https://a0.muscache.com/im/pictures/3f11d0fe-8c18-48a1-a664-ebae64fb1b69.jpg?aki_policy=large"", ""https://a0.muscache.com/im/pictures/c73ee90a-51c4-4cab-8eec-a9e72b5168e2.jpg?aki_policy=large"", ""https://a0.muscache.com/im/pictures/b5fd2c9f-ab61-40ed-9fa2-4863a6407d6b.jpg?aki_policy=large"", ""https://a0.muscache.com/im/pictures/dd330dc1-9f41-4453-bfc7-6c23564fb0c6.jpg?aki_policy=large"", ""https://a0.muscache.com/im/pictures/50629c6d-d890-4c29-908e-a24898f53571.jpg?aki_policy=large"", ""https://a0.muscache.com/im/pictures/9a6242a9-707c-447a-a8a7-dc2d3b766a2e.jpg?aki_policy=large"", ""https://a0.muscache.com/im/pictures/433bf159-0253-411d-ae80-5d353a9cf145.jpg?aki_policy=large"", ""https://a0.muscache.com/im/pictures/c23b0ff2-c481-467f-89b9-a2c4b1924128.jpg?aki_policy=large""]";"{""beds"": 1, ""bedrooms"": 1, ""bathrooms"": 1.0, ""amenity_ids"": [33, 8], ""is_rebookable"": false, ""is_new_listing"": false, ""is_fully_refundable"": true, ""is_host_highly_rated"": false, ""is_business_travel_ready"": false}";"{""weekly_factor"": 1.0, ""monthly_factor"": 1.0}";5000;"";"{""is_superhost"": false}"
23282000;Professional Fashion #Showroom #Events;entire_home;Paris;Le Marais;48.8576404808;2.36314387238;16;"[""https://a0.muscache.com/im/pictures/97e20cf5-b876-4e91-8d37-a5de529fea2e.jpg?aki_policy=large"", ""https://a0.muscache.com/im/pictures/e4ea63f9-268d-40a5-bab2-83f01555a01c.jpg?aki_policy=large"", ""https://a0.muscache.com/im/pictures/38858bbb-d561-4ec4-b286-33ae1f989259.jpg?aki_policy=large"", ""https://a0.muscache.com/im/pictures/411eb3d1-06cd-4b89-8542-2a8874174a3b.jpg?aki_policy=large"", ""https://a0.muscache.com/im/pictures/5195d6cf-938e-4847-8464-00054a6d264b.jpg?aki_policy=large"", ""https://a0.muscache.com/im/pictures/5db75a3e-8c91-4360-aca6-1b7063a7ff04.jpg?aki_policy=large"", ""https://a0.muscache.com/im/pictures/14a1dcf7-fc9b-4c77-8a2c-102c9888807e.jpg?aki_policy=large"", ""https://a0.muscache.com/im/pictures/ffb8bf8e-612e-4910-a081-57a559417eb7.jpg?aki_policy=large"", ""https://a0.muscache.com/im/pictures/2786bda3-1245-4da2-b2b5-90561a502e87.jpg?aki_policy=large"", ""https://a0.muscache.com/im/pictures/b35bd837-c7bd-4030-a3dc-0582c04791cb.jpg?aki_policy=large"", ""https://a0.muscache.com/im/pictures/d78c75e4-b95d-4952-938d-5e142ac8e2a3.jpg?aki_policy=large"", ""https://a0.muscache.com/im/pictures/66c07a3a-2d11-46fd-a4ed-d7c4a9c4297f.jpg?aki_policy=large"", ""https://a0.muscache.com/im/pictures/583d9b01-3b81-49ff-b537-6465904f2b64.jpg?aki_policy=large"", ""https://a0.muscache.com/im/pictures/9e4ec685-12e7-4dd4-b39b-f0bb24d6ddff.jpg?aki_policy=large"", ""https://a0.muscache.com/im/pictures/d3b7cf09-7929-49af-a928-1a27392548a0.jpg?aki_policy=large"", ""https://a0.muscache.com/im/pictures/24c1cb06-9cdd-4482-a29b-c0f618248ca4.jpg?aki_policy=large"", ""https://a0.muscache.com/im/pictures/8eeb1e2e-ccbe-4e28-af1e-e34d8a704aba.jpg?aki_policy=large""]";"{""beds"": 1, ""bedrooms"": 2, ""bathrooms"": 1.5, ""amenity_ids"": [32, 1, 35, 4, 36, 37, 38, 39, 8, 40, 44, 46, 47, 30], ""is_rebookable"": false, ""is_new_listing"": false, ""is_fully_refundable"": true, ""is_host_highly_rated"": true, ""is_business_travel_ready"": false}";"{""weekly_factor"": 1.0, ""monthly_factor"": 1.0}";1903;"";"{""is_superhost"": true}"
28709644;LORD BYRON-SPACE& STYLE IN 8TH EME;entire_home;Paris;Champs-Elysées;48.8722023977;2.29834933102;4;"[""https://a0.muscache.com/im/pictures/ddbc5cd0-ad9c-42df-8495-508d52530e58.jpg?aki_policy=large"", ""https://a0.muscache.com/im/pictures/61feaef8-6cae-453d-8133-39c83f5a220d.jpg?aki_policy=large"", ""https://a0.muscache.com/im/pictures/2592ca83-500c-4b7e-bce7-523062857846.jpg?aki_policy=large"", ""https://a0.muscache.com/im/pictures/1b0bd6cd-1a25-4cf3-b28c-b566c976c602.jpg?aki_policy=large"", ""https://a0.muscache.com/im/pictures/2cf01516-b42f-461e-aa88-f34add7a5d14.jpg?aki_policy=large"", ""https://a0.muscache.com/im/pictures/79ecebb0-58a6-4a38-8b98-d11339bd25d2.jpg?aki_policy=large"", ""https://a0.muscache.com/im/pictures/5dcca1db-52f4-4b0c-8d01-821a65eecd96.jpg?aki_policy=large"", ""https://a0.muscache.com/im/pictures/9f636c63-39d9-40ec-bea1-50a2b723bf9e.jpg?aki_policy=large"", ""https://a0.muscache.com/im/pictures/9cb1b35d-3ae1-465b-b9db-3d0d2da3c4d8.jpg?aki_policy=large"", ""https://a0.muscache.com/im/pictures/874b58b5-5684-41b7-b159-36ae460b0c83.jpg?aki_policy=large"", ""https://a0.muscache.com/im/pictures/c05e6a43-80df-4780-a885-46c72e309206.jpg?aki_policy=large"", ""https://a0.muscache.com/im/pictures/e14e35ea-90c4-4905-8b7f-757679b6efbb.jpg?aki_policy=large"", ""https://a0.muscache.com/im/pictures/e90515ca-da29-4191-a109-194f131a06ba.jpg?aki_policy=large"", ""https://a0.muscache.com/im/pictures/802b2d8e-e6ff-42af-a181-220f21a1c650.jpg?aki_policy=large"", ""https://a0.muscache.com/im/pictures/95989ad0-77d5-4bd8-85d5-f81477772e23.jpg?aki_policy=large"", ""https://a0.muscache.com/im/pictures/c9f9dae4-fbab-4770-a580-79a7ef0e8f3c.jpg?aki_policy=large"", ""https://a0.muscache.com/im/pictures/bce6d73f-3bf2-4442-a31e-2f3f5d3eb4da.jpg?aki_policy=large"", ""https://a0.muscache.com/im/pictures/247d56dd-95d3-4c3e-a0e5-51570ffa586c.jpg?aki_policy=large"", ""https://a0.muscache.com/im/pictures/b5cb1223-5da7-4d16-b876-f42ef401d9e3.jpg?aki_policy=large""]";"{""beds"": 2, ""bedrooms"": 1, ""bathrooms"": 1.0, ""amenity_ids"": [1, 33, 2, 4, 8, 40, 44, 45, 77, 46, 21, 85, 86, 57, 89, 90, 91, 92, 93, 30, 94, 95], ""is_rebookable"": false, ""is_new_listing"": true, ""is_fully_refundable"": true, ""is_host_highly_rated"": false, ""is_business_travel_ready"": false}";"{""weekly_factor"": 1.0, ""monthly_factor"": 1.0}";3984;"";"{""is_superhost"": false}"
23348731;Lovely Saint Honoré;entire_home;Paris;Louvre - Tuileries;48.8668209089;2.32732129266;4;"[""https://a0.muscache.com/im/pictures/b690c384-0a60-4c24-9476-4843ef9ddb0a.jpg?aki_policy=large"", ""https://a0.muscache.com/im/pictures/2e925f50-db59-4585-baa0-55a86209db09.jpg?aki_policy=large"", ""https://a0.muscache.com/im/pictures/f0cba1b5-62e4-400a-b7d0-ac0b656cd823.jpg?aki_policy=large"", ""https://a0.muscache.com/im/pictures/cb6ab720-0526-448b-a217-8fd06ab2b7ff.jpg?aki_policy=large"", ""https://a0.muscache.com/im/pictures/edc1a4cf-49c0-4b1b-a944-f97c2407e67b.jpg?aki_policy=large"", ""https://a0.muscache.com/im/pictures/ddef5371-6a48-4d0f-985f-a749a3b63a77.jpg?aki_policy=large"", ""https://a0.muscache.com/im/pictures/b0163166-8e24-473e-a1a9-8f8ad658f9e1.jpg?aki_policy=large"", ""https://a0.muscache.com/im/pictures/f456125b-8c15-4d44-b38d-a9a1b7dd3854.jpg?aki_policy=large"", ""https://a0.muscache.com/im/pictures/b7e0cb23-7035-4e40-8c95-bda416abb501.jpg?aki_policy=large"", ""https://a0.muscache.com/im/pictures/f345dd9f-4c9b-4189-bf3c-af59b0fe8048.jpg?aki_policy=large"", ""https://a0.muscache.com/im/pictures/cd28ada8-3127-49d8-a679-582715d7285a.jpg?aki_policy=large"", ""https://a0.muscache.com/im/pictures/2a167aac-a722-4381-875b-a417cf04d575.jpg?aki_policy=large"", ""https://a0.muscache.com/im/pictures/b6397044-79eb-4874-8054-02ac72fd2af9.jpg?aki_policy=large"", ""https://a0.muscache.com/im/pictures/2d55d565-a8cb-4239-a63f-c44ec91bc95f.jpg?aki_policy=large"", ""https://a0.muscache.com/im/pictures/95302d81-e369-4e92-be03-796fcdfcbae1.jpg?aki_policy=large"", ""https://a0.muscache.com/im/pictures/f55173d8-69e3-409f-88ac-73ef2c2979fc.jpg?aki_policy=large"", ""https://a0.muscache.com/im/pictures/f7fca5cd-4d8d-4a1f-a24e-fec71306cec8.jpg?aki_policy=large"", ""https://a0.muscache.com/im/pictures/18d4e0aa-30f5-4c0b-ade6-9584c4871e85.jpg?aki_policy=large"", ""https://a0.muscache.com/im/pictures/80eb5364-7d28-4217-8629-d4b97d96f3e2.jpg?aki_policy=large"", ""https://a0.muscache.com/im/pictures/ecd303c4-6903-4e26-b20f-e32a1a56fa72.jpg?aki_policy=large"", ""https://a0.muscache.com/im/pictures/959f0f3d-f1a2-4cd7-80e1-59ecc9cd7b05.jpg?aki_policy=large"", ""https://a0.muscache.com/im/pictures/622cfc60-3742-4473-bd6b-682cb9c1fc74.jpg?aki_policy=large"", ""https://a0.muscache.com/im/pictures/55ff6e01-9ed1-4e6b-a7d7-fad6a42963d2.jpg?aki_policy=large"", ""https://a0.muscache.com/im/pictures/d3cc4fb1-9b62-41ce-9290-51698c7875c2.jpg?aki_policy=large"", ""https://a0.muscache.com/im/pictures/31faea98-662d-49a7-9148-49b6c1d2907a.jpg?aki_policy=large""]";"{""beds"": 2, ""bedrooms"": 1, ""bathrooms"": 1.0, ""amenity_ids"": [1, 3, 4, 8, 10, 77, 89, 90, 91, 92, 93, 30, 94, 31, 95, 96, 33, 34, 40, 41, 44, 45, 46, 47, 51, 54], ""is_rebookable"": false, ""is_new_listing"": false, ""is_fully_refundable"": true, ""is_host_highly_rated"": true, ""is_business_travel_ready"": false}";"{""weekly_factor"": 1.0, ""monthly_factor"": 1.0}";1636;"";"{""is_superhost"": true}"
23363047;Un village dans Paris;entire_home;Paris;Buttes-Chaumont - Belleville;48.8821734356;2.39607949324;10;"[""https://a0.muscache.com/im/pictures/d14374e5-6bee-4204-b357-fb00a31624e7.jpg?aki_policy=large"", ""https://a0.muscache.com/im/pictures/131d1c4a-76c8-493e-bfcd-b5e820fc77fc.jpg?aki_policy=large"", ""https://a0.muscache.com/im/pictures/b6057f26-2a21-4625-bf26-4653c3191d28.jpg?aki_policy=large"", ""https://a0.muscache.com/im/pictures/c585cf1f-17c4-4a4d-b346-f458822ea0dc.jpg?aki_policy=large"", ""https://a0.muscache.com/im/pictures/72700a7f-7acc-436e-87a2-0bf0fadf7f8f.jpg?aki_policy=large"", ""https://a0.muscache.com/im/pictures/e64bdb0b-1c2b-4355-9034-9a980e7b7097.jpg?aki_policy=large"", ""https://a0.muscache.com/im/pictures/758ec156-e09b-4623-a7c1-4cf131944c7f.jpg?aki_policy=large"", ""https://a0.muscache.com/im/pictures/43e00712-1a2e-4f68-9160-de6338c637cb.jpg?aki_policy=large"", ""https://a0.muscache.com/im/pictures/0c622114-4784-45a7-90a0-d3f14959fddf.jpg?aki_policy=large"", ""https://a0.muscache.com/im/pictures/dfa0d0ff-8213-4ea1-9f6a-505e71704d62.jpg?aki_policy=large"", ""https://a0.muscache.com/im/pictures/31f96d4d-aca1-430d-95f6-0a471462b536.jpg?aki_policy=large"", ""https://a0.muscache.com/im/pictures/365a25d2-96c0-4e59-9ce7-3fceba9bb491.jpg?aki_policy=large"", ""https://a0.muscache.com/im/pictures/0893b6ac-45f8-4322-8a9e-b763671a69d0.jpg?aki_policy=large"", ""https://a0.muscache.com/im/pictures/f6156be9-e4a3-4365-8722-41d3597027a7.jpg?aki_policy=large"", ""https://a0.muscache.com/im/pictures/0fa1e03c-786c-4eee-84b6-e2ae9fe86a91.jpg?aki_policy=large"", ""https://a0.muscache.com/im/pictures/13966e3f-3ac4-46bb-ae20-0af27f422358.jpg?aki_policy=large"", ""https://a0.muscache.com/im/pictures/ac0b3a4e-6e15-4828-a14d-8a01df759920.jpg?aki_policy=large"", ""https://a0.muscache.com/im/pictures/f111ddc5-a28e-45c6-8712-a6dc5c8f26a4.jpg?aki_policy=large"", ""https://a0.muscache.com/im/pictures/9ec9c392-b36a-421b-9177-10bf2716eecd.jpg?aki_policy=large"", ""https://a0.muscache.com/im/pictures/ca0e2797-126b-4a60-ba2b-a8b0c2e3f9f9.jpg?aki_policy=large"", ""https://a0.muscache.com/im/pictures/cb23bfc6-2eef-4ad6-b172-f1cfe9ae26ad.jpg?aki_policy=large"", ""https://a0.muscache.com/im/pictures/05e10b3a-ff51-42ab-8a6b-f5cc8f4e8bbb.jpg?aki_policy=large"", ""https://a0.muscache.com/im/pictures/241c3280-7109-4365-9631-54b30cb66026.jpg?aki_policy=large"", ""https://a0.muscache.com/im/pictures/7187a96a-fd16-472a-927f-d888dd02d931.jpg?aki_policy=large"", ""https://a0.muscache.com/im/pictures/5fcd9780-bd99-4d9f-aef9-d1fd89d6d1a7.jpg?aki_policy=large"", ""https://a0.muscache.com/im/pictures/73032598-9b94-4560-ba87-090cbfea444c.jpg?aki_policy=large"", ""https://a0.muscache.com/im/pictures/1bdf30cf-c025-4af9-ac93-6f9a4ebb23d3.jpg?aki_policy=large"", ""https://a0.muscache.com/im/pictures/f274917e-b084-459d-bb83-88c46f4c709b.jpg?aki_policy=large"", ""https://a0.muscache.com/im/pictures/8fec46d0-b544-4a0e-a97d-bdba977b1e46.jpg?aki_policy=large"", ""https://a0.muscache.com/im/pictures/62532b22-ad30-498c-8139-304f0a1b0cb0.jpg?aki_policy=large""]";"{""beds"": 9, ""bedrooms"": 4, ""bathrooms"": 2.5, ""amenity_ids"": [1, 33, 129, 34, 35, 4, 37, 39, 8, 40, 104, 41, 10, 12, 44, 45, 77, 46, 47, 57, 30, 31], ""is_rebookable"": false, ""is_new_listing"": false, ""is_fully_refundable"": true, ""is_host_highly_rated"": true, ""is_business_travel_ready"": false}";"{""weekly_factor"": 1.0, ""monthly_factor"": 1.0}";3773;"";"{""is_superhost"": false}"
23385994;Bel appartement 1 chambre Saint-Placide;entire_home;Paris;Saint Germain des Prés - Odéon;48.8473919495;2.32619175948;2;"[""https://a0.muscache.com/im/pictures/77d88183-c349-4f65-8745-28c00684d706.jpg?aki_policy=large"", ""https://a0.muscache.com/im/pictures/a5d1e7d5-3f74-479c-820b-591faf5c9dd9.jpg?aki_policy=large"", ""https://a0.muscache.com/im/pictures/71356354-1ffc-4bab-a15d-e7828f76e5c4.jpg?aki_policy=large"", ""https://a0.muscache.com/im/pictures/d146e97e-434d-49b9-a361-027ac7302963.jpg?aki_policy=large"", ""https://a0.muscache.com/im/pictures/1f87abb2-5a5c-4b57-ae8c-cd24dcc8c210.jpg?aki_policy=large"", ""https://a0.muscache.com/im/pictures/a79facb7-fe58-45a4-ad0e-5234479fed7d.jpg?aki_policy=large"", ""https://a0.muscache.com/im/pictures/9a654b2f-6e4e-4031-a86c-a9afa3d1eb02.jpg?aki_policy=large"", ""https://a0.muscache.com/im/pictures/195f28e9-d9fa-41a6-88a1-5bf0da0d8ea7.jpg?aki_policy=large"", ""https://a0.muscache.com/im/pictures/ab3d882d-aba3-4668-b021-f27f89c69e92.jpg?aki_policy=large"", ""https://a0.muscache.com/im/pictures/121d8427-c634-4c42-a62c-4078ab1d10ec.jpg?aki_policy=large"", ""https://a0.muscache.com/im/pictures/3b2bef7a-2a7f-411f-b3e8-5fe0cb463e0f.jpg?aki_policy=large"", ""https://a0.muscache.com/im/pictures/d4a415f2-816e-4f08-8874-f10a2ec17a0e.jpg?aki_policy=large"", ""https://a0.muscache.com/im/pictures/a5ad13bf-b17a-4f65-b4f0-df1106211777.jpg?aki_policy=large"", ""https://a0.muscache.com/im/pictures/7a220f37-14a6-4338-bc78-1f417ea8cb82.jpg?aki_policy=large"", ""https://a0.muscache.com/im/pictures/a36d1b62-20bd-4604-b7db-6b444f38c75e.jpg?aki_policy=large"", ""https://a0.muscache.com/im/pictures/dc96fd20-d7e0-4b28-b9d4-e92306d5bbe8.jpg?aki_policy=large"", ""https://a0.muscache.com/im/pictures/c9f89c08-2790-4315-9e50-7790661338ea.jpg?aki_policy=large"", ""https://a0.muscache.com/im/pictures/b5fec9a0-53bc-442c-b462-dcc5b475cde4.jpg?aki_policy=large"", ""https://a0.muscache.com/im/pictures/81021706-da46-4480-b60c-56add9eb0948.jpg?aki_policy=large"", ""https://a0.muscache.com/im/pictures/be911a3e-e9f6-4618-bd0d-e341cfe77bac.jpg?aki_policy=large""]";"{""beds"": 1, ""bedrooms"": 1, ""bathrooms"": 1.0, ""amenity_ids"": [96, 1, 33, 34, 35, 4, 36, 8, 40, 41, 44, 45, 77, 47, 85, 89, 90, 91, 61, 93, 30, 94], ""is_rebookable"": false, ""is_new_listing"": false, ""is_fully_refundable"": true, ""is_host_highly_rated"": false, ""is_business_travel_ready"": false}";"{""weekly_factor"": 1.0, ""monthly_factor"": 1.0}";3821;"";"{""is_superhost"": false}"
23432448;Apartment near Galeries Lafayette / Opera;entire_home;Paris-9E-Arrondissement;Pigalle - Saint-Georges;48.8768527923;2.33299658316;4;"[""https://a0.muscache.com/im/pictures/2b3b5d91-cd2b-44f3-aa94-cad0a07ac396.jpg?aki_policy=large"", ""https://a0.muscache.com/im/pictures/fca8ce43-b801-4c0e-a2cd-f5eb86f90a03.jpg?aki_policy=large"", ""https://a0.muscache.com/im/pictures/daf08e24-c4c8-41f3-8c7d-92da51eda60e.jpg?aki_policy=large"", ""https://a0.muscache.com/im/pictures/ddc1edda-e1eb-47fa-a00c-0f3273859479.jpg?aki_policy=large"", ""https://a0.muscache.com/im/pictures/3fd4aff2-81d3-4c8f-9f82-8262c96039f9.jpg?aki_policy=large"", ""https://a0.muscache.com/im/pictures/ffbcca39-f97c-4dce-88a4-7d761e93ce60.jpg?aki_policy=large"", ""https://a0.muscache.com/im/pictures/9ad65e7b-1bf6-4fc1-883a-8b4bf7ee9e2c.jpg?aki_policy=large"", ""https://a0.muscache.com/im/pictures/e8f33a3d-7bd1-4e2a-b099-0660fb581eae.jpg?aki_policy=large"", ""https://a0.muscache.com/im/pictures/6f9ebc96-8cd6-4325-aa01-7feed3d6aa1e.jpg?aki_policy=large"", ""https://a0.muscache.com/im/pictures/1b6038eb-1f86-4a8f-90a4-c85fa5a9c58a.jpg?aki_policy=large"", ""https://a0.muscache.com/im/pictures/e8ec89e4-b146-4a27-9c5b-69632120e5f5.jpg?aki_policy=large"", ""https://a0.muscache.com/im/pictures/b3d35d4d-5c46-44a8-ac2b-ae7853973a34.jpg?aki_policy=large"", ""https://a0.muscache.com/im/pictures/67bdd964-0766-40c8-b674-dbf265fe548c.jpg?aki_policy=large""]";"{""beds"": 2, ""bedrooms"": 1, ""bathrooms"": 1.0, ""amenity_ids"": [1, 129, 3, 4, 5, 8, 10, 77, 85, 89, 90, 91, 93, 30, 94, 31, 33, 34, 35, 103, 40, 104, 41, 44, 45, 46, 47, 57], ""is_rebookable"": false, ""is_new_listing"": false, ""is_fully_refundable"": true, ""is_host_highly_rated"": true, ""is_business_travel_ready"": false}";"{""weekly_factor"": 1.0, ""monthly_factor"": 1.0}";4555;"";"{""is_superhost"": false}"
23426978;Studio cosy près de la Sorbonne;entire_home;Paris;Saint Germain des Prés - Odéon;48.8509549836;2.33125434442;2;"[""https://a0.muscache.com/im/pictures/17a53ab1-1082-4874-a83d-9b7dffbcf1b9.jpg?aki_policy=large"", ""https://a0.muscache.com/im/pictures/7e68d7e7-a19f-4338-a393-1a137da59c23.jpg?aki_policy=large"", ""https://a0.muscache.com/im/pictures/e7b01f23-2820-442a-b158-c656d3fd0dde.jpg?aki_policy=large"", ""https://a0.muscache.com/im/pictures/4e67acf3-aff8-43fd-8457-3727caacce4e.jpg?aki_policy=large""]";"{""beds"": 1, ""bedrooms"": 0, ""bathrooms"": 1.0, ""amenity_ids"": [35, 4, 5, 40, 11, 30, 46], ""is_rebookable"": false, ""is_new_listing"": false, ""is_fully_refundable"": true, ""is_host_highly_rated"": false, ""is_business_travel_ready"": false}";"{""weekly_factor"": 1.0, ""monthly_factor"": 1.0}";6135;"";"{""is_superhost"": false}"
23460961;Central and  well equipped Flat , safe area.;entire_home;Paris;Opéra - Grands Boulevards;48.87257117;2.32830053574;2;"[""https://a0.muscache.com/im/pictures/9938cf2d-74d4-4759-8168-853677644330.jpg?aki_policy=large"", ""https://a0.muscache.com/im/pictures/dcaeae01-f6ca-4ee0-96ab-89955e9ad9d8.jpg?aki_policy=large"", ""https://a0.muscache.com/im/pictures/061f32c1-da9d-4d52-92bf-28a180d8bbcd.jpg?aki_policy=large"", ""https://a0.muscache.com/im/pictures/3cad3e5d-792d-4fd8-a111-e170ea3b93c7.jpg?aki_policy=large"", ""https://a0.muscache.com/im/pictures/37522588-9deb-4080-be92-bd699b1eeaea.jpg?aki_policy=large"", ""https://a0.muscache.com/im/pictures/b1040260-575c-4482-b956-d2708f5fdc0d.jpg?aki_policy=large"", ""https://a0.muscache.com/im/pictures/76ed11b0-8f29-4acf-9369-05032625b8fd.jpg?aki_policy=large"", ""https://a0.muscache.com/im/pictures/4bc311bc-f126-4d52-b5ee-1359c1a25d3f.jpg?aki_policy=large"", ""https://a0.muscache.com/im/pictures/ea676838-1312-4531-844a-a4e982ac27b0.jpg?aki_policy=large"", ""https://a0.muscache.com/im/pictures/a78e67ee-609a-4710-a29f-968714dec656.jpg?aki_policy=large"", ""https://a0.muscache.com/im/pictures/d434ddec-08ae-4975-9248-35231b54389b.jpg?aki_policy=large""]";"{""beds"": 1, ""bedrooms"": 1, ""bathrooms"": 1.0, ""amenity_ids"": [34, 35, 131, 4, 5, 8, 40, 104, 41, 44, 45, 77, 47, 30], ""is_rebookable"": false, ""is_new_listing"": false, ""is_fully_refundable"": true, ""is_host_highly_rated"": false, ""is_business_travel_ready"": false}";"{""weekly_factor"": 1.0, ""monthly_factor"": 1.0}";5895;"";"{""is_superhost"": false}"
23513591;Maillot studio near Congress center;entire_home;Paris;Ternes;48.8772734076;2.2859250449;2;"[""https://a0.muscache.com/im/pictures/7598aa11-bece-4efb-814a-307139ed4096.jpg?aki_policy=large"", ""https://a0.muscache.com/im/pictures/195fd475-f26f-452f-9845-3772f2715f31.jpg?aki_policy=large"", ""https://a0.muscache.com/im/pictures/cea033a0-8939-478a-a794-01c77835e2a8.jpg?aki_policy=large"", ""https://a0.muscache.com/im/pictures/4b50ba87-4e98-4b32-9c48-b45d27047cd6.jpg?aki_policy=large"", ""https://a0.muscache.com/im/pictures/b85e8b53-7c8b-4431-a7d9-abeacec87d0f.jpg?aki_policy=large"", ""https://a0.muscache.com/im/pictures/50c797e2-0e3e-4bce-9d9c-9f13bdd9d047.jpg?aki_policy=large"", ""https://a0.muscache.com/im/pictures/2012f286-d967-41b5-a7af-9464cc399a9d.jpg?aki_policy=large""]";"{""beds"": 1, ""bedrooms"": 1, ""bathrooms"": 1.0, ""amenity_ids"": [33, 2, 34, 35, 4, 21, 8, 45, 30, 46, 31], ""is_rebookable"": false, ""is_new_listing"": false, ""is_fully_refundable"": true, ""is_host_highly_rated"": true, ""is_business_travel_ready"": false}";"{""weekly_factor"": 1.0, ""monthly_factor"": 1.0}";595;"";"{""is_superhost"": false}"
23517478;Hotel 4* Chambre Deluxe avec jacuzzi et petit déjeuner offert;private_room;Paris;Pigalle - Saint-Georges;48.8817118286;2.33592470822;2;"[""https://a0.muscache.com/im/pictures/30617e8d-610c-47de-a8b2-fb203261dbc0.jpg?aki_policy=large"", ""https://a0.muscache.com/im/pictures/c9d56c40-7a4d-4015-a6e5-505979fe26e2.jpg?aki_policy=large"", ""https://a0.muscache.com/im/pictures/47c467f2-2e3c-4fea-ad94-1f25f6363f39.jpg?aki_policy=large"", ""https://a0.muscache.com/im/pictures/b050e656-018b-4ec1-b682-cde1dd4f76fd.jpg?aki_policy=large"", ""https://a0.muscache.com/im/pictures/47e87087-e6d3-4418-b46d-9d6870770656.jpg?aki_policy=large"", ""https://a0.muscache.com/im/pictures/59e4ad9f-8a51-446d-ae44-4a26bc91dc60.jpg?aki_policy=large"", ""https://a0.muscache.com/im/pictures/3bec3ae8-278e-4455-8af2-88e31887bf9b.jpg?aki_policy=large"", ""https://a0.muscache.com/im/pictures/343be510-ec2c-4771-a006-51b56482bdd9.jpg?aki_policy=large"", ""https://a0.muscache.com/im/pictures/919b9770-c7fd-408e-acc7-d07fccaf9c26.jpg?aki_policy=large"", ""https://a0.muscache.com/im/pictures/4c94a11f-d9e4-4cc7-89bb-86df118a0baf.jpg?aki_policy=large"", ""https://a0.muscache.com/im/pictures/47a73e47-7714-4f8b-b09e-1340dfb0b4bf.jpg?aki_policy=large"", ""https://a0.muscache.com/im/pictures/beac2d68-5002-43d0-9147-5505877ffab0.jpg?aki_policy=large"", ""https://a0.muscache.com/im/pictures/5b9ed6e3-ebd9-4e56-b51c-21b70eb7debb.jpg?aki_policy=large"", ""https://a0.muscache.com/im/pictures/bb13c78c-b764-4141-a45b-7b226fe1699d.jpg?aki_policy=large"", ""https://a0.muscache.com/im/pictures/6efe2dff-0237-46ee-b069-2fe3b1858ff3.jpg?aki_policy=large"", ""https://a0.muscache.com/im/pictures/7f3e03c9-6139-478b-98cd-ab6e311ce65e.jpg?aki_policy=large"", ""https://a0.muscache.com/im/pictures/cad48141-9004-40d9-a937-5cc2210dcf14.jpg?aki_policy=large""]";"{""beds"": 1, ""bedrooms"": 1, ""bathrooms"": 1.0, ""amenity_ids"": [1, 3, 35, 4, 36, 5, 37, 40, 41, 73, 43, 44, 45, 47, 16, 21, 25, 27, 30, 31], ""is_rebookable"": false, ""is_new_listing"": false, ""is_fully_refundable"": true, ""is_host_highly_rated"": true, ""is_business_travel_ready"": false}";"{""weekly_factor"": 1.0, ""monthly_factor"": 1.0}";32;"";"{""is_superhost"": false}"
23532683;HAVEN OF OASIS -LUXURY ST GERMAIN 100SQM;private_room;Paris;Invalides - Ecole Militaire;48.8524512256;2.32223515542;6;"[""https://a0.muscache.com/im/pictures/3f53a76f-727b-4fef-9de6-76b1cf90aaa7.jpg?aki_policy=large"", ""https://a0.muscache.com/im/pictures/c0f65cca-46cc-4b60-8ab4-24c55ecacc1d.jpg?aki_policy=large"", ""https://a0.muscache.com/im/pictures/bc0acbbc-786a-43ba-87e1-6cc32fe48742.jpg?aki_policy=large"", ""https://a0.muscache.com/im/pictures/1140daa4-952d-45bf-aeb4-81c646028c9a.jpg?aki_policy=large"", ""https://a0.muscache.com/im/pictures/65fd994b-1396-4e65-9c2b-a3253e00b227.jpg?aki_policy=large"", ""https://a0.muscache.com/im/pictures/66af209d-7a51-4c09-b1ff-822d5faa597c.jpg?aki_policy=large"", ""https://a0.muscache.com/im/pictures/8d462e44-363a-4b1d-af96-ddae113fec8a.jpg?aki_policy=large"", ""https://a0.muscache.com/im/pictures/62d5036d-4c26-45c7-a430-744faf0c9707.jpg?aki_policy=large"", ""https://a0.muscache.com/im/pictures/00ce76af-92e7-4359-a9f4-566bd58f8db9.jpg?aki_policy=large"", ""https://a0.muscache.com/im/pictures/fe1dcc85-6bf0-4396-84ef-89789bcf12c7.jpg?aki_policy=large"", ""https://a0.muscache.com/im/pictures/75105b11-2b61-4f2d-800a-10068ac917a6.jpg?aki_policy=large"", ""https://a0.muscache.com/im/pictures/fa144c48-4937-45b1-b468-9ad8804e4fb9.jpg?aki_policy=large"", ""https://a0.muscache.com/im/pictures/f02d3ad6-b2fc-46d8-887d-f8f13f354a3e.jpg?aki_policy=large"", ""https://a0.muscache.com/im/pictures/b0e308ad-a4e8-46ba-aea5-ac8982c3ee83.jpg?aki_policy=large"", ""https://a0.muscache.com/im/pictures/2862f36d-78ea-42d8-9707-f420452ed3d5.jpg?aki_policy=large"", ""https://a0.muscache.com/im/pictures/18b7f86d-fa73-4ac0-95e9-c553c7c073cc.jpg?aki_policy=large"", ""https://a0.muscache.com/im/pictures/f9734a44-0373-4227-a9b3-e766cee2f43e.jpg?aki_policy=large"", ""https://a0.muscache.com/im/pictures/e02b8dcc-d471-49b9-bf93-b67196a536a9.jpg?aki_policy=large"", ""https://a0.muscache.com/im/pictures/5eb86eb6-3603-401a-b67c-0fbdd0ac510d.jpg?aki_policy=large"", ""https://a0.muscache.com/im/pictures/bfba1542-084f-44fe-a663-020f926dcfa0.jpg?aki_policy=large"", ""https://a0.muscache.com/im/pictures/2bdb7a2c-8e48-4ab3-84bd-b0f23dfa9953.jpg?aki_policy=large"", ""https://a0.muscache.com/im/pictures/82393384-3c9f-45fd-bfe0-6dec56ec8cc7.jpg?aki_policy=large"", ""https://a0.muscache.com/im/pictures/94b21cea-8805-4548-9a7d-e909d5c19508.jpg?aki_policy=large"", ""https://a0.muscache.com/im/pictures/9665d0ea-7ece-47ea-84ae-5034aee900d1.jpg?aki_policy=large"", ""https://a0.muscache.com/im/pictures/ae7cc8f1-0abe-48ee-9783-26de049de918.jpg?aki_policy=large"", ""https://a0.muscache.com/im/pictures/6485f309-1c42-4556-aae6-35319d124a97.jpg?aki_policy=large"", ""https://a0.muscache.com/im/pictures/aa3884bd-0679-42ba-83fa-957abd4487fd.jpg?aki_policy=large"", ""https://a0.muscache.com/im/pictures/2058402a-6c31-48c4-be5b-f501bf7f36aa.jpg?aki_policy=large"", ""https://a0.muscache.com/im/pictures/1c1b8a04-6b2c-47b6-981d-e9058ffefb7b.jpg?aki_policy=large"", ""https://a0.muscache.com/im/pictures/e6a05d44-0ecf-480d-ad1f-03909d40a1a0.jpg?aki_policy=large""]";"{""beds"": 5, ""bedrooms"": 3, ""bathrooms"": 2.0, ""amenity_ids"": [1, 33, 129, 34, 35, 4, 5, 39, 8, 40, 42, 44, 45, 77, 46, 47, 21, 57, 27, 30, 31], ""is_rebookable"": false, ""is_new_listing"": false, ""is_fully_refundable"": false, ""is_host_highly_rated"": false, ""is_business_travel_ready"": false}";"{""weekly_factor"": 1.0, ""monthly_factor"": 0.8}";3984;"";"{""is_superhost"": false}"
23532976;Elegant & romantic architect flat ideally located;entire_home;Paris;Saint-Lazare;48.8823235449;2.32637052619;2;"[""https://a0.muscache.com/im/pictures/5c8be6e9-03a7-4d90-8f60-e8822d35b80a.jpg?aki_policy=large"", ""https://a0.muscache.com/im/pictures/9270a67f-d9b4-41ec-a4fe-e62c313ff402.jpg?aki_policy=large"", ""https://a0.muscache.com/im/pictures/3e3e8971-fbf0-45b9-a61d-3dfa68357289.jpg?aki_policy=large"", ""https://a0.muscache.com/im/pictures/8c1e4abe-4374-4174-b9a2-0ec98c391dcb.jpg?aki_policy=large"", ""https://a0.muscache.com/im/pictures/6a205a73-38c0-49b6-b4ff-58e6e121f05b.jpg?aki_policy=large"", ""https://a0.muscache.com/im/pictures/0739e6d6-2942-4a96-89df-3ccdbbba64be.jpg?aki_policy=large"", ""https://a0.muscache.com/im/pictures/2e5253f2-352d-4631-8ea3-a8e62d8bd473.jpg?aki_policy=large"", ""https://a0.muscache.com/im/pictures/c998f650-6eb8-403d-8374-810497e22faf.jpg?aki_policy=large"", ""https://a0.muscache.com/im/pictures/a63a9981-2a5f-4e94-bbc2-eefab4b65667.jpg?aki_policy=large"", ""https://a0.muscache.com/im/pictures/8e98cc1b-7188-48ae-a089-62adfb4023bf.jpg?aki_policy=large"", ""https://a0.muscache.com/im/pictures/c9d9fc8c-8f5a-41e5-971d-c69b6a89b8b4.jpg?aki_policy=large"", ""https://a0.muscache.com/im/pictures/c64fb462-07df-48ab-b7a5-23c8373f4e7e.jpg?aki_policy=large"", ""https://a0.muscache.com/im/pictures/5ff71ac6-a62a-4e23-b747-e553099bcc2b.jpg?aki_policy=large"", ""https://a0.muscache.com/im/pictures/9ed8fbc8-c091-477d-8128-4d1549bddf4b.jpg?aki_policy=large"", ""https://a0.muscache.com/im/pictures/ef0c9149-4d66-4cf4-b0e1-fcd311aba6dd.jpg?aki_policy=large"", ""https://a0.muscache.com/im/pictures/e4afc2d5-fbd8-4708-9886-a47ffcf038ef.jpg?aki_policy=large"", ""https://a0.muscache.com/im/pictures/172eeef4-0cf2-4ca2-8d95-0612a308da4a.jpg?aki_policy=large"", ""https://a0.muscache.com/im/pictures/92dfabdf-2fc7-4b8b-8fd5-69acb81c4bb7.jpg?aki_policy=large"", ""https://a0.muscache.com/im/pictures/9e577489-0641-4c36-85c9-a0137024726d.jpg?aki_policy=large"", ""https://a0.muscache.com/im/pictures/b430c313-e965-449e-9db9-991460879d15.jpg?aki_policy=large"", ""https://a0.muscache.com/im/pictures/9be6c83f-702f-4ce6-8711-254a3554f221.jpg?aki_policy=large"", ""https://a0.muscache.com/im/pictures/db83460f-7891-4a44-be2d-f4444680eba8.jpg?aki_policy=large"", ""https://a0.muscache.com/im/pictures/5bb9ab67-b774-4e3e-b7a3-f89a61e4d109.jpg?aki_policy=large""]";"{""beds"": 1, ""bedrooms"": 1, ""bathrooms"": 1.0, ""amenity_ids"": [33, 34, 4, 8, 40, 41, 10, 45, 77, 51, 55, 57, 30, 31], ""is_rebookable"": false, ""is_new_listing"": false, ""is_fully_refundable"": true, ""is_host_highly_rated"": false, ""is_business_travel_ready"": false}";"{""weekly_factor"": 1.0, ""monthly_factor"": 1.0}";4834;"";"{""is_superhost"": true}"
23545434;Studio Marais 25m°2 Paris 3;entire_home;Paris;Le Marais;48.8621656234;2.35747981661;2;"[""https://a0.muscache.com/im/pictures/ca250edf-3514-423a-8365-cf600aab3c2b.jpg?aki_policy=large"", ""https://a0.muscache.com/im/pictures/89a638a9-da96-4cc0-b453-02dbef809462.jpg?aki_policy=large"", ""https://a0.muscache.com/im/pictures/2d5450ce-be59-4e8c-8733-88b7f47f2183.jpg?aki_policy=large"", ""https://a0.muscache.com/im/pictures/e2409341-54ea-434c-99e8-b73efea784ae.jpg?aki_policy=large"", ""https://a0.muscache.com/im/pictures/200a09bb-207c-4eb2-a7b2-88e42e514826.jpg?aki_policy=large"", ""https://a0.muscache.com/im/pictures/cf465184-a2a3-427d-87f0-59b07a4f50b1.jpg?aki_policy=large"", ""https://a0.muscache.com/im/pictures/83e615be-293d-4a49-8edd-c823e7b0ae3e.jpg?aki_policy=large"", ""https://a0.muscache.com/im/pictures/87fafc69-bce8-4587-b7d7-bab0c9b53787.jpg?aki_policy=large""]";"{""beds"": 2, ""bedrooms"": 0, ""bathrooms"": 1.0, ""amenity_ids"": [1, 33, 129, 2, 35, 4, 38, 8, 40, 41, 11, 45, 77, 47, 85, 89, 90, 91, 28, 93, 30, 94, 95], ""is_rebookable"": false, ""is_new_listing"": false, ""is_fully_refundable"": true, ""is_host_highly_rated"": true, ""is_business_travel_ready"": false}";"{""weekly_factor"": 1.0, ""monthly_factor"": 1.0}";5342;"";"{""is_superhost"": false}"
23558211;FORMIDABLE APPARTEMENT AU CENTRE DU MARAIS A PARIS;entire_home;Paris;Le Marais;48.8648349344;2.35772752283;6;"[""https://a0.muscache.com/im/pictures/42f3d1e6-5d2a-4e88-9078-9ca20b6471ad.jpg?aki_policy=large"", ""https://a0.muscache.com/im/pictures/e6747d11-0798-400b-b6fb-0260211fa297.jpg?aki_policy=large"", ""https://a0.muscache.com/im/pictures/1f5a83b2-1557-4353-a57c-e66f8ad3a8d5.jpg?aki_policy=large"", ""https://a0.muscache.com/im/pictures/823a2ce0-bf3d-49bc-b950-1aa76c1f10bd.jpg?aki_policy=large"", ""https://a0.muscache.com/im/pictures/acc4d876-f449-47ea-9633-f12cf24d3a3c.jpg?aki_policy=large"", ""https://a0.muscache.com/im/pictures/0953fb1d-816a-4bd2-887e-c02fd0f01e34.jpg?aki_policy=large"", ""https://a0.muscache.com/im/pictures/6f91de17-05a0-48e2-8698-91af5c5fd797.jpg?aki_policy=large"", ""https://a0.muscache.com/im/pictures/610e5147-8dcc-4c8f-be70-ff10c8b7407c.jpg?aki_policy=large"", ""https://a0.muscache.com/im/pictures/f075675a-4ac5-4af2-82ea-5fb28239de93.jpg?aki_policy=large"", ""https://a0.muscache.com/im/pictures/f6752943-1d82-48a5-b190-4f4cf3161e16.jpg?aki_policy=large""]";"{""beds"": 3, ""bedrooms"": 2, ""bathrooms"": 1.0, ""amenity_ids"": [1, 129, 2, 4, 8, 72, 10, 77, 85, 86, 88, 89, 90, 91, 93, 30, 94, 31, 95, 96, 33, 34, 35, 40, 104, 41, 44, 45, 46, 47, 57, 63], ""is_rebookable"": false, ""is_new_listing"": false, ""is_fully_refundable"": true, ""is_host_highly_rated"": false, ""is_business_travel_ready"": false}";"{""weekly_factor"": 1.0, ""monthly_factor"": 1.0}";432;"";"{""is_superhost"": false}"
23559630;**** cosy studio 30 meters from Champs Elysees****;entire_home;Paris;"";48.872147;2.301245;2;"[""https://a0.muscache.com/im/pictures/1365a77c-f0de-4143-bc7b-d53fe14ab404.jpg?aki_policy=large"", ""https://a0.muscache.com/im/pictures/f77699a3-0b0e-48bc-a507-ed8daeed35e7.jpg?aki_policy=large"", ""https://a0.muscache.com/im/pictures/746f5110-7b93-4032-b59f-b7af523bc3f8.jpg?aki_policy=large"", ""https://a0.muscache.com/im/pictures/f434202d-524d-4902-afa3-57e6d844fcf7.jpg?aki_policy=large"", ""https://a0.muscache.com/im/pictures/d80f0fb8-0312-418d-9e86-34997809ece8.jpg?aki_policy=large"", ""https://a0.muscache.com/im/pictures/a6e007f7-a23b-4375-83e4-2b8a35536da3.jpg?aki_policy=large"", ""https://a0.muscache.com/im/pictures/33631e66-a50d-44a3-ba1b-6689e64d2472.jpg?aki_policy=large"", ""https://a0.muscache.com/im/pictures/8c431f59-7179-4810-a665-44a2a1a57250.jpg?aki_policy=large"", ""https://a0.muscache.com/im/pictures/84ac8f92-68ad-4d7c-8067-7737e94debf8.jpg?aki_policy=large"", ""https://a0.muscache.com/im/pictures/699e1df2-49a0-4752-acb5-ef886947b1b1.jpg?aki_policy=large"", ""https://a0.muscache.com/im/pictures/f7ab99a3-3b26-430e-a27d-7a2c82fb2876.jpg?aki_policy=large"", ""https://a0.muscache.com/im/pictures/b616444c-aa8f-4b01-b379-f28371cfe406.jpg?aki_policy=large"", ""https://a0.muscache.com/im/pictures/3277dd34-a1c5-45b2-9f9a-6fdae83733f5.jpg?aki_policy=large"", ""https://a0.muscache.com/im/pictures/d825864d-96c2-4246-80d0-c162ff292269.jpg?aki_policy=large"", ""https://a0.muscache.com/im/pictures/2deb74fb-ddcb-4283-8715-2ad74edc6828.jpg?aki_policy=large"", ""https://a0.muscache.com/im/pictures/d97f9279-3b91-440d-86a3-fb91b7a3ae1a.jpg?aki_policy=large"", ""https://a0.muscache.com/im/pictures/ec8ab88b-15d8-4469-b3d9-f865eaab0a7e.jpg?aki_policy=large"", ""https://a0.muscache.com/im/pictures/088f9a4b-bbf0-41d2-8631-aa866e0df4c0.jpg?aki_policy=large"", ""https://a0.muscache.com/im/pictures/2d3430c9-5015-46da-b12b-9eacf6e3fdcc.jpg?aki_policy=large"", ""https://a0.muscache.com/im/pictures/6e0ea892-fcee-476a-b84f-0fdd90316472.jpg?aki_policy=large"", ""https://a0.muscache.com/im/pictures/1feb78c9-5f3a-4ee0-9173-473999a2aa1e.jpg?aki_policy=large"", ""https://a0.muscache.com/im/pictures/125d4ac3-c45a-4d4d-8788-c742f5c67689.jpg?aki_policy=large"", ""https://a0.muscache.com/im/pictures/a319fa2d-fd52-4cab-8a8b-4e1cfe38c54f.jpg?aki_policy=large"", ""https://a0.muscache.com/im/pictures/75f8e645-bd88-461d-bda8-ea1d002c2ffb.jpg?aki_policy=large"", ""https://a0.muscache.com/im/pictures/cca70b22-341d-4c00-8454-109593a7a83d.jpg?aki_policy=large"", ""https://a0.muscache.com/im/pictures/341a628d-d525-4ea8-a7ea-a59ce94ce321.jpg?aki_policy=large"", ""https://a0.muscache.com/im/pictures/da9af4be-ad94-4283-8fbf-6822efeb334b.jpg?aki_policy=large"", ""https://a0.muscache.com/im/pictures/8dba1992-130a-49a9-a1c9-d22dd4e047d1.jpg?aki_policy=large"", ""https://a0.muscache.com/im/pictures/f283d970-d6e9-4c61-bc56-f9a5b9fd8a06.jpg?aki_policy=large"", ""https://a0.muscache.com/im/pictures/15b8eeac-0fde-4e12-b868-ebd69b224e82.jpg?aki_policy=large""]";"{""beds"": 1, ""bedrooms"": 0, ""bathrooms"": 1.0, ""amenity_ids"": [33, 34, 35, 4, 8, 40, 41, 10, 44, 45, 77, 46, 47, 51, 54], ""is_rebookable"": false, ""is_new_listing"": false, ""is_fully_refundable"": true, ""is_host_highly_rated"": false, ""is_business_travel_ready"": false}";"{""weekly_factor"": 1.0, ""monthly_factor"": 1.0}";2163;"";"{""is_superhost"": false}"
23566040;Hotel 4* Suite deluxe avec jacuzzi et petit déjeuner offert;private_room;Paris;Pigalle - Saint-Georges;48.881415892;2.33591153748;2;"[""https://a0.muscache.com/im/pictures/3d17f2df-507f-4c8c-bf5a-158b636163af.jpg?aki_policy=large"", ""https://a0.muscache.com/im/pictures/2337c7dd-932b-463f-b8f9-e1dc5ea4c116.jpg?aki_policy=large"", ""https://a0.muscache.com/im/pictures/bcba6cd1-69aa-4509-80de-2fe41f621125.jpg?aki_policy=large"", ""https://a0.muscache.com/im/pictures/36e5350c-0b2f-47fe-8935-857569586324.jpg?aki_policy=large"", ""https://a0.muscache.com/im/pictures/684a6340-a14c-41a7-b5c3-616a7c9ad0cb.jpg?aki_policy=large"", ""https://a0.muscache.com/im/pictures/0c6d143f-0f0b-490f-934e-e1dcfb8b7464.jpg?aki_policy=large"", ""https://a0.muscache.com/im/pictures/0a335b76-1399-4421-af7e-7ce99940f716.jpg?aki_policy=large"", ""https://a0.muscache.com/im/pictures/f6539c4f-6010-468c-820f-f5c12459fa41.jpg?aki_policy=large"", ""https://a0.muscache.com/im/pictures/28567088-bdde-48e1-9a6f-b28b2366be0b.jpg?aki_policy=large"", ""https://a0.muscache.com/im/pictures/f83fe615-5848-43e5-939a-50b7f8490982.jpg?aki_policy=large"", ""https://a0.muscache.com/im/pictures/38207d3c-3555-49be-ba34-cc03cf95080b.jpg?aki_policy=large"", ""https://a0.muscache.com/im/pictures/585402be-e4b4-4ff0-8780-6837114a7f59.jpg?aki_policy=large""]";"{""beds"": 1, ""bedrooms"": 1, ""bathrooms"": 1.0, ""amenity_ids"": [1, 35, 4, 36, 5, 37, 40, 41, 73, 43, 44, 45, 47, 16, 21, 25, 27, 30, 31], ""is_rebookable"": false, ""is_new_listing"": false, ""is_fully_refundable"": true, ""is_host_highly_rated"": true, ""is_business_travel_ready"": false}";"{""weekly_factor"": 1.0, ""monthly_factor"": 1.0}";32;"";"{""is_superhost"": false}"
23582053;Great Parisian Apartment;entire_home;Paris;République;48.8704360559;2.36387103788;4;"[""https://a0.muscache.com/im/pictures/9d940184-78f6-4894-904a-9a7350b2c62c.jpg?aki_policy=large"", ""https://a0.muscache.com/im/pictures/76ae6648-b2d3-4958-bf8b-869b481f56c6.jpg?aki_policy=large"", ""https://a0.muscache.com/im/pictures/8b5ed491-2643-496d-9282-d8a0827b09d8.jpg?aki_policy=large"", ""https://a0.muscache.com/im/pictures/6be8549a-f83c-46af-802b-d76fb9e915ec.jpg?aki_policy=large"", ""https://a0.muscache.com/im/pictures/2cb7fd04-f798-4c05-83b3-5172828e95d8.jpg?aki_policy=large"", ""https://a0.muscache.com/im/pictures/c80d3f0b-a760-4c42-87bc-f3675dbf7e7f.jpg?aki_policy=large"", ""https://a0.muscache.com/im/pictures/9df9fc32-85af-4ce5-afc2-f2b80fc8cc3e.jpg?aki_policy=large"", ""https://a0.muscache.com/im/pictures/f905bc88-2a31-492e-8581-92f07c125165.jpg?aki_policy=large"", ""https://a0.muscache.com/im/pictures/71bc8f9a-5dee-4653-a85c-f7a4809f0acf.jpg?aki_policy=large"", ""https://a0.muscache.com/im/pictures/5858b120-5cf4-46bc-a357-6c13f228a3e2.jpg?aki_policy=large"", ""https://a0.muscache.com/im/pictures/4817a4b3-6944-4e01-ab02-d9b65be2e044.jpg?aki_policy=large"", ""https://a0.muscache.com/im/pictures/5495fd9e-c01d-4c26-8890-ff89a9e0e95d.jpg?aki_policy=large"", ""https://a0.muscache.com/im/pictures/d9e3baac-fcdb-4b8c-88ce-99dc40828878.jpg?aki_policy=large"", ""https://a0.muscache.com/im/pictures/836c1f9f-cf7b-4108-b39a-576659ff8be4.jpg?aki_policy=large"", ""https://a0.muscache.com/im/pictures/828386a9-f12f-4b60-a392-5395c0c0a40b.jpg?aki_policy=large"", ""https://a0.muscache.com/im/pictures/404b8b12-b78b-4a59-97e3-6e084123ccaf.jpg?aki_policy=large"", ""https://a0.muscache.com/im/pictures/00355d1e-5bbe-4317-a5f0-6530b26572c2.jpg?aki_policy=large"", ""https://a0.muscache.com/im/pictures/d491f6c3-40b8-4d8f-9987-39a581f08c6f.jpg?aki_policy=large"", ""https://a0.muscache.com/im/pictures/d302eb24-9d31-45f0-860f-5367978d8b2c.jpg?aki_policy=large"", ""https://a0.muscache.com/im/pictures/99ae1375-0005-413b-a73b-066fa6700017.jpg?aki_policy=large""]";"{""beds"": 2, ""bedrooms"": 2, ""bathrooms"": 1.5, ""amenity_ids"": [1, 33, 129, 3, 35, 4, 8, 40, 44, 45, 77, 46, 47, 30, 31], ""is_rebookable"": false, ""is_new_listing"": false, ""is_fully_refundable"": true, ""is_host_highly_rated"": true, ""is_business_travel_ready"": false}";"{""weekly_factor"": 1.0, ""monthly_factor"": 1.0}";4980;"";"{""is_superhost"": false}"
23636918;Petite maison près de la Tour Eiffel;entire_home;Paris;Tour Eiffel - Champ de Mars;48.8574213005;2.30080750521;3;"[""https://a0.muscache.com/im/pictures/aea30bb1-8249-48f2-ac99-b7c3c768dd77.jpg?aki_policy=large"", ""https://a0.muscache.com/im/pictures/8ee5053b-b8a6-476b-a7aa-6162b0b962b9.jpg?aki_policy=large"", ""https://a0.muscache.com/im/pictures/760769cf-833c-40fb-8837-b02cf7e00bc9.jpg?aki_policy=large"", ""https://a0.muscache.com/im/pictures/302d7a1c-c314-4217-bf95-ca512d3bc075.jpg?aki_policy=large"", ""https://a0.muscache.com/im/pictures/6086913e-566a-4595-bfc0-85b73f4a124c.jpg?aki_policy=large"", ""https://a0.muscache.com/im/pictures/a26aa87a-cc34-4edc-98d5-8e1fb0bebb92.jpg?aki_policy=large"", ""https://a0.muscache.com/im/pictures/3dbbde19-05a4-4e30-beea-e14a52fcee97.jpg?aki_policy=large"", ""https://a0.muscache.com/im/pictures/3741bf42-4883-4ebb-a40e-75d38bfeee87.jpg?aki_policy=large"", ""https://a0.muscache.com/im/pictures/451fba6f-2951-4450-8023-e7c8127fd3c5.jpg?aki_policy=large""]";"{""beds"": 2, ""bedrooms"": 1, ""bathrooms"": 1.0, ""amenity_ids"": [1, 3, 35, 4, 8, 40, 41, 43, 44, 45, 30, 46], ""is_rebookable"": false, ""is_new_listing"": false, ""is_fully_refundable"": true, ""is_host_highly_rated"": true, ""is_business_travel_ready"": false}";"{""weekly_factor"": 0.9, ""monthly_factor"": 0.8}";3133;"";"{""is_superhost"": false}"
23642858;Cosy studio dans le Marais;entire_home;Paris;"";48.867634;2.358008;4;"[""https://a0.muscache.com/im/pictures/41d1c073-35b5-49cb-9a7e-654ae2f4d586.jpg?aki_policy=large"", ""https://a0.muscache.com/im/pictures/e5eec4aa-871d-45ea-ba60-cde82092103b.jpg?aki_policy=large"", ""https://a0.muscache.com/im/pictures/47b05cda-cda8-42f5-8494-ec2271074ab1.jpg?aki_policy=large"", ""https://a0.muscache.com/im/pictures/569c48cd-b722-4eec-9847-5c3409328996.jpg?aki_policy=large"", ""https://a0.muscache.com/im/pictures/f436e0c4-4f31-493e-bf2a-f0f4bd8bad8a.jpg?aki_policy=large"", ""https://a0.muscache.com/im/pictures/c6825ae5-5077-44ac-b505-4bdf7e596c78.jpg?aki_policy=large"", ""https://a0.muscache.com/im/pictures/5faff678-910e-48b0-a5f9-80965f45ffcc.jpg?aki_policy=large"", ""https://a0.muscache.com/im/pictures/f7e4f538-0849-4397-b988-80f2c12c9010.jpg?aki_policy=large""]";"{""beds"": 2, ""bedrooms"": 0, ""bathrooms"": 1.0, ""amenity_ids"": [1, 33, 4, 8, 40, 41, 45, 46, 89, 90, 91, 93, 30, 94, 95], ""is_rebookable"": false, ""is_new_listing"": false, ""is_fully_refundable"": true, ""is_host_highly_rated"": true, ""is_business_travel_ready"": false}";"{""weekly_factor"": 1.0, ""monthly_factor"": 1.0}";4300;"";"{""is_superhost"": false}"
23694101;Charming sunny 2 story apt in the heart of Paris;entire_home;Paris;Saint Germain des Prés - Odéon;48.8494414234;2.33476844161;6;"[""https://a0.muscache.com/im/pictures/c3496834-3d26-4ad4-8308-b5ede66d5465.jpg?aki_policy=large"", ""https://a0.muscache.com/im/pictures/5a338e0a-0a97-466d-b3ad-c33dfb8e5426.jpg?aki_policy=large"", ""https://a0.muscache.com/im/pictures/5b692ef0-0bd0-4b2f-9da5-32eec31251a6.jpg?aki_policy=large"", ""https://a0.muscache.com/im/pictures/23c41f2e-0e28-49c4-a852-c1729d0a9f8c.jpg?aki_policy=large"", ""https://a0.muscache.com/im/pictures/a412b8f6-6559-4141-8d92-45a1254aa831.jpg?aki_policy=large"", ""https://a0.muscache.com/im/pictures/38bbfdb6-7225-4e7e-8f20-47245c385865.jpg?aki_policy=large"", ""https://a0.muscache.com/im/pictures/4f9da947-38b4-46a7-b16f-0b38cfb597f8.jpg?aki_policy=large"", ""https://a0.muscache.com/im/pictures/73117957-703f-4f35-bb93-78031d2bc25f.jpg?aki_policy=large"", ""https://a0.muscache.com/im/pictures/7294c9cb-7557-47d4-bd4a-7f78a7ae4958.jpg?aki_policy=large"", ""https://a0.muscache.com/im/pictures/1de61366-aea4-4ed0-85a4-7575011f48d1.jpg?aki_policy=large"", ""https://a0.muscache.com/im/pictures/d42504c2-1b26-4595-a406-469371983fd6.jpg?aki_policy=large"", ""https://a0.muscache.com/im/pictures/6306a897-da41-4ede-868a-a46d95db8929.jpg?aki_policy=large"", ""https://a0.muscache.com/im/pictures/d319197f-31e7-4e7e-bf3e-330e76dea7c4.jpg?aki_policy=large"", ""https://a0.muscache.com/im/pictures/c6c78e38-606b-4b31-824c-d1178fa9f014.jpg?aki_policy=large"", ""https://a0.muscache.com/im/pictures/d7091f5b-1718-428a-98b2-d419a8f184c8.jpg?aki_policy=large"", ""https://a0.muscache.com/im/pictures/4b5cc6ca-689e-4a37-9292-b6fc3fde4bdb.jpg?aki_policy=large"", ""https://a0.muscache.com/im/pictures/28dca911-0f2f-4d25-be41-5cc586ec18e5.jpg?aki_policy=large"", ""https://a0.muscache.com/im/pictures/c517299f-7fa4-4966-9135-73aa6421330d.jpg?aki_policy=large"", ""https://a0.muscache.com/im/pictures/7b97ef27-fa11-47be-8768-0a5233519d83.jpg?aki_policy=large"", ""https://a0.muscache.com/im/pictures/433741aa-916b-49f1-af06-0e80b3e80fc5.jpg?aki_policy=large"", ""https://a0.muscache.com/im/pictures/35b2bb8e-d787-4597-8c07-8ecdeb3ad796.jpg?aki_policy=large"", ""https://a0.muscache.com/im/pictures/216d2685-b6ee-486e-a824-9398b1e5fa5d.jpg?aki_policy=large"", ""https://a0.muscache.com/im/pictures/b5527a96-9be2-442d-a9c8-6cb152dc17c9.jpg?aki_policy=large"", ""https://a0.muscache.com/im/pictures/233141fb-51e9-4ed7-b24d-782eedb74e91.jpg?aki_policy=large"", ""https://a0.muscache.com/im/pictures/3755cd43-024c-4704-bd7a-99cbbcfdca94.jpg?aki_policy=large"", ""https://a0.muscache.com/im/pictures/b1ac84bb-aac3-49db-9bff-a834da970d51.jpg?aki_policy=large"", ""https://a0.muscache.com/im/pictures/5ef4f323-0f8d-4313-acf4-9ae17ea4a69c.jpg?aki_policy=large"", ""https://a0.muscache.com/im/pictures/1abf2fef-636b-4193-914c-20004ee1a4c3.jpg?aki_policy=large"", ""https://a0.muscache.com/im/pictures/17a5fedc-d5cc-4a48-98d3-f8f109b421ca.jpg?aki_policy=large"", ""https://a0.muscache.com/im/pictures/e6a63d14-cf79-4530-8564-dd1cb231a1b1.jpg?aki_policy=large""]";"{""beds"": 4, ""bedrooms"": 3, ""bathrooms"": 2.0, ""amenity_ids"": [1, 2, 4, 8, 10, 77, 21, 85, 86, 89, 90, 27, 91, 92, 93, 30, 94, 95, 96, 33, 34, 35, 37, 39, 40, 41, 44, 45, 46, 47, 51, 54], ""is_rebookable"": false, ""is_new_listing"": false, ""is_fully_refundable"": true, ""is_host_highly_rated"": true, ""is_business_travel_ready"": false}";"{""weekly_factor"": 1.0, ""monthly_factor"": 1.0}";1371;"";"{""is_superhost"": false}"
23700276;Charmant 2 Pièces à 200m des champs Elysées;entire_home;Paris;"";48.877695776;2.29125890013;2;"[""https://a0.muscache.com/im/pictures/8cd5e788-96c7-44fb-9ac6-419d0bd59bbc.jpg?aki_policy=large"", ""https://a0.muscache.com/im/pictures/e235d9ac-afac-47ed-9e0c-7cf8885d72f4.jpg?aki_policy=large"", ""https://a0.muscache.com/im/pictures/b8e7355a-0fea-4199-b682-8f52ec5c0ff4.jpg?aki_policy=large"", ""https://a0.muscache.com/im/pictures/78966bc7-dfa6-4345-8ac0-9fdd656623a9.jpg?aki_policy=large"", ""https://a0.muscache.com/im/pictures/8a741a86-2c66-41df-b78d-fc654abfc001.jpg?aki_policy=large""]";"{""beds"": 1, ""bedrooms"": 1, ""bathrooms"": 1.0, ""amenity_ids"": [1, 33, 129, 2, 34, 35, 4, 100, 8, 40, 73, 107, 44, 77, 46, 21, 89, 91, 92, 61, 93, 30, 94, 95], ""is_rebookable"": false, ""is_new_listing"": false, ""is_fully_refundable"": true, ""is_host_highly_rated"": false, ""is_business_travel_ready"": false}";"{""weekly_factor"": 1.0, ""monthly_factor"": 1.0}";6312;"";"{""is_superhost"": false}"
23766064;Suite Cece, Designer Apt in PARIS near Sacre Cœur;entire_home;Paris;"";48.880638;2.351806;10;"[""https://a0.muscache.com/im/pictures/74354601-ee0f-451e-af53-9cd6f6e3023a.jpg?aki_policy=large"", ""https://a0.muscache.com/im/pictures/a5910de3-21e7-4649-880c-4eb609bf32fe.jpg?aki_policy=large"", ""https://a0.muscache.com/im/pictures/5ddcb8aa-a77c-4d36-8fa9-dfe16da33da0.jpg?aki_policy=large"", ""https://a0.muscache.com/im/pictures/ac1c5a97-2580-4f98-8c63-4646115897d2.jpg?aki_policy=large"", ""https://a0.muscache.com/im/pictures/cf9680a8-4743-443a-95a2-7ea57ee55021.jpg?aki_policy=large"", ""https://a0.muscache.com/im/pictures/78e25fbb-5358-4e29-9a42-d1a90e073713.jpg?aki_policy=large"", ""https://a0.muscache.com/im/pictures/acdc26d3-7629-4311-83ee-b2167879338c.jpg?aki_policy=large"", ""https://a0.muscache.com/im/pictures/0927c64c-e1db-4cbf-aced-24cf68c9be83.jpg?aki_policy=large"", ""https://a0.muscache.com/im/pictures/e451bf05-cbac-4b42-bf3a-f8b14967e64d.jpg?aki_policy=large"", ""https://a0.muscache.com/im/pictures/e1998bc2-11a9-478a-9455-3109b825f4a6.jpg?aki_policy=large"", ""https://a0.muscache.com/im/pictures/351ab68c-605e-4a4b-b755-6b986cd1eb46.jpg?aki_policy=large"", ""https://a0.muscache.com/im/pictures/4140cdc3-6021-4d10-a36e-40a173ede1d1.jpg?aki_policy=large"", ""https://a0.muscache.com/im/pictures/7d48c000-5026-4c72-9adb-124e390ca654.jpg?aki_policy=large"", ""https://a0.muscache.com/im/pictures/31914a2b-e571-4987-9f46-d007e2089319.jpg?aki_policy=large"", ""https://a0.muscache.com/im/pictures/5cb4d0a2-08c7-4646-8ad4-5487059d3e8f.jpg?aki_policy=large"", ""https://a0.muscache.com/im/pictures/5b195461-f917-4ba2-a031-6e77b51674ac.jpg?aki_policy=large"", ""https://a0.muscache.com/im/pictures/df93cec1-b8f0-492a-a701-9f0466bbe019.jpg?aki_policy=large"", ""https://a0.muscache.com/im/pictures/44953710-e5d8-4440-9b59-74d4e9839ada.jpg?aki_policy=large"", ""https://a0.muscache.com/im/pictures/ec77543d-3765-4e7f-a6a4-98e0277b4627.jpg?aki_policy=large"", ""https://a0.muscache.com/im/pictures/91d35f98-4c0f-4f88-b077-6edcb21b387d.jpg?aki_policy=large"", ""https://a0.muscache.com/im/pictures/1183f128-f067-4780-aa15-a82c9e441c5a.jpg?aki_policy=large"", ""https://a0.muscache.com/im/pictures/aa7607a7-dae4-4e90-91ec-7dd154525157.jpg?aki_policy=large"", ""https://a0.muscache.com/im/pictures/c9125f03-cf3a-48b9-839c-fc85ec9ee1c9.jpg?aki_policy=large"", ""https://a0.muscache.com/im/pictures/ae71c98f-5e82-4601-9954-33ae29727066.jpg?aki_policy=large"", ""https://a0.muscache.com/im/pictures/562f575c-46d7-4b40-adb1-051a44129dbb.jpg?aki_policy=large"", ""https://a0.muscache.com/im/pictures/2767b31f-485e-44f9-8c12-0e927ddc5afa.jpg?aki_policy=large""]";"{""beds"": 5, ""bedrooms"": 3, ""bathrooms"": 2.0, ""amenity_ids"": [1, 2, 4, 5, 8, 72, 10, 12, 77, 21, 85, 89, 90, 91, 92, 93, 30, 94, 95, 96, 33, 34, 35, 36, 37, 39, 40, 104, 41, 44, 45, 46, 47, 56], ""is_rebookable"": false, ""is_new_listing"": false, ""is_fully_refundable"": true, ""is_host_highly_rated"": false, ""is_business_travel_ready"": false}";"{""weekly_factor"": 0.97, ""monthly_factor"": 0.95}";2436;"";"{""is_superhost"": false}"
23779073;A charming apartment on a pedestrian street;entire_home;Paris;Bastille;48.8476962927;2.37166063455;2;"[""https://a0.muscache.com/im/pictures/01cc2584-2c4c-4955-8c86-1917b395858e.jpg?aki_policy=large"", ""https://a0.muscache.com/im/pictures/23270d2f-0856-4ac8-bb57-cbc0381533bc.jpg?aki_policy=large"", ""https://a0.muscache.com/im/pictures/a8ba0d58-6fd4-4173-85d7-e9f1562030fd.jpg?aki_policy=large"", ""https://a0.muscache.com/im/pictures/b9df5888-4401-47b5-b1c0-21951613a3b4.jpg?aki_policy=large"", ""https://a0.muscache.com/im/pictures/1b8e0408-b791-4268-8280-8551ee1f619c.jpg?aki_policy=large"", ""https://a0.muscache.com/im/pictures/f6b480b2-b1d2-42f4-96c9-0ade05dbd202.jpg?aki_policy=large"", ""https://a0.muscache.com/im/pictures/f7ccbe2b-15e8-4f7c-a5b6-046ae437fab7.jpg?aki_policy=large"", ""https://a0.muscache.com/im/pictures/f927374b-3921-46c5-a70f-9b07fd47d0b5.jpg?aki_policy=large"", ""https://a0.muscache.com/im/pictures/b278167e-04f4-4e4f-b26f-b11499a71c75.jpg?aki_policy=large"", ""https://a0.muscache.com/im/pictures/d51f8c72-b6ec-425a-be58-efd98440f9ef.jpg?aki_policy=large"", ""https://a0.muscache.com/im/pictures/d0953834-5b3c-483d-9860-563b66f261cd.jpg?aki_policy=large"", ""https://a0.muscache.com/im/pictures/01466235-83e1-4027-9145-1a23efe3ac40.jpg?aki_policy=large"", ""https://a0.muscache.com/im/pictures/22b02d36-8899-4242-8de8-6e12b542d849.jpg?aki_policy=large"", ""https://a0.muscache.com/im/pictures/133c8d33-e42a-47fc-8432-c3bfe0f813f5.jpg?aki_policy=large"", ""https://a0.muscache.com/im/pictures/043df036-8c6b-4284-9f41-3bac85c4d5ec.jpg?aki_policy=large"", ""https://a0.muscache.com/im/pictures/66c7475c-e45c-44a3-9c9d-a34a882e09a7.jpg?aki_policy=large"", ""https://a0.muscache.com/im/pictures/e6c95944-79f4-4f0a-979c-e15ed938acdf.jpg?aki_policy=large""]";"{""beds"": 1, ""bedrooms"": 1, ""bathrooms"": 1.0, ""amenity_ids"": [1, 33, 129, 34, 35, 4, 103, 8, 40, 10, 44, 45, 77, 46, 47, 57, 89, 90, 91, 92, 93, 30, 94], ""is_rebookable"": false, ""is_new_listing"": false, ""is_fully_refundable"": true, ""is_host_highly_rated"": true, ""is_business_travel_ready"": false}";"{""weekly_factor"": 1.0, ""monthly_factor"": 1.0}";5546;"";"{""is_superhost"": true}"
23799139;Luxury apartment facing the louvre museum;entire_home;Paris;Palais Royal;48.8627428521;2.33693132662;4;"[""https://a0.muscache.com/im/pictures/1193dd9e-4721-458b-a894-e3b271eb28ab.jpg?aki_policy=large"", ""https://a0.muscache.com/im/pictures/3228176e-54dc-4863-bc20-13c3e6a686a6.jpg?aki_policy=large"", ""https://a0.muscache.com/im/pictures/694ed40d-8a1d-40d3-9595-9ea4920fc701.jpg?aki_policy=large"", ""https://a0.muscache.com/im/pictures/cdd0e921-409c-4335-99da-f0aa4121e011.jpg?aki_policy=large"", ""https://a0.muscache.com/im/pictures/a348c4b9-5849-49fa-8768-728bca29c13c.jpg?aki_policy=large"", ""https://a0.muscache.com/im/pictures/6c59c775-226a-4d6a-8203-d6145722bcc6.jpg?aki_policy=large"", ""https://a0.muscache.com/im/pictures/60dcc230-ad3b-4041-9d15-c6491851b5bf.jpg?aki_policy=large"", ""https://a0.muscache.com/im/pictures/ef9f6d39-8e3d-40ab-9856-621df51501ea.jpg?aki_policy=large"", ""https://a0.muscache.com/im/pictures/a8e58abe-90d5-4344-8d9e-e3112af59e27.jpg?aki_policy=large"", ""https://a0.muscache.com/im/pictures/261f74c9-767e-4c80-91e2-f9224aff4b8b.jpg?aki_policy=large"", ""https://a0.muscache.com/im/pictures/784b7a06-904c-404b-8965-515c19f9eded.jpg?aki_policy=large"", ""https://a0.muscache.com/im/pictures/ca541b78-d328-4839-bf79-dc06a4fe13f0.jpg?aki_policy=large"", ""https://a0.muscache.com/im/pictures/faaaad14-e25d-4a2b-81c0-88e269d851a7.jpg?aki_policy=large"", ""https://a0.muscache.com/im/pictures/52cf27c9-8086-4d7a-bc64-8fe872a74ae7.jpg?aki_policy=large"", ""https://a0.muscache.com/im/pictures/c6cf06fc-6b4f-4809-8ec8-4e5132d4c392.jpg?aki_policy=large"", ""https://a0.muscache.com/im/pictures/ee137588-f149-4c21-a69f-cb1ebebc6c89.jpg?aki_policy=large"", ""https://a0.muscache.com/im/pictures/f9fd6dce-ce7c-46ed-ae24-0f6e0ce2727a.jpg?aki_policy=large"", ""https://a0.muscache.com/im/pictures/f4fdc65d-d131-4c69-bbaa-4e787db08290.jpg?aki_policy=large"", ""https://a0.muscache.com/im/pictures/6cd91f7e-8f55-4d58-bb89-a2fc6757fef6.jpg?aki_policy=large"", ""https://a0.muscache.com/im/pictures/a1da9d9d-c26a-43e8-b8b3-ae403230e346.jpg?aki_policy=large"", ""https://a0.muscache.com/im/pictures/c6c6dcdd-83e9-40e7-a7c3-0c62cd5c2656.jpg?aki_policy=large"", ""https://a0.muscache.com/im/pictures/e6af4a38-5294-441a-812e-bbc9eecbb790.jpg?aki_policy=large"", ""https://a0.muscache.com/im/pictures/2d7554d3-31d9-42a7-b13b-08faa5f2d531.jpg?aki_policy=large"", ""https://a0.muscache.com/im/pictures/e2ffab8f-ff0d-41f1-a4e2-e06baa50ba33.jpg?aki_policy=large""]";"{""beds"": 2, ""bedrooms"": 2, ""bathrooms"": 2.0, ""amenity_ids"": [1, 35, 4, 36, 8, 40, 41, 44, 45, 46, 21, 30, 31], ""is_rebookable"": false, ""is_new_listing"": false, ""is_fully_refundable"": true, ""is_host_highly_rated"": true, ""is_business_travel_ready"": false}";"{""weekly_factor"": 1.0, ""monthly_factor"": 1.0}";6825;"";"{""is_superhost"": false}"
23838301;Loft dans le Marais;entire_home;Paris;Le Marais;48.861247819;2.35704412291;4;"[""https://a0.muscache.com/im/pictures/20dc5f07-3eaa-436f-9be1-4f57514ac367.jpg?aki_policy=large"", ""https://a0.muscache.com/im/pictures/941c83c3-6a12-460c-8a7c-fb9a18eeb724.jpg?aki_policy=large"", ""https://a0.muscache.com/im/pictures/b8cc8209-6d71-4a53-9e69-a5b6e94ec888.jpg?aki_policy=large"", ""https://a0.muscache.com/im/pictures/f36a005d-24a4-4db9-b4ed-5cec507d396f.jpg?aki_policy=large"", ""https://a0.muscache.com/im/pictures/935be84a-77fe-4b67-b29d-ef19a775df4b.jpg?aki_policy=large"", ""https://a0.muscache.com/im/pictures/ee36f83a-9c0e-49c5-8d71-63ee8eb10afa.jpg?aki_policy=large"", ""https://a0.muscache.com/im/pictures/57213467-e9f2-4fad-adb8-d3d83afc046a.jpg?aki_policy=large"", ""https://a0.muscache.com/im/pictures/48974933-b8be-4e0e-867c-180255f7ac15.jpg?aki_policy=large"", ""https://a0.muscache.com/im/pictures/c6a016f6-7b6a-49bd-847a-2534a72b8000.jpg?aki_policy=large"", ""https://a0.muscache.com/im/pictures/98a757cd-c5b7-4fa2-9f8f-1df63902bb45.jpg?aki_policy=large"", ""https://a0.muscache.com/im/pictures/959554ea-1306-41c9-b670-8e83eaeaadfe.jpg?aki_policy=large"", ""https://a0.muscache.com/im/pictures/b360838b-07f8-4646-9fde-30dcb3d7f9d9.jpg?aki_policy=large"", ""https://a0.muscache.com/im/pictures/88c43055-f198-4231-8eb7-7e6a52ae60b0.jpg?aki_policy=large"", ""https://a0.muscache.com/im/pictures/087c4bc3-69bd-4781-ba96-45b9050100eb.jpg?aki_policy=large"", ""https://a0.muscache.com/im/pictures/b2113171-2023-417d-810f-4d9501254976.jpg?aki_policy=large""]";"{""beds"": 2, ""bedrooms"": 0, ""bathrooms"": 1.0, ""amenity_ids"": [16, 33, 51, 4, 54, 8, 40, 44, 45, 30, 46, 47], ""is_rebookable"": false, ""is_new_listing"": false, ""is_fully_refundable"": true, ""is_host_highly_rated"": true, ""is_business_travel_ready"": false}";"{""weekly_factor"": 1.0, ""monthly_factor"": 0.96}";402;"";"{""is_superhost"": false}"
23849402;charming one double bed flat 5' from Eiffel Tower;entire_home;Paris;Tour Eiffel - Champ de Mars;48.8514186733;2.29397789005;2;"[""https://a0.muscache.com/im/pictures/21395127-6fe2-470a-970c-e01a362a8704.jpg?aki_policy=large"", ""https://a0.muscache.com/im/pictures/5a6be91e-cb86-446c-926a-43e96ca11fb1.jpg?aki_policy=large"", ""https://a0.muscache.com/im/pictures/a0620053-39be-4b67-a9fd-ac963e8ad230.jpg?aki_policy=large"", ""https://a0.muscache.com/im/pictures/bc00f455-0199-469f-8581-e3dc9a915def.jpg?aki_policy=large"", ""https://a0.muscache.com/im/pictures/70f46878-5652-422e-aef9-7cafaadc3046.jpg?aki_policy=large"", ""https://a0.muscache.com/im/pictures/e8c64b8f-8685-494d-9801-3cb4b5928273.jpg?aki_policy=large"", ""https://a0.muscache.com/im/pictures/db174f44-1ae6-4f40-8c75-f20e84375211.jpg?aki_policy=large"", ""https://a0.muscache.com/im/pictures/0be44093-44d8-4924-beeb-901a064896f5.jpg?aki_policy=large"", ""https://a0.muscache.com/im/pictures/402651bc-9fae-4a7c-860f-46d1b7983e55.jpg?aki_policy=large"", ""https://a0.muscache.com/im/pictures/e571138a-8098-4bef-ab7f-ad3e290fb7b6.jpg?aki_policy=large""]";"{""beds"": 1, ""bedrooms"": 1, ""bathrooms"": 1.0, ""amenity_ids"": [1, 33, 129, 35, 4, 8, 40, 41, 10, 44, 77, 16, 21, 30], ""is_rebookable"": false, ""is_new_listing"": false, ""is_fully_refundable"": true, ""is_host_highly_rated"": false, ""is_business_travel_ready"": false}";"{""weekly_factor"": 0.95, ""monthly_factor"": 0.8}";7745;"";"{""is_superhost"": false}"
23873283;2 pièces type Loft très cosy au coeur du Marais !;entire_home;Paris;3e arrondissement;48.8638095288;2.36303011162;3;"[""https://a0.muscache.com/im/pictures/8e14cb9d-dfcc-4bcf-b7e6-7959bfc42b18.jpg?aki_policy=large"", ""https://a0.muscache.com/im/pictures/b9cfaff0-7fc5-467b-a246-25e42e42e365.jpg?aki_policy=large"", ""https://a0.muscache.com/im/pictures/3a45260e-a9f6-4930-bccf-b09e25da61e0.jpg?aki_policy=large"", ""https://a0.muscache.com/im/pictures/f1bc9431-93a0-4f81-90f5-7279b8e408a5.jpg?aki_policy=large"", ""https://a0.muscache.com/im/pictures/76df43a1-040f-463d-81f9-426e14630dfe.jpg?aki_policy=large"", ""https://a0.muscache.com/im/pictures/cf9ed301-5c68-4002-8edc-c4c4523f8dc9.jpg?aki_policy=large""]";"{""beds"": 2, ""bedrooms"": 1, ""bathrooms"": 1.0, ""amenity_ids"": [96, 1, 33, 34, 38, 8, 40, 11, 75, 44, 45, 77, 46, 85, 86, 87, 89, 90, 91, 61, 93, 30, 94, 95], ""is_rebookable"": false, ""is_new_listing"": false, ""is_fully_refundable"": true, ""is_host_highly_rated"": false, ""is_business_travel_ready"": false}";"{""weekly_factor"": 0.95, ""monthly_factor"": 0.9}";6;"";"{""is_superhost"": false}"
23880093;Trendy & Cosy Flat in Le Marais !!!;entire_home;Paris;3e arrondissement;48.8648637483;2.3632697767;4;"[""https://a0.muscache.com/im/pictures/5c2929df-6b21-4e29-b580-87ec11a7da54.jpg?aki_policy=large"", ""https://a0.muscache.com/im/pictures/98338ba1-ee47-4746-9ca8-11a99d153f9b.jpg?aki_policy=large"", ""https://a0.muscache.com/im/pictures/34c30064-bc6a-4195-9a4d-cfc51bd6453b.jpg?aki_policy=large"", ""https://a0.muscache.com/im/pictures/ac885d44-1ac0-4f76-8ddf-a3b3b277850b.jpg?aki_policy=large"", ""https://a0.muscache.com/im/pictures/a5e5387c-cdac-4ef1-b2b1-04ba1000b67b.jpg?aki_policy=large"", ""https://a0.muscache.com/im/pictures/fd859008-9202-43dd-85c2-26f023e51d7d.jpg?aki_policy=large"", ""https://a0.muscache.com/im/pictures/3203e183-2b86-4bac-9ccd-6f68550c26e0.jpg?aki_policy=large"", ""https://a0.muscache.com/im/pictures/73d6a63f-d3e9-4c6f-9495-efd90617e1f3.jpg?aki_policy=large"", ""https://a0.muscache.com/im/pictures/86440fdf-8b8f-4a7c-adb4-670c6fa97ada.jpg?aki_policy=large"", ""https://a0.muscache.com/im/pictures/b8dbd91b-af85-4342-941b-0e358be63fde.jpg?aki_policy=large"", ""https://a0.muscache.com/im/pictures/c67705aa-790f-403d-859e-a9865e6c475a.jpg?aki_policy=large"", ""https://a0.muscache.com/im/pictures/6cfb58dc-34dd-4dd2-af7f-df3bb37728f1.jpg?aki_policy=large"", ""https://a0.muscache.com/im/pictures/f0b9aaad-b2f1-40da-8fe8-da836c430026.jpg?aki_policy=large"", ""https://a0.muscache.com/im/pictures/e22ad63e-dc72-4d30-b2ef-fe40737c984c.jpg?aki_policy=large"", ""https://a0.muscache.com/im/pictures/8585dee7-f300-4383-b0dd-9a8ec2350a29.jpg?aki_policy=large"", ""https://a0.muscache.com/im/pictures/6c13e1d9-3dd9-4d4f-8b1d-75ba9316076e.jpg?aki_policy=large"", ""https://a0.muscache.com/im/pictures/3074952a-f208-4162-9eab-43e83892f3b4.jpg?aki_policy=large"", ""https://a0.muscache.com/im/pictures/96aa0829-8093-4ffc-972e-3f374e2b6bd8.jpg?aki_policy=large"", ""https://a0.muscache.com/im/pictures/c72b93b6-a929-4970-9d6d-90ceeecb83d0.jpg?aki_policy=large""]";"{""beds"": 2, ""bedrooms"": 1, ""bathrooms"": 1.0, ""amenity_ids"": [1, 35, 4, 36, 8, 40, 72, 104, 41, 10, 44, 45, 77, 46, 47, 51, 21, 54, 30, 31], ""is_rebookable"": false, ""is_new_listing"": false, ""is_fully_refundable"": true, ""is_host_highly_rated"": true, ""is_business_travel_ready"": false}";"{""weekly_factor"": 1.0, ""monthly_factor"": 1.0}";4902;"";"{""is_superhost"": false}"
23886501;Premium Apartment 4 Guests 403;entire_home;Paris-17E-Arrondissement;Ternes;48.878448;2.284603;4;"[""https://a0.muscache.com/im/pictures/05ec7242-24f9-4908-aebd-a073b4712c3d.jpg?aki_policy=large"", ""https://a0.muscache.com/im/pictures/b0a11459-9a0b-49c2-9bda-072e013edf55.jpg?aki_policy=large"", ""https://a0.muscache.com/im/pictures/f87b2d58-9497-42e9-b5a5-487e1794d6e1.jpg?aki_policy=large"", ""https://a0.muscache.com/im/pictures/6139d5ac-080f-4f8a-bc5f-ded2bb1762a1.jpg?aki_policy=large"", ""https://a0.muscache.com/im/pictures/b57a54aa-4c27-4cdc-a9c2-b121d879f5ef.jpg?aki_policy=large"", ""https://a0.muscache.com/im/pictures/df11eec7-e5ff-4d18-8574-f6a53513f50b.jpg?aki_policy=large"", ""https://a0.muscache.com/im/pictures/5297dc95-9efd-4c13-9e86-644750fc3d80.jpg?aki_policy=large"", ""https://a0.muscache.com/im/pictures/6d7cd8a4-9a49-4552-b5e0-ce47f0aa94b8.jpg?aki_policy=large"", ""https://a0.muscache.com/im/pictures/48d84c46-f35a-4cc6-a9f6-fbc1ddcf45c2.jpg?aki_policy=large"", ""https://a0.muscache.com/im/pictures/6277c818-2ee2-4d0c-8d62-ee349f8ecf6c.jpg?aki_policy=large"", ""https://a0.muscache.com/im/pictures/7b96466b-8836-4e8d-9401-f301f9211f82.jpg?aki_policy=large"", ""https://a0.muscache.com/im/pictures/00bb6767-0500-430b-8ddd-716e03c20c60.jpg?aki_policy=large"", ""https://a0.muscache.com/im/pictures/2feb2c18-cec8-4651-99a7-68f863d33d55.jpg?aki_policy=large"", ""https://a0.muscache.com/im/pictures/8380736e-7de5-4904-b4df-5c9b19c3a26e.jpg?aki_policy=large"", ""https://a0.muscache.com/im/pictures/9567fcce-bbbc-482d-958a-a7cfc1b23387.jpg?aki_policy=large"", ""https://a0.muscache.com/im/pictures/38363b05-1cf7-4721-bc16-93a311efbc71.jpg?aki_policy=large"", ""https://a0.muscache.com/im/pictures/9ac853f9-c6ea-4dac-a97c-b3f861327706.jpg?aki_policy=large""]";"{""beds"": 2, ""bedrooms"": 1, ""bathrooms"": 1.0, ""amenity_ids"": [1, 3, 4, 5, 8, 10, 77, 21, 85, 89, 90, 91, 92, 93, 30, 94, 31, 96, 33, 34, 35, 39, 40, 41, 44, 45, 46, 110, 47, 51, 53], ""is_rebookable"": false, ""is_new_listing"": false, ""is_fully_refundable"": true, ""is_host_highly_rated"": true, ""is_business_travel_ready"": false}";"{""weekly_factor"": 1.0, ""monthly_factor"": 1.0}";377;"";"{""is_superhost"": true}"
23897818;5min à pied TourEiffel - 5 min on foot EiffelTower;entire_home;Paris;Tour Eiffel - Champ de Mars;48.8585371323;2.30160010796;2;"[""https://a0.muscache.com/im/pictures/b8ae00c8-3e8f-4f75-964d-63d6231b8ee8.jpg?aki_policy=large"", ""https://a0.muscache.com/im/pictures/69269998-39c9-4fab-959c-b351d3afde2b.jpg?aki_policy=large"", ""https://a0.muscache.com/im/pictures/3b8a157e-9dea-443b-9afa-229c9a910e09.jpg?aki_policy=large""]";"{""beds"": 1, ""bedrooms"": 1, ""bathrooms"": 0.5, ""amenity_ids"": [129, 8, 40, 41, 10, 11, 12, 44, 77, 30, 46, 47], ""is_rebookable"": false, ""is_new_listing"": false, ""is_fully_refundable"": true, ""is_host_highly_rated"": false, ""is_business_travel_ready"": false}";"{""weekly_factor"": 1.0, ""monthly_factor"": 1.0}";6875;"";"{""is_superhost"": false}"
23942134;Luxury apartment Eiffel tower Area;entire_home;Paris;Passy;48.8614323926;2.2729751334;6;"[""https://a0.muscache.com/im/pictures/79d4a5eb-6ee8-4207-9233-2ed039245280.jpg?aki_policy=large"", ""https://a0.muscache.com/im/pictures/02e9c6d9-8f87-436b-b7d0-87f2e705b9ae.jpg?aki_policy=large"", ""https://a0.muscache.com/im/pictures/84c07760-471f-4fc6-ad16-126cb0d73612.jpg?aki_policy=large"", ""https://a0.muscache.com/im/pictures/1241fd68-eeda-441a-ae8e-65ec14cf4b43.jpg?aki_policy=large"", ""https://a0.muscache.com/im/pictures/16c3631f-c449-43cd-aaf9-1a3f1cf1c68a.jpg?aki_policy=large"", ""https://a0.muscache.com/im/pictures/9431a14d-d00f-48c7-bba9-812a503d6296.jpg?aki_policy=large"", ""https://a0.muscache.com/im/pictures/07b9e1e4-6b29-4392-957d-d1c34b565e88.jpg?aki_policy=large"", ""https://a0.muscache.com/im/pictures/097f8659-f299-46aa-9991-203d89fb6c66.jpg?aki_policy=large"", ""https://a0.muscache.com/im/pictures/acd64eb9-206d-4571-9ff7-cdc1a8550e8e.jpg?aki_policy=large"", ""https://a0.muscache.com/im/pictures/d23ed0af-930c-4d15-8710-01bb21a3eb87.jpg?aki_policy=large"", ""https://a0.muscache.com/im/pictures/2bda5659-4139-4564-80f8-37543121ae89.jpg?aki_policy=large"", ""https://a0.muscache.com/im/pictures/b05c58e4-5d5b-45a5-9eb9-2024808b5ae5.jpg?aki_policy=large"", ""https://a0.muscache.com/im/pictures/0d6e6065-66cc-4ae4-9b5e-29e6558fa71f.jpg?aki_policy=large"", ""https://a0.muscache.com/im/pictures/24e38f21-e4e7-4114-821d-5231a2c0c495.jpg?aki_policy=large"", ""https://a0.muscache.com/im/pictures/eb8bd17b-6a8e-4727-9b44-b04ae0cca83a.jpg?aki_policy=large"", ""https://a0.muscache.com/im/pictures/4c0bbb22-9830-4780-a255-92b3b8e31fb5.jpg?aki_policy=large"", ""https://a0.muscache.com/im/pictures/f4fa13fa-0b4f-4d7a-88df-f155cbf2e301.jpg?aki_policy=large"", ""https://a0.muscache.com/im/pictures/796c0f6c-efe0-480a-86e1-5a7d1a9ae3bd.jpg?aki_policy=large"", ""https://a0.muscache.com/im/pictures/5f921738-c688-4e69-a702-43dee164f922.jpg?aki_policy=large"", ""https://a0.muscache.com/im/pictures/94e185b9-7b8f-4251-93a6-b8e0ce1f22a4.jpg?aki_policy=large"", ""https://a0.muscache.com/im/pictures/9b535f66-9a96-451c-bd04-b30f66df7b84.jpg?aki_policy=large"", ""https://a0.muscache.com/im/pictures/b948755d-8a7a-4d51-b887-96cdf18b9c49.jpg?aki_policy=large"", ""https://a0.muscache.com/im/pictures/5e532e60-784b-4eaa-9227-75a0c0ef275d.jpg?aki_policy=large"", ""https://a0.muscache.com/im/pictures/9d65c1a9-87ff-4891-99df-d5adab2b6251.jpg?aki_policy=large"", ""https://a0.muscache.com/im/pictures/4065017c-1742-4d23-af49-020ff15a2bd3.jpg?aki_policy=large"", ""https://a0.muscache.com/im/pictures/fa81f597-b01e-4c8f-b41b-3a7e74027ea8.jpg?aki_policy=large""]";"{""beds"": 3, ""bedrooms"": 3, ""bathrooms"": 3.0, ""amenity_ids"": [1, 3, 4, 5, 8, 77, 85, 87, 88, 89, 90, 91, 92, 93, 30, 94, 31, 95, 96, 33, 34, 35, 40, 41, 43, 44, 45, 46, 47], ""is_rebookable"": false, ""is_new_listing"": false, ""is_fully_refundable"": true, ""is_host_highly_rated"": true, ""is_business_travel_ready"": false}";"{""weekly_factor"": 0.7, ""monthly_factor"": 0.5}";6825;"";"{""is_superhost"": false}"
24110117;Quiet and charming flat in LE MARAIS !;entire_home;Paris;Le Marais;48.8650254696;2.35676708887;2;"[""https://a0.muscache.com/im/pictures/2d383b1a-4c7b-4bdc-931d-c18f6ecba0e3.jpg?aki_policy=large"", ""https://a0.muscache.com/im/pictures/f2877bd1-bac0-4678-b299-dc291a362cd7.jpg?aki_policy=large"", ""https://a0.muscache.com/im/pictures/0921d3f0-bdce-421f-b926-6303ffc96ccb.jpg?aki_policy=large"", ""https://a0.muscache.com/im/pictures/4d48d0e2-c7d9-4595-aa93-ccd157b0851e.jpg?aki_policy=large"", ""https://a0.muscache.com/im/pictures/d4d42f85-4d07-40fb-bc78-c2fcc418f3bc.jpg?aki_policy=large"", ""https://a0.muscache.com/im/pictures/9269999f-d17c-42ca-96c9-a026daaa28e0.jpg?aki_policy=large"", ""https://a0.muscache.com/im/pictures/77019f0e-2935-4d71-aaba-8c6f0c3568ec.jpg?aki_policy=large"", ""https://a0.muscache.com/im/pictures/ce5684a9-2ace-48a6-8653-cf391897abb1.jpg?aki_policy=large""]";"{""beds"": 1, ""bedrooms"": 1, ""bathrooms"": 1.0, ""amenity_ids"": [1, 33, 4, 8, 40, 41, 10, 107, 44, 45, 77, 47, 85, 56, 91, 93, 30, 94, 95], ""is_rebookable"": false, ""is_new_listing"": false, ""is_fully_refundable"": true, ""is_host_highly_rated"": true, ""is_business_travel_ready"": false}";"{""weekly_factor"": 1.0, ""monthly_factor"": 1.0}";1827;"";"{""is_superhost"": false}"
24113796;Appartement en plein cœur de Paris;entire_home;Paris;Buttes-Chaumont - Belleville;48.872700803;2.37746346373;9;"[""https://a0.muscache.com/im/pictures/5e361fff-804a-4e2a-baf2-a4b4494e9aed.jpg?aki_policy=large"", ""https://a0.muscache.com/im/pictures/658e6b98-b996-4d02-bc29-61e8df26a927.jpg?aki_policy=large"", ""https://a0.muscache.com/im/pictures/7b744144-ccd3-4b1d-bb9f-34c7b19980b3.jpg?aki_policy=large"", ""https://a0.muscache.com/im/pictures/bbe553c9-f557-4e2c-814e-6db33d9eb2f5.jpg?aki_policy=large"", ""https://a0.muscache.com/im/pictures/25676e89-df6a-4752-9ca1-71cd9192757a.jpg?aki_policy=large"", ""https://a0.muscache.com/im/pictures/9f493d6d-44c5-47ad-b8fc-6975eb94ef4c.jpg?aki_policy=large"", ""https://a0.muscache.com/im/pictures/ffcdf001-93bd-4c50-92b2-9b2f48a9be53.jpg?aki_policy=large"", ""https://a0.muscache.com/im/pictures/d8ef5f24-6972-427a-ae8c-7b0103679467.jpg?aki_policy=large"", ""https://a0.muscache.com/im/pictures/4673990a-d1b2-476a-9aae-8de10f8d19c9.jpg?aki_policy=large"", ""https://a0.muscache.com/im/pictures/613006ba-6f83-44f9-af09-6b56880f9c77.jpg?aki_policy=large"", ""https://a0.muscache.com/im/pictures/c56c783c-12f7-4952-8040-473be7815ced.jpg?aki_policy=large"", ""https://a0.muscache.com/im/pictures/282a000b-22a7-45de-8f27-23192391e29b.jpg?aki_policy=large"", ""https://a0.muscache.com/im/pictures/68038bb0-5d74-497a-a92a-41c817a8ea3a.jpg?aki_policy=large"", ""https://a0.muscache.com/im/pictures/48f3ba4d-9e33-410f-9a07-c65d9ee5c85a.jpg?aki_policy=large"", ""https://a0.muscache.com/im/pictures/4dd46cc6-a6a4-4bed-84b4-b5f90d4eb9eb.jpg?aki_policy=large"", ""https://a0.muscache.com/im/pictures/723a714a-24b2-4b0c-a5cc-5da54c9f3833.jpg?aki_policy=large"", ""https://a0.muscache.com/im/pictures/c736e105-e47e-4c8f-a76d-e5693bea1b55.jpg?aki_policy=large""]";"{""beds"": 7, ""bedrooms"": 4, ""bathrooms"": 2.0, ""amenity_ids"": [1, 129, 4, 8, 9, 73, 77, 21, 85, 89, 90, 91, 93, 30, 94, 96, 33, 103, 295, 40, 104, 41, 42, 44, 45, 110, 47, 113, 115, 120, 61, 127], ""is_rebookable"": false, ""is_new_listing"": false, ""is_fully_refundable"": true, ""is_host_highly_rated"": false, ""is_business_travel_ready"": false}";"{""weekly_factor"": 0.85, ""monthly_factor"": 0.75}";3360;"";"{""is_superhost"": true}"
24168591;Two BD Duplex Louvre Tuileries Rivoli;entire_home;Paris;Louvre - Tuileries;48.8658203129;2.32918607947;6;"[""https://a0.muscache.com/im/pictures/0b0fdf28-dfc4-4c9f-977c-6ad96d7ee46c.jpg?aki_policy=large"", ""https://a0.muscache.com/im/pictures/23f94dcb-38b0-4775-b985-99a69d3542dd.jpg?aki_policy=large"", ""https://a0.muscache.com/im/pictures/ee997df8-efab-480e-88f2-1f3d96bab356.jpg?aki_policy=large"", ""https://a0.muscache.com/im/pictures/ee5219c0-61e7-4f49-b445-a668e585333c.jpg?aki_policy=large"", ""https://a0.muscache.com/im/pictures/6a0be245-05c4-4699-9b2c-e4cba539f014.jpg?aki_policy=large"", ""https://a0.muscache.com/im/pictures/2b3093b6-c5ef-47eb-aee5-f5ff83e96f28.jpg?aki_policy=large"", ""https://a0.muscache.com/im/pictures/c5a3dd59-79b6-4a73-9215-368c8cd11775.jpg?aki_policy=large"", ""https://a0.muscache.com/im/pictures/f750ca6e-9d80-49e4-abef-fcf3354f998c.jpg?aki_policy=large"", ""https://a0.muscache.com/im/pictures/3bf8399d-537a-4c24-ace0-7daa2cc70052.jpg?aki_policy=large"", ""https://a0.muscache.com/im/pictures/1f5e0db7-07fc-49e3-90a3-9e30755dc62f.jpg?aki_policy=large"", ""https://a0.muscache.com/im/pictures/3b31d2a2-1870-485c-aa4c-e0ac09056f39.jpg?aki_policy=large"", ""https://a0.muscache.com/im/pictures/db6ed75c-95aa-46cd-9598-e888f38371d3.jpg?aki_policy=large"", ""https://a0.muscache.com/im/pictures/acffc435-9084-4d57-8a02-0c6a17d44d45.jpg?aki_policy=large"", ""https://a0.muscache.com/im/pictures/1137d5d1-da16-485e-9f59-2d98006837f7.jpg?aki_policy=large"", ""https://a0.muscache.com/im/pictures/f4070d95-847f-4b15-828f-c6970da2d7ab.jpg?aki_policy=large"", ""https://a0.muscache.com/im/pictures/421b4755-a8fb-4d1c-9da4-b52578c459b8.jpg?aki_policy=large"", ""https://a0.muscache.com/im/pictures/260fb071-74a6-4d8e-a06b-82af637b1b47.jpg?aki_policy=large"", ""https://a0.muscache.com/im/pictures/ed2956cc-09ba-4897-a252-0b31650a937c.jpg?aki_policy=large"", ""https://a0.muscache.com/im/pictures/41caa33f-464a-42d9-846a-64294c0ab725.jpg?aki_policy=large"", ""https://a0.muscache.com/im/pictures/f2b1f0ad-0e77-4c43-a499-87433972b68f.jpg?aki_policy=large"", ""https://a0.muscache.com/im/pictures/594ad3c8-9ce1-42a6-b62e-1fefdcf53705.jpg?aki_policy=large"", ""https://a0.muscache.com/im/pictures/f79e0ad8-04cd-49aa-9268-534454d0dfb2.jpg?aki_policy=large"", ""https://a0.muscache.com/im/pictures/2a7bd478-2691-472d-bfe2-0a4103a6cfcb.jpg?aki_policy=large"", ""https://a0.muscache.com/im/pictures/48f12a68-cd87-4b7e-812a-502e4c7af8c2.jpg?aki_policy=large"", ""https://a0.muscache.com/im/pictures/dd9151d7-6de4-41cf-83bf-064e5c2b283d.jpg?aki_policy=large"", ""https://a0.muscache.com/im/pictures/13610efa-c821-4cc6-ae94-cc8374681801.jpg?aki_policy=large"", ""https://a0.muscache.com/im/pictures/a0ead83b-e4e3-4a17-b2a3-c6ff8888c9df.jpg?aki_policy=large"", ""https://a0.muscache.com/im/pictures/e0042aad-ffd9-4e1f-b4c8-6394785886d0.jpg?aki_policy=large"", ""https://a0.muscache.com/im/pictures/fa46ffc8-0730-4a23-af84-48268c165c06.jpg?aki_policy=large"", ""https://a0.muscache.com/im/pictures/9f6a75b5-99f3-4e9b-aee0-7bfc836764ba.jpg?aki_policy=large""]";"{""beds"": 4, ""bedrooms"": 2, ""bathrooms"": 1.0, ""amenity_ids"": [1, 33, 34, 35, 4, 5, 38, 8, 40, 44, 45, 46, 21, 30, 31], ""is_rebookable"": false, ""is_new_listing"": false, ""is_fully_refundable"": true, ""is_host_highly_rated"": true, ""is_business_travel_ready"": false}";"{""weekly_factor"": 1.0, ""monthly_factor"": 1.0}";6052;"";"{""is_superhost"": false}"
24239065;1 bed apartment in historic building;entire_home;Paris;Saint Germain des Prés - Odéon;48.8493635523;2.33658523147;2;"[""https://a0.muscache.com/im/pictures/9acfed57-ba62-4d05-8dfc-d7dad80314f3.jpg?aki_policy=large"", ""https://a0.muscache.com/im/pictures/d0cd5e22-71af-462c-904e-4af401c65ea6.jpg?aki_policy=large"", ""https://a0.muscache.com/im/pictures/75f794f9-4e64-4f42-a5f4-dfabf3557915.jpg?aki_policy=large"", ""https://a0.muscache.com/im/pictures/721c0d73-1014-4fad-b8de-b7db9fc74836.jpg?aki_policy=large"", ""https://a0.muscache.com/im/pictures/13fde9f3-3956-47a5-8ef7-fee40ad581de.jpg?aki_policy=large"", ""https://a0.muscache.com/im/pictures/6cf7325f-5735-49ae-bea5-b315907bc8db.jpg?aki_policy=large"", ""https://a0.muscache.com/im/pictures/e5f5984e-c388-4ba5-a1f4-b7cb6d3b039d.jpg?aki_policy=large"", ""https://a0.muscache.com/im/pictures/2a63ee94-a47b-4787-bf70-7118921eab16.jpg?aki_policy=large"", ""https://a0.muscache.com/im/pictures/07fe5d30-79ab-4752-8575-a1f593ba5471.jpg?aki_policy=large"", ""https://a0.muscache.com/im/pictures/85c43db0-cda2-4345-8ee7-5b607eec347c.jpg?aki_policy=large"", ""https://a0.muscache.com/im/pictures/3d9a75d3-ce6f-42a5-b686-b172e5c44e4a.jpg?aki_policy=large"", ""https://a0.muscache.com/im/pictures/7e18370c-dfc2-4c74-b893-f76942bb068f.jpg?aki_policy=large"", ""https://a0.muscache.com/im/pictures/1fb64719-b57a-4d5b-ab71-5388287bb9da.jpg?aki_policy=large"", ""https://a0.muscache.com/im/pictures/aed35b06-cfa6-4c79-ba7e-956db2d6aef2.jpg?aki_policy=large"", ""https://a0.muscache.com/im/pictures/9959cd30-1848-46a8-9668-7a9e17f9acaf.jpg?aki_policy=large"", ""https://a0.muscache.com/im/pictures/fd8adb6b-0695-40b8-b33f-aadae2298b24.jpg?aki_policy=large"", ""https://a0.muscache.com/im/pictures/ce5372de-da73-426c-b505-6cc1a2eb0c75.jpg?aki_policy=large"", ""https://a0.muscache.com/im/pictures/c4102dc3-6766-4d2f-ae79-5fc87af1bf00.jpg?aki_policy=large""]";"{""beds"": 1, ""bedrooms"": 1, ""bathrooms"": 1.0, ""amenity_ids"": [96, 1, 33, 4, 8, 40, 77, 46, 85, 89, 90, 27, 91, 92, 93, 30, 31, 95], ""is_rebookable"": false, ""is_new_listing"": false, ""is_fully_refundable"": true, ""is_host_highly_rated"": true, ""is_business_travel_ready"": false}";"{""weekly_factor"": 1.0, ""monthly_factor"": 1.0}";2197;"";"{""is_superhost"": false}"
24246258;PRIVATE QUIET ROOM NEAR MOULIN ROUGE;private_room;Paris;Pigalle - Saint-Georges;48.8808983594;2.33386215966;1;"[""https://a0.muscache.com/im/pictures/8ef906d4-e57e-4a92-9c54-aafa4f545551.jpg?aki_policy=large"", ""https://a0.muscache.com/im/pictures/d58bc0e8-9567-49e6-966f-7f7737bcd54a.jpg?aki_policy=large"", ""https://a0.muscache.com/im/pictures/87d6cd65-9694-4d28-978a-9e82e16831ff.jpg?aki_policy=large"", ""https://a0.muscache.com/im/pictures/6b8a42bb-7037-47c0-8159-09ac26056bfe.jpg?aki_policy=large"", ""https://a0.muscache.com/im/pictures/c686234d-b3cc-4677-bc39-fa00ea1505e4.jpg?aki_policy=large"", ""https://a0.muscache.com/im/pictures/8ed5a1cc-014f-4ac5-ba63-3df0d9f3db14.jpg?aki_policy=large"", ""https://a0.muscache.com/im/pictures/62b4f51f-c1ba-4081-9a1b-ba2e392bdf8e.jpg?aki_policy=large"", ""https://a0.muscache.com/im/pictures/a564f474-38a3-42d6-9497-57bf53de7c62.jpg?aki_policy=large"", ""https://a0.muscache.com/im/pictures/858d942a-e778-46fa-9bba-1db28150b886.jpg?aki_policy=large"", ""https://a0.muscache.com/im/pictures/0331f425-ba93-4c74-a047-30369f9e2936.jpg?aki_policy=large"", ""https://a0.muscache.com/im/pictures/65cb5ca8-5931-4331-821a-1e3077afa6ef.jpg?aki_policy=large"", ""https://a0.muscache.com/im/pictures/d37cc4cc-e563-49a4-bd35-f1d729725df1.jpg?aki_policy=large"", ""https://a0.muscache.com/im/pictures/698be9db-893e-48c4-aad6-7f6b9408686e.jpg?aki_policy=large""]";"{""beds"": 1, ""bedrooms"": 1, ""bathrooms"": 1.0, ""amenity_ids"": [33, 4, 21, 8, 40, 42, 11, 44, 30, 47], ""is_rebookable"": false, ""is_new_listing"": false, ""is_fully_refundable"": true, ""is_host_highly_rated"": false, ""is_business_travel_ready"": false}";"{""weekly_factor"": 1.0, ""monthly_factor"": 0.84}";915;"";"{""is_superhost"": false}"
24262826;studette;entire_home;Paris;Gare du Nord - Gare de I'Est;48.8788521517;2.34621476942;2;"[""https://a0.muscache.com/im/pictures/37e3acda-87d6-49ca-a2ef-623183e73827.jpg?aki_policy=large"", ""https://a0.muscache.com/im/pictures/bd7c9b43-9d61-4238-816a-ae7a4e23c1fe.jpg?aki_policy=large"", ""https://a0.muscache.com/im/pictures/b0664f44-7e49-43e1-a428-830df4a874de.jpg?aki_policy=large"", ""https://a0.muscache.com/im/pictures/b5a0ec97-c55b-46d6-b052-361b13f9b986.jpg?aki_policy=large"", ""https://a0.muscache.com/im/pictures/04efeee3-94aa-4142-9c61-7fe5ed10e799.jpg?aki_policy=large""]";"{""beds"": 1, ""bedrooms"": 1, ""bathrooms"": 1.0, ""amenity_ids"": [1, 129, 35, 8, 40, 42, 44, 30], ""is_rebookable"": false, ""is_new_listing"": false, ""is_fully_refundable"": true, ""is_host_highly_rated"": false, ""is_business_travel_ready"": false}";"{""weekly_factor"": 0.89, ""monthly_factor"": 1.0}";2688;"";"{""is_superhost"": false}"
24369074;"lit simple mezzanine esprit ""train-couchette""";shared_room;Paris;Bastille;48.8500922341;2.37992232038;1;"[""https://a0.muscache.com/im/pictures/83450595-cb08-48cc-bfb7-7e3543022aed.jpg?aki_policy=large"", ""https://a0.muscache.com/im/pictures/f7b46f8c-88b0-4f52-999f-ff67b161f357.jpg?aki_policy=large"", ""https://a0.muscache.com/im/pictures/36b45fa9-01a4-4509-85ee-a661106885c0.jpg?aki_policy=large"", ""https://a0.muscache.com/im/pictures/8121f7fb-3d57-4d5a-bae0-f94cb52f2e25.jpg?aki_policy=large"", ""https://a0.muscache.com/im/pictures/67a7b272-c4b9-4102-af0a-ac1bdc0c9349.jpg?aki_policy=large"", ""https://a0.muscache.com/im/pictures/7d5b8e6b-5aef-4244-811e-b82e576f3d86.jpg?aki_policy=large""]";"{""beds"": 1, ""bedrooms"": 1, ""bathrooms"": 1.0, ""amenity_ids"": [33, 34, 51, 4, 54, 8, 40], ""is_rebookable"": false, ""is_new_listing"": false, ""is_fully_refundable"": true, ""is_host_highly_rated"": true, ""is_business_travel_ready"": false}";"{""weekly_factor"": 1.0, ""monthly_factor"": 1.0}";6361;"";"{""is_superhost"": false}"
24299842;Chambre privée en plein centre de Paris;private_room;Paris;République;48.8710331429;2.37046553772;2;"[""https://a0.muscache.com/im/pictures/80069f67-3613-4f6e-a6dc-b58316392dcd.jpg?aki_policy=large"", ""https://a0.muscache.com/im/pictures/905f87e5-fad4-4f2f-bff8-eb3542de9ae4.jpg?aki_policy=large"", ""https://a0.muscache.com/im/pictures/16321a03-a1ab-49f6-a028-f3dda8508698.jpg?aki_policy=large"", ""https://a0.muscache.com/im/pictures/0b22d6a1-6759-4f41-9cbd-f46729df3f31.jpg?aki_policy=large"", ""https://a0.muscache.com/im/pictures/1b50ceb2-57d7-4ec0-84b7-a826f16e0d06.jpg?aki_policy=large"", ""https://a0.muscache.com/im/pictures/d8888ecb-cae4-4df1-800c-a9c7e72fe6bd.jpg?aki_policy=large"", ""https://a0.muscache.com/im/pictures/fd0b2824-1748-4eb7-be3d-55c13e04b809.jpg?aki_policy=large""]";"{""beds"": 1, ""bedrooms"": 1, ""bathrooms"": 1.0, ""amenity_ids"": [33, 35, 4, 40, 104, 41, 10, 44, 45, 77, 16, 85, 93, 30], ""is_rebookable"": false, ""is_new_listing"": false, ""is_fully_refundable"": true, ""is_host_highly_rated"": false, ""is_business_travel_ready"": false}";"{""weekly_factor"": 0.9, ""monthly_factor"": 0.6}";7598;"";"{""is_superhost"": false}"
24306959;BIEN D'EXCEPTION AU COEUR DE PARIS-CANAL ST MARTIN;entire_home;Paris;10e arrondissement;48.872284;2.369834;2;"[""https://a0.muscache.com/im/pictures/431d1b65-5a1b-4383-955c-c454b75d4658.jpg?aki_policy=large"", ""https://a0.muscache.com/im/pictures/8ad02e62-a5a5-45f5-9b79-73ad298f98a4.jpg?aki_policy=large"", ""https://a0.muscache.com/im/pictures/9935b4fc-73e4-461d-952c-0e8ed802fb3b.jpg?aki_policy=large"", ""https://a0.muscache.com/im/pictures/699c8093-85b5-41e8-9180-eb6ae5069434.jpg?aki_policy=large"", ""https://a0.muscache.com/im/pictures/4e3a6058-345d-43e0-9e3a-bd936a05505b.jpg?aki_policy=large"", ""https://a0.muscache.com/im/pictures/3bf7dcde-cd83-433c-a8da-9be83f6f7db5.jpg?aki_policy=large"", ""https://a0.muscache.com/im/pictures/42c6f342-57c8-4c3c-b9ed-fc28252e4c55.jpg?aki_policy=large"", ""https://a0.muscache.com/im/pictures/b61e1421-71a1-4aa1-a46e-02b0dc69f415.jpg?aki_policy=large"", ""https://a0.muscache.com/im/pictures/6260acb6-a6cd-4735-a000-b3812e2284e1.jpg?aki_policy=large"", ""https://a0.muscache.com/im/pictures/39ee968d-c262-490e-9059-4dc8de227a0f.jpg?aki_policy=large"", ""https://a0.muscache.com/im/pictures/43852800-2891-4333-a8cd-efeed57f5b80.jpg?aki_policy=large"", ""https://a0.muscache.com/im/pictures/e1f163b8-e7f3-4df0-b3d3-adf84767685e.jpg?aki_policy=large"", ""https://a0.muscache.com/im/pictures/d88ed910-91f4-47b4-9006-4010d1328790.jpg?aki_policy=large"", ""https://a0.muscache.com/im/pictures/6a01c6b1-3e85-43bd-8742-7b4f666c837f.jpg?aki_policy=large"", ""https://a0.muscache.com/im/pictures/67a191da-82ee-45dc-b741-8f431642c424.jpg?aki_policy=large"", ""https://a0.muscache.com/im/pictures/5a53f1ed-1d08-4372-8656-d98de8116d18.jpg?aki_policy=large"", ""https://a0.muscache.com/im/pictures/885aedbb-a2df-40ad-84c5-4b6d068070e3.jpg?aki_policy=large"", ""https://a0.muscache.com/im/pictures/10cff816-8a79-47a0-814f-c4a9b47ca921.jpg?aki_policy=large"", ""https://a0.muscache.com/im/pictures/e230473d-ab90-4e96-ae5c-506f3fc8fb51.jpg?aki_policy=large"", ""https://a0.muscache.com/im/pictures/1ed6c25b-767f-4d98-b0aa-6febf7145090.jpg?aki_policy=large"", ""https://a0.muscache.com/im/pictures/ba46d592-01eb-4613-b47e-f7557ba3a97a.jpg?aki_policy=large""]";"{""beds"": 1, ""bedrooms"": 1, ""bathrooms"": 1.0, ""amenity_ids"": [96, 33, 34, 4, 8, 40, 104, 41, 75, 44, 77, 46, 47, 21, 85, 89, 90, 91, 92, 61, 93, 30, 94, 95], ""is_rebookable"": false, ""is_new_listing"": false, ""is_fully_refundable"": true, ""is_host_highly_rated"": false, ""is_business_travel_ready"": false}";"{""weekly_factor"": 1.0, ""monthly_factor"": 0.9}";3354;"";"{""is_superhost"": false}"
24322480;XXS, unbeatable price, heart of Paris;entire_home;Paris;Pigalle - Saint-Georges;48.8810247312;2.34300461933;1;"[""https://a0.muscache.com/im/pictures/993b7e99-95df-41b8-9f3a-e13559a2e04f.jpg?aki_policy=large"", ""https://a0.muscache.com/im/pictures/51315c66-e5e4-4e63-9031-e8a219792f62.jpg?aki_policy=large"", ""https://a0.muscache.com/im/pictures/9160284c-1aab-4e96-8c75-fce81dcfa8b0.jpg?aki_policy=large"", ""https://a0.muscache.com/im/pictures/dd47276d-f3c8-4afa-84a8-547968ab6133.jpg?aki_policy=large"", ""https://a0.muscache.com/im/pictures/72fe5bb4-8507-4b08-8ce9-5db2cee0d0e2.jpg?aki_policy=large"", ""https://a0.muscache.com/im/pictures/1b54b98e-334f-495b-9323-1074e51cf5d4.jpg?aki_policy=large"", ""https://a0.muscache.com/im/pictures/1db70bea-d91f-4007-bdd8-6dd18c7239f9.jpg?aki_policy=large"", ""https://a0.muscache.com/im/pictures/b4db5608-bdc6-41b4-8799-a6a0679249ac.jpg?aki_policy=large"", ""https://a0.muscache.com/im/pictures/b7323d99-fa46-4dd2-b7c2-15c550f3afaf.jpg?aki_policy=large"", ""https://a0.muscache.com/im/pictures/3bedc439-9ad3-4ca6-b563-5295fa82743d.jpg?aki_policy=large"", ""https://a0.muscache.com/im/pictures/8ccde719-1571-4d54-9e18-bb139212a335.jpg?aki_policy=large"", ""https://a0.muscache.com/im/pictures/65ff454b-b1ce-43c2-a4be-64b06e964e26.jpg?aki_policy=large"", ""https://a0.muscache.com/im/pictures/1babc8d1-d409-4622-a599-86cd10fccf92.jpg?aki_policy=large"", ""https://a0.muscache.com/im/pictures/f575c869-7e90-46c8-bfc8-6c22042bfe5b.jpg?aki_policy=large"", ""https://a0.muscache.com/im/pictures/1789e106-8ed2-4e9f-a757-1393513dbe4d.jpg?aki_policy=large"", ""https://a0.muscache.com/im/pictures/d38a4a60-6c10-4bd2-9590-422dfe32b1e1.jpg?aki_policy=large"", ""https://a0.muscache.com/im/pictures/407b0af8-e2a3-46d2-b6d1-24992aa60728.jpg?aki_policy=large"", ""https://a0.muscache.com/im/pictures/ea41875e-9801-4792-b506-b375eaf5aeae.jpg?aki_policy=large"", ""https://a0.muscache.com/im/pictures/3db73031-e5ee-4925-b785-3ba33543fe8f.jpg?aki_policy=large"", ""https://a0.muscache.com/im/pictures/43a48a24-9b11-4a1a-ab7e-5bd7e4dc5078.jpg?aki_policy=large"", ""https://a0.muscache.com/im/pictures/031dee4d-1487-488c-b394-a81a112f2ad9.jpg?aki_policy=large"", ""https://a0.muscache.com/im/pictures/4c05fa6e-28ef-4b52-a591-aac7c6eca2eb.jpg?aki_policy=large"", ""https://a0.muscache.com/im/pictures/e1e18c60-4aa4-4641-b337-9d4d731af7b3.jpg?aki_policy=large""]";"{""beds"": 1, ""bedrooms"": 0, ""bathrooms"": 1.0, ""amenity_ids"": [35, 39, 8, 40, 41, 57, 30, 46, 47], ""is_rebookable"": false, ""is_new_listing"": false, ""is_fully_refundable"": true, ""is_host_highly_rated"": false, ""is_business_travel_ready"": false}";"{""weekly_factor"": 1.0, ""monthly_factor"": 1.0}";4273;"";"{""is_superhost"": false}"
24361845;ROSIERS Family - AC - Wifi;entire_home;Paris;Le Marais;48.8577902505;2.36053450838;4;"[""https://a0.muscache.com/im/pictures/26473619-4c4c-4473-b27e-0899323ea82a.jpg?aki_policy=large"", ""https://a0.muscache.com/im/pictures/65d6c642-9efc-4c87-9959-50d7ceefeb9c.jpg?aki_policy=large"", ""https://a0.muscache.com/im/pictures/fe6c5084-fcae-4830-b6d5-161b49fae06b.jpg?aki_policy=large"", ""https://a0.muscache.com/im/pictures/1b6840ef-4638-44c1-8cb5-6429c553152e.jpg?aki_policy=large"", ""https://a0.muscache.com/im/pictures/b9744613-d651-4d37-be79-25acaf101a80.jpg?aki_policy=large"", ""https://a0.muscache.com/im/pictures/2aa8dfbd-8d59-4798-b484-c756fc2f6624.jpg?aki_policy=large"", ""https://a0.muscache.com/im/pictures/e0bb6276-a9d7-460b-a0c6-948d7911392c.jpg?aki_policy=large"", ""https://a0.muscache.com/im/pictures/9c176d68-c72a-4ab8-a703-2711c3261c50.jpg?aki_policy=large"", ""https://a0.muscache.com/im/pictures/4546683a-4153-431f-8b6f-6feb1a356d8c.jpg?aki_policy=large"", ""https://a0.muscache.com/im/pictures/fa8e0098-4244-4839-acd2-179351320031.jpg?aki_policy=large"", ""https://a0.muscache.com/im/pictures/c2f3f31e-3d56-420d-add6-25f6884a72ab.jpg?aki_policy=large"", ""https://a0.muscache.com/im/pictures/4b9447c5-d999-4645-9eb3-8597a9bb1e21.jpg?aki_policy=large"", ""https://a0.muscache.com/im/pictures/5a9abb43-13ca-4168-81fd-fbd09f0a06e3.jpg?aki_policy=large"", ""https://a0.muscache.com/im/pictures/93ee84fa-51a1-4305-a9ac-c95871108e61.jpg?aki_policy=large"", ""https://a0.muscache.com/im/pictures/244c20df-237b-4623-85ea-2737bb87f018.jpg?aki_policy=large"", ""https://a0.muscache.com/im/pictures/cf0dbd3a-1688-40aa-8b05-209fb82d079c.jpg?aki_policy=large"", ""https://a0.muscache.com/im/pictures/acc7b334-12e7-4637-a7c3-6a78b55b72f2.jpg?aki_policy=large"", ""https://a0.muscache.com/im/pictures/abfb2e45-1892-4207-bad9-2546596bdf00.jpg?aki_policy=large"", ""https://a0.muscache.com/im/pictures/c3350bc6-79cd-4f63-9ab7-f7b332fe5c3c.jpg?aki_policy=large"", ""https://a0.muscache.com/im/pictures/7d477607-063c-4dd4-9234-48a749ee17f6.jpg?aki_policy=large"", ""https://a0.muscache.com/im/pictures/d30ae94a-9798-441a-bbb5-fcf4ecae2378.jpg?aki_policy=large""]";"{""beds"": 2, ""bedrooms"": 0, ""bathrooms"": 1.0, ""amenity_ids"": [64, 1, 2, 66, 3, 4, 5, 71, 8, 72, 73, 10, 74, 75, 77, 21, 85, 87, 89, 90, 91, 93, 30, 94, 31, 96, 33, 97, 34, 35, 103, 40, 104, 41, 44, 45, 46, 47, 51, 54, 60, 61], ""is_rebookable"": false, ""is_new_listing"": false, ""is_fully_refundable"": false, ""is_host_highly_rated"": true, ""is_business_travel_ready"": false}";"{""weekly_factor"": 1.0, ""monthly_factor"": 1.0}";4238;"";"{""is_superhost"": false}"
24361861;St Germain des Prés Loft - Wifi - 4p;entire_home;Paris-6E-Arrondissement;Saint Germain des Prés - Odéon;48.8518718946;2.33708339286;4;"[""https://a0.muscache.com/im/pictures/bb0b28d3-cd0d-4f38-b778-558480322336.jpg?aki_policy=large"", ""https://a0.muscache.com/im/pictures/d4eec878-086a-4e2c-9787-fe12d9c1fa4e.jpg?aki_policy=large"", ""https://a0.muscache.com/im/pictures/630eb08d-4440-4df3-83b8-0d4181bb4f59.jpg?aki_policy=large"", ""https://a0.muscache.com/im/pictures/dc5a03b7-3a8e-4a72-83c4-4bf05d9808a9.jpg?aki_policy=large"", ""https://a0.muscache.com/im/pictures/1253daec-dc31-4ddb-bfcd-e73c89707531.jpg?aki_policy=large"", ""https://a0.muscache.com/im/pictures/9818bb09-c80d-4765-b158-c99f745bd939.jpg?aki_policy=large"", ""https://a0.muscache.com/im/pictures/f0c64a28-8f3d-4ec8-9118-651f8cbec1c6.jpg?aki_policy=large"", ""https://a0.muscache.com/im/pictures/867c2d11-55ea-4fa8-af03-922fcb22795a.jpg?aki_policy=large"", ""https://a0.muscache.com/im/pictures/830ee50d-661d-43df-960e-38cecec5a355.jpg?aki_policy=large"", ""https://a0.muscache.com/im/pictures/fa1c9153-6950-4c80-bca2-f7e9fd14d3b6.jpg?aki_policy=large"", ""https://a0.muscache.com/im/pictures/b8be2229-4a32-4de0-8e38-f22c32ebc044.jpg?aki_policy=large"", ""https://a0.muscache.com/im/pictures/4a17b7f7-ea32-4195-9c00-e716e32e7f01.jpg?aki_policy=large"", ""https://a0.muscache.com/im/pictures/082b8d21-8564-4ec7-a3ce-32397a3acbe1.jpg?aki_policy=large"", ""https://a0.muscache.com/im/pictures/e80fd610-4f3e-4029-be6a-5b03f7448f88.jpg?aki_policy=large"", ""https://a0.muscache.com/im/pictures/815beb1c-3022-4cca-8ce5-37ad1da01c3c.jpg?aki_policy=large"", ""https://a0.muscache.com/im/pictures/61f6d873-ba4c-411b-92ff-e5be90188ef1.jpg?aki_policy=large""]";"{""beds"": 2, ""bedrooms"": 1, ""bathrooms"": 1.0, ""amenity_ids"": [64, 1, 2, 66, 3, 4, 8, 72, 10, 77, 85, 86, 87, 89, 90, 91, 93, 30, 94, 31, 96, 35, 103, 40, 104, 41, 44, 45, 46, 47, 51, 54, 61], ""is_rebookable"": false, ""is_new_listing"": false, ""is_fully_refundable"": false, ""is_host_highly_rated"": true, ""is_business_travel_ready"": false}";"{""weekly_factor"": 1.0, ""monthly_factor"": 1.0}";4238;"";"{""is_superhost"": false}"
24390156;Paris Apartment, two rooms, 25 square metres;entire_home;Paris;11e arrondissement;48.8513178044;2.39188397527;2;"[""https://a0.muscache.com/im/pictures/eeea47be-dc5f-4d42-9d4d-75429797f274.jpg?aki_policy=large"", ""https://a0.muscache.com/im/pictures/35e9feed-3640-434b-a72e-0a5773c70b73.jpg?aki_policy=large"", ""https://a0.muscache.com/im/pictures/dead6b3d-6d49-4e05-ba27-de02401e73b6.jpg?aki_policy=large"", ""https://a0.muscache.com/im/pictures/a3bceba7-76f8-4418-83a5-93aa7b7e6076.jpg?aki_policy=large"", ""https://a0.muscache.com/im/pictures/bb2f5e43-e789-4e74-beda-6cf79111031e.jpg?aki_policy=large"", ""https://a0.muscache.com/im/pictures/fb74b922-bcf0-43f9-a0c9-da7235cbeba0.jpg?aki_policy=large"", ""https://a0.muscache.com/im/pictures/72838d4f-1cf4-4e69-8b71-638457b80c05.jpg?aki_policy=large"", ""https://a0.muscache.com/im/pictures/f866f50d-f6c2-429a-a3a1-a34112306538.jpg?aki_policy=large"", ""https://a0.muscache.com/im/pictures/9868afa3-3bec-4621-8ff8-772becb49429.jpg?aki_policy=large"", ""https://a0.muscache.com/im/pictures/9eaa85fc-df1f-4cf0-874d-d073e71d3170.jpg?aki_policy=large"", ""https://a0.muscache.com/im/pictures/a1f7ea4a-3dd1-4a50-b7dd-b373cf1d4357.jpg?aki_policy=large"", ""https://a0.muscache.com/im/pictures/0e6239d2-3309-4715-a43c-5e5faceb0792.jpg?aki_policy=large"", ""https://a0.muscache.com/im/pictures/f4117fc9-b11b-4d8f-b55b-263f0f350ce4.jpg?aki_policy=large"", ""https://a0.muscache.com/im/pictures/158dc739-a813-41da-a1e0-f8caca293c2b.jpg?aki_policy=large"", ""https://a0.muscache.com/im/pictures/cfa37840-ff11-4bce-a1f2-c4a6f79f79fc.jpg?aki_policy=large"", ""https://a0.muscache.com/im/pictures/ad15b01d-485a-4897-aef4-a0477f6d6622.jpg?aki_policy=large"", ""https://a0.muscache.com/im/pictures/4bbf3ace-7725-49dd-a088-139f353b695e.jpg?aki_policy=large"", ""https://a0.muscache.com/im/pictures/13731b93-d2a5-4811-85ce-36df1f1893ef.jpg?aki_policy=large"", ""https://a0.muscache.com/im/pictures/d748d7d9-edf4-4ec1-a190-cefb2a0479d2.jpg?aki_policy=large"", ""https://a0.muscache.com/im/pictures/ed60e436-29e8-478a-8a7b-de8d7e4bfb32.jpg?aki_policy=large"", ""https://a0.muscache.com/im/pictures/6d612a82-8b28-4475-af05-74f7ffbeda43.jpg?aki_policy=large"", ""https://a0.muscache.com/im/pictures/796a08b6-9487-4737-ab56-3d5c489556ec.jpg?aki_policy=large"", ""https://a0.muscache.com/im/pictures/c47ecb44-47f3-4322-adf3-e998cef537f0.jpg?aki_policy=large"", ""https://a0.muscache.com/im/pictures/3eb7803c-ef7c-4e32-8277-055d35f32301.jpg?aki_policy=large"", ""https://a0.muscache.com/im/pictures/51ca6f64-4639-4bb9-ae85-cb404541e6d7.jpg?aki_policy=large"", ""https://a0.muscache.com/im/pictures/c0b065ba-37e2-4632-903b-f0edda4c2267.jpg?aki_policy=large"", ""https://a0.muscache.com/im/pictures/153716d1-0570-457c-8e69-210d021c5c68.jpg?aki_policy=large""]";"{""beds"": 1, ""bedrooms"": 1, ""bathrooms"": 1.0, ""amenity_ids"": [1, 33, 129, 4, 37, 8, 40, 10, 44, 77, 46, 21, 89, 90, 91, 93, 30, 94], ""is_rebookable"": false, ""is_new_listing"": false, ""is_fully_refundable"": true, ""is_host_highly_rated"": false, ""is_business_travel_ready"": false}";"{""weekly_factor"": 0.8, ""monthly_factor"": 0.6}";6527;"";"{""is_superhost"": false}"
24425449;Comme une petite maison sur un jardin à Paris;entire_home;Paris;Pigalle - Saint-Georges;48.881944115;2.34515048828;6;"[""https://a0.muscache.com/im/pictures/79ccdbf5-c960-4cab-b92a-651245336ffe.jpg?aki_policy=large"", ""https://a0.muscache.com/im/pictures/e91c4d9c-f43a-4491-af1a-4f6154e0d3bd.jpg?aki_policy=large"", ""https://a0.muscache.com/im/pictures/c14e3820-87a1-4c18-9802-c17df8be1264.jpg?aki_policy=large"", ""https://a0.muscache.com/im/pictures/4ec3aec9-7c95-41ea-b64a-fff4f9913f52.jpg?aki_policy=large"", ""https://a0.muscache.com/im/pictures/f2f373fb-6707-4d69-ac60-4a6e3ebc753a.jpg?aki_policy=large"", ""https://a0.muscache.com/im/pictures/632ea87c-8188-41c2-9b26-1d09e3b5b423.jpg?aki_policy=large"", ""https://a0.muscache.com/im/pictures/3b3bb586-695c-4cfc-a5d2-b4c781ea968b.jpg?aki_policy=large"", ""https://a0.muscache.com/im/pictures/6fad5b86-93ab-4185-bcdc-95d0afd71090.jpg?aki_policy=large"", ""https://a0.muscache.com/im/pictures/47332412-ccd3-4ded-b726-5e5bff5e4133.jpg?aki_policy=large"", ""https://a0.muscache.com/im/pictures/ce2702a0-32d5-4db0-be79-6c74a4c4e427.jpg?aki_policy=large"", ""https://a0.muscache.com/im/pictures/2bfbc66c-5e05-4d17-828e-6dfbc66efee2.jpg?aki_policy=large"", ""https://a0.muscache.com/im/pictures/2fdf80c0-d519-49e5-9d71-ec79d08e8267.jpg?aki_policy=large"", ""https://a0.muscache.com/im/pictures/c32bb410-5e92-4ab8-afcb-dfef860cda4a.jpg?aki_policy=large"", ""https://a0.muscache.com/im/pictures/7edde7c0-8aa9-4b2d-957c-37ac5f0b5e45.jpg?aki_policy=large"", ""https://a0.muscache.com/im/pictures/67b564a2-899c-430e-aafd-06e68e36d87f.jpg?aki_policy=large"", ""https://a0.muscache.com/im/pictures/d37bf1f7-baed-4494-b467-aeff3a2952a9.jpg?aki_policy=large"", ""https://a0.muscache.com/im/pictures/cfeafc7e-cdd0-47a2-bf97-a604b09b5e84.jpg?aki_policy=large"", ""https://a0.muscache.com/im/pictures/84f53d28-4dd1-4255-86df-c15f7cb648a7.jpg?aki_policy=large"", ""https://a0.muscache.com/im/pictures/b5e8f874-f5d1-468b-a587-58e041a28b11.jpg?aki_policy=large"", ""https://a0.muscache.com/im/pictures/8ba212fb-46c8-4fc5-846c-ce8c9fda8646.jpg?aki_policy=large"", ""https://a0.muscache.com/im/pictures/e634a8c2-bc7e-4b9b-bf92-1acb111bc112.jpg?aki_policy=large""]";"{""beds"": 3, ""bedrooms"": 2, ""bathrooms"": 1.0, ""amenity_ids"": [4, 8, 12, 77, 85, 86, 90, 91, 92, 93, 30, 94, 31, 95, 35, 36, 37, 101, 38, 39, 40, 104, 41, 44, 45, 46, 47, 51, 54, 57], ""is_rebookable"": false, ""is_new_listing"": false, ""is_fully_refundable"": true, ""is_host_highly_rated"": true, ""is_business_travel_ready"": false}";"{""weekly_factor"": 1.0, ""monthly_factor"": 1.0}";3606;"";"{""is_superhost"": false}"
24442756;ENFANT ROUGE - Marais district;entire_home;Paris;Le Marais;48.862792638;2.36054256216;3;"[""https://a0.muscache.com/im/pictures/37646f53-6d12-431b-b44d-5b238095b28b.jpg?aki_policy=large"", ""https://a0.muscache.com/im/pictures/b72a3cee-fb8d-4383-aeba-0b524874feb0.jpg?aki_policy=large"", ""https://a0.muscache.com/im/pictures/44181bee-667e-477b-a2c0-0411eda5a20b.jpg?aki_policy=large"", ""https://a0.muscache.com/im/pictures/211e21d9-65ed-43f1-862e-fa420fc9529f.jpg?aki_policy=large"", ""https://a0.muscache.com/im/pictures/a56a9094-7dd1-4e77-9997-4412859ff0c4.jpg?aki_policy=large"", ""https://a0.muscache.com/im/pictures/263de6b1-9c3e-44bf-bdc1-b4536bfc7ba2.jpg?aki_policy=large"", ""https://a0.muscache.com/im/pictures/d22e94d7-e521-435a-873d-4d0f6331a4aa.jpg?aki_policy=large"", ""https://a0.muscache.com/im/pictures/d3917994-846c-4af1-af71-ec1451bf058c.jpg?aki_policy=large"", ""https://a0.muscache.com/im/pictures/16cd287b-ba70-4953-8198-ee43f4b14f0b.jpg?aki_policy=large"", ""https://a0.muscache.com/im/pictures/1d197d1b-f1eb-46d3-bde6-f4e507017ad7.jpg?aki_policy=large"", ""https://a0.muscache.com/im/pictures/9be86ea8-ae43-418a-bf0b-5fb486795e02.jpg?aki_policy=large"", ""https://a0.muscache.com/im/pictures/b9b85ff1-1ad2-46b2-9cf8-f71ec4448d68.jpg?aki_policy=large"", ""https://a0.muscache.com/im/pictures/377456a8-1ef3-471d-b22d-f10bb58a04af.jpg?aki_policy=large"", ""https://a0.muscache.com/im/pictures/b32645d5-0992-4bca-9c88-20da597ffc75.jpg?aki_policy=large"", ""https://a0.muscache.com/im/pictures/6dab7098-5f5c-432d-a7a7-101c533a7ccf.jpg?aki_policy=large"", ""https://a0.muscache.com/im/pictures/31aa0da4-79db-4b3e-a50d-68804fd6e7b9.jpg?aki_policy=large"", ""https://a0.muscache.com/im/pictures/eaeba79f-0ff9-44e0-8063-a3916645d4bb.jpg?aki_policy=large"", ""https://a0.muscache.com/im/pictures/6fc4ae77-ffa0-4ffd-868d-37b7fcb43011.jpg?aki_policy=large"", ""https://a0.muscache.com/im/pictures/d91eda7c-bfbc-4b3e-a3ce-8b70436a2e17.jpg?aki_policy=large"", ""https://a0.muscache.com/im/pictures/eb293cf0-0c57-4620-bba2-f40c2d8f5639.jpg?aki_policy=large"", ""https://a0.muscache.com/im/pictures/17107347-b8f7-424b-95ae-12bf43351e4d.jpg?aki_policy=large"", ""https://a0.muscache.com/im/pictures/2cebc2f8-d169-4bb6-8d70-2fdf84872fac.jpg?aki_policy=large"", ""https://a0.muscache.com/im/pictures/24c64ae0-5edf-4f8e-a23f-cca40da6507a.jpg?aki_policy=large"", ""https://a0.muscache.com/im/pictures/e898aaba-7292-4b11-8312-11b44fa7bc37.jpg?aki_policy=large"", ""https://a0.muscache.com/im/pictures/e8dc931f-9226-4af3-9b61-a6adb4d47bda.jpg?aki_policy=large"", ""https://a0.muscache.com/im/pictures/f84a6730-8112-402f-b3ce-cff728756c00.jpg?aki_policy=large"", ""https://a0.muscache.com/im/pictures/83b3556c-48cd-4036-8b35-b8341faa0bb6.jpg?aki_policy=large"", ""https://a0.muscache.com/im/pictures/6c002187-5255-4539-a558-2f2e5dbc6b85.jpg?aki_policy=large""]";"{""beds"": 2, ""bedrooms"": 1, ""bathrooms"": 1.0, ""amenity_ids"": [1, 33, 34, 4, 8, 40, 41, 12, 44, 45, 46, 30, 31], ""is_rebookable"": false, ""is_new_listing"": false, ""is_fully_refundable"": true, ""is_host_highly_rated"": true, ""is_business_travel_ready"": false}";"{""weekly_factor"": 1.0, ""monthly_factor"": 1.0}";4331;"";"{""is_superhost"": false}"
24508705;Standing Appartement Paris;entire_home;Paris;"";48.8500159988;2.36137229918;7;"[""https://a0.muscache.com/im/pictures/e941aa75-770d-4a19-b449-5a672038c49a.jpg?aki_policy=large"", ""https://a0.muscache.com/im/pictures/119d77c5-a362-45d3-888c-2cd9ffdff013.jpg?aki_policy=large"", ""https://a0.muscache.com/im/pictures/12c56ef0-b631-4540-942d-c522639ba274.jpg?aki_policy=large"", ""https://a0.muscache.com/im/pictures/5def690c-a262-4ff7-924f-efa5a4d960a7.jpg?aki_policy=large"", ""https://a0.muscache.com/im/pictures/f6f1a12e-7315-4682-8bfe-2101f934bd88.jpg?aki_policy=large"", ""https://a0.muscache.com/im/pictures/c319c443-7e69-4da9-bbef-5885d5dc2130.jpg?aki_policy=large"", ""https://a0.muscache.com/im/pictures/5ae8962b-6bb1-4ed8-a11c-db413b2fa57b.jpg?aki_policy=large"", ""https://a0.muscache.com/im/pictures/3624b256-2dd0-4005-bf85-3be3d77c2d68.jpg?aki_policy=large"", ""https://a0.muscache.com/im/pictures/de57313a-b337-4113-b10a-aa2ff4f653ef.jpg?aki_policy=large"", ""https://a0.muscache.com/im/pictures/7a051183-5e37-4032-84cb-cf65692b84c3.jpg?aki_policy=large"", ""https://a0.muscache.com/im/pictures/90f72362-2ae9-4c3e-8f34-a50b93c8fc34.jpg?aki_policy=large"", ""https://a0.muscache.com/im/pictures/205cddc1-5b63-4b9d-af8b-9b9fdec00566.jpg?aki_policy=large"", ""https://a0.muscache.com/im/pictures/4a4230ea-36a2-446e-bba3-e19f55a84af2.jpg?aki_policy=large"", ""https://a0.muscache.com/im/pictures/9a4b4ee6-1cf2-4e5c-96d3-92ace271c33e.jpg?aki_policy=large"", ""https://a0.muscache.com/im/pictures/1f26da02-2269-4489-a758-8f618b8f731b.jpg?aki_policy=large"", ""https://a0.muscache.com/im/pictures/25e874a3-33b4-4f36-bb54-d7ec527d17b9.jpg?aki_policy=large"", ""https://a0.muscache.com/im/pictures/ba4e850d-5a05-4847-a614-9fc1f15415bd.jpg?aki_policy=large"", ""https://a0.muscache.com/im/pictures/6911af65-b5f6-4c22-b8f8-624c6b85e23a.jpg?aki_policy=large"", ""https://a0.muscache.com/im/pictures/ef050bfd-aff7-4881-ba09-5fd1353b97ee.jpg?aki_policy=large"", ""https://a0.muscache.com/im/pictures/077fce43-a711-4353-b691-ebb3ea404d4d.jpg?aki_policy=large"", ""https://a0.muscache.com/im/pictures/484fb364-1fd0-4f6f-b272-b8ab457d3f00.jpg?aki_policy=large"", ""https://a0.muscache.com/im/pictures/7dddcd7a-c063-472e-9909-ef13c662b12f.jpg?aki_policy=large"", ""https://a0.muscache.com/im/pictures/767469ea-33a3-4fb3-924e-23ee7d45c242.jpg?aki_policy=large"", ""https://a0.muscache.com/im/pictures/7b6c65df-0f02-49f4-ae76-162447a13201.jpg?aki_policy=large"", ""https://a0.muscache.com/im/pictures/eb1b75b1-4f80-453b-8cb7-d700ec0eec11.jpg?aki_policy=large"", ""https://a0.muscache.com/im/pictures/584513cb-bbd8-4edb-9552-c0b086a5e79c.jpg?aki_policy=large"", ""https://a0.muscache.com/im/pictures/405215ca-958b-4d77-9bf8-adfb37d7ce71.jpg?aki_policy=large"", ""https://a0.muscache.com/im/pictures/c2ee9315-8bfb-40f0-a5f1-82b7e6356ff3.jpg?aki_policy=large"", ""https://a0.muscache.com/im/pictures/04c32345-996d-44b1-a476-54a1c01c4eb8.jpg?aki_policy=large"", ""https://a0.muscache.com/im/pictures/a958b62a-ffc7-47c8-a19d-e76c3967a050.jpg?aki_policy=large""]";"{""beds"": 4, ""bedrooms"": 4, ""bathrooms"": 2.0, ""amenity_ids"": [1, 33, 34, 4, 5, 8, 40, 41, 44, 45, 46, 47, 16, 21, 25, 57, 27, 30], ""is_rebookable"": false, ""is_new_listing"": false, ""is_fully_refundable"": true, ""is_host_highly_rated"": true, ""is_business_travel_ready"": false}";"{""weekly_factor"": 1.0, ""monthly_factor"": 1.0}";7226;"";"{""is_superhost"": false}"
24515032;Studio très lumineux juste à 100 mètres de paris;entire_home;Les Lilas;20e arrondissement;48.8723681137;2.41269976323;2;"[""https://a0.muscache.com/im/pictures/97f7708b-a720-4131-b931-ccfda0fa0d74.jpg?aki_policy=large"", ""https://a0.muscache.com/im/pictures/2f98dd23-85ce-4768-ad2e-e7709f34fef1.jpg?aki_policy=large"", ""https://a0.muscache.com/im/pictures/1cdc7ad5-079e-474d-936d-9eb49ff3ac11.jpg?aki_policy=large"", ""https://a0.muscache.com/im/pictures/0b3e6e5c-cc74-4809-b389-1bccafdfe6cc.jpg?aki_policy=large"", ""https://a0.muscache.com/im/pictures/c56ec02a-a975-4bf8-8cc8-08ac6996dd3e.jpg?aki_policy=large"", ""https://a0.muscache.com/im/pictures/97494a88-7e56-4f6e-ad04-af866313bbc0.jpg?aki_policy=large"", ""https://a0.muscache.com/im/pictures/8491c32f-de4f-4238-81f1-4783a120865f.jpg?aki_policy=large"", ""https://a0.muscache.com/im/pictures/0cab894e-bf96-4a2d-aee7-fdf5666a5c5d.jpg?aki_policy=large"", ""https://a0.muscache.com/im/pictures/189c98bf-548a-47e5-9d31-f6ca1331078e.jpg?aki_policy=large"", ""https://a0.muscache.com/im/pictures/d345fd4e-5da4-4ee5-88f1-2cfcfc7e3e99.jpg?aki_policy=large"", ""https://a0.muscache.com/im/pictures/8f00e101-9514-4617-b141-816ed7a08358.jpg?aki_policy=large"", ""https://a0.muscache.com/im/pictures/d34245ee-291b-47ac-9a7f-91d15e5e8813.jpg?aki_policy=large"", ""https://a0.muscache.com/im/pictures/6d845497-19c1-4099-b7f2-ddf71eedf002.jpg?aki_policy=large""]";"{""beds"": 2, ""bedrooms"": 0, ""bathrooms"": 1.0, ""amenity_ids"": [1, 129, 35, 4, 23, 8, 40, 104, 41, 44, 77, 30], ""is_rebookable"": false, ""is_new_listing"": false, ""is_fully_refundable"": true, ""is_host_highly_rated"": false, ""is_business_travel_ready"": false}";"{""weekly_factor"": 0.95, ""monthly_factor"": 0.9}";4955;"";"{""is_superhost"": false}"
24530503;Magnificent 3BR Parisian Retreat *Champs-Élysées;entire_home;Paris;Champs-Elysées;48.8675166952;2.30527047512;6;"[""https://a0.muscache.com/im/pictures/3a36b539-5a70-42d2-b7b3-a100ed696300.jpg?aki_policy=large"", ""https://a0.muscache.com/im/pictures/8aea6e0d-9ec4-41da-9c06-a3e90074c11c.jpg?aki_policy=large"", ""https://a0.muscache.com/im/pictures/9d5d217e-2ccb-4ae8-8671-553ca5e18328.jpg?aki_policy=large"", ""https://a0.muscache.com/im/pictures/5078b23e-99e3-43ea-85c8-8b3d1b0df284.jpg?aki_policy=large"", ""https://a0.muscache.com/im/pictures/5d167d6a-7015-4f97-b88e-f61a568d8674.jpg?aki_policy=large"", ""https://a0.muscache.com/im/pictures/71b747f0-e43a-4035-9f7d-7709c89a0b52.jpg?aki_policy=large"", ""https://a0.muscache.com/im/pictures/bd4c5f94-ee17-4d09-a1c3-02da4fe59217.jpg?aki_policy=large"", ""https://a0.muscache.com/im/pictures/47ac285b-b58e-4853-8987-bb651879ee3a.jpg?aki_policy=large"", ""https://a0.muscache.com/im/pictures/9d1a8ac3-866a-4403-8cad-0a72e7b8fae0.jpg?aki_policy=large"", ""https://a0.muscache.com/im/pictures/2af917a7-feee-44a9-a617-b49092ef5d57.jpg?aki_policy=large"", ""https://a0.muscache.com/im/pictures/e1ec5438-a1d7-4c44-b32b-40e2311f59d4.jpg?aki_policy=large"", ""https://a0.muscache.com/im/pictures/3f8b63dd-c529-4cdf-9812-a81e7d854602.jpg?aki_policy=large"", ""https://a0.muscache.com/im/pictures/395ac467-3f38-47ef-b729-e4cb07b4c44f.jpg?aki_policy=large"", ""https://a0.muscache.com/im/pictures/72f54f4c-9e98-4b0f-b8e0-037eeed056af.jpg?aki_policy=large"", ""https://a0.muscache.com/im/pictures/ac3e45a1-be3a-4982-a933-8f9a7066c4aa.jpg?aki_policy=large"", ""https://a0.muscache.com/im/pictures/11eadecc-0bbb-4fea-b396-0242a953f5ff.jpg?aki_policy=large"", ""https://a0.muscache.com/im/pictures/6d404ee6-77eb-4e88-8878-d360cb5aaed9.jpg?aki_policy=large"", ""https://a0.muscache.com/im/pictures/8f49f6c3-6c2c-461e-9d81-89126761e7d5.jpg?aki_policy=large"", ""https://a0.muscache.com/im/pictures/fb952e8b-68f7-4011-9c28-2844e6eee6f1.jpg?aki_policy=large"", ""https://a0.muscache.com/im/pictures/db49a39c-efdc-485f-b50b-1758b04e3af6.jpg?aki_policy=large"", ""https://a0.muscache.com/im/pictures/4a003742-00c8-4ec9-8d4d-570090b023de.jpg?aki_policy=large"", ""https://a0.muscache.com/im/pictures/2633ff66-e2f9-495c-b799-0ccf6e35337d.jpg?aki_policy=large"", ""https://a0.muscache.com/im/pictures/10a7a9e3-0416-4e69-be91-f0f398a56a36.jpg?aki_policy=large"", ""https://a0.muscache.com/im/pictures/448f24eb-d306-485f-b449-2bfd21601256.jpg?aki_policy=large"", ""https://a0.muscache.com/im/pictures/23270fd4-7f50-419e-adfb-dda76dd2e9ed.jpg?aki_policy=large""]";"{""beds"": 3, ""bedrooms"": 3, ""bathrooms"": 2.0, ""amenity_ids"": [64, 1, 129, 2, 4, 70, 71, 8, 77, 21, 85, 86, 88, 89, 90, 91, 92, 93, 30, 94, 31, 95, 96, 33, 34, 35, 36, 39, 40, 41, 44, 45, 46, 47, 61, 62], ""is_rebookable"": false, ""is_new_listing"": false, ""is_fully_refundable"": true, ""is_host_highly_rated"": true, ""is_business_travel_ready"": false}";"{""weekly_factor"": 0.92, ""monthly_factor"": 0.85}";1053;"";"{""is_superhost"": false}"
24558056;Bright and lovely room in a typical parisian flat;private_room;Paris;Père Lachaise - Ménilmontant;48.8647289132;2.39985426374;2;"[""https://a0.muscache.com/im/pictures/279db8bf-1883-41d0-918f-6d188956ecd8.jpg?aki_policy=large"", ""https://a0.muscache.com/im/pictures/0df3a285-2082-4c89-a7c7-a18009de91e9.jpg?aki_policy=large"", ""https://a0.muscache.com/im/pictures/4af103a3-0a87-4892-981f-9800d669fd78.jpg?aki_policy=large"", ""https://a0.muscache.com/im/pictures/46e6f229-86f1-4c1e-a41d-ad2abad9584d.jpg?aki_policy=large"", ""https://a0.muscache.com/im/pictures/0aed4f99-3f13-4026-ab79-5cea859d15fc.jpg?aki_policy=large"", ""https://a0.muscache.com/im/pictures/6ac6492e-d541-4e61-bad9-276c46b57103.jpg?aki_policy=large"", ""https://a0.muscache.com/im/pictures/0cfbda95-2589-412f-99be-994dc45b7c7c.jpg?aki_policy=large"", ""https://a0.muscache.com/im/pictures/2a5da002-332a-4959-93c1-d928a8373a93.jpg?aki_policy=large"", ""https://a0.muscache.com/im/pictures/e0f5f42d-88fc-461d-9845-ce1e080b7bd8.jpg?aki_policy=large"", ""https://a0.muscache.com/im/pictures/81c83fea-f6b0-42e9-be07-c81d2d6513d0.jpg?aki_policy=large""]";"{""beds"": 1, ""bedrooms"": 1, ""bathrooms"": 1.0, ""amenity_ids"": [96, 33, 129, 35, 4, 8, 40, 107, 45, 77, 46, 47, 87, 89, 90, 27, 91, 93, 94, 95], ""is_rebookable"": false, ""is_new_listing"": false, ""is_fully_refundable"": true, ""is_host_highly_rated"": false, ""is_business_travel_ready"": false}";"{""weekly_factor"": 1.0, ""monthly_factor"": 1.0}";3845;"";"{""is_superhost"": false}"
24564156;Charming bedroom walking distance Trocadero;private_room;Paris;"";48.8539173929;2.27444937583;2;"[""https://a0.muscache.com/im/pictures/48e85618-9a40-431c-b2e2-dd7fed28a039.jpg?aki_policy=large"", ""https://a0.muscache.com/im/pictures/01e14725-922e-46fe-9801-ea83e07c0464.jpg?aki_policy=large"", ""https://a0.muscache.com/im/pictures/bc66be6a-458c-4bca-911e-48b5fc2603cf.jpg?aki_policy=large"", ""https://a0.muscache.com/im/pictures/066b01a0-b4f0-434b-94ee-fd3ddf24cd58.jpg?aki_policy=large"", ""https://a0.muscache.com/im/pictures/b2bb7e6f-0c9a-496d-97e7-79b98094997d.jpg?aki_policy=large"", ""https://a0.muscache.com/im/pictures/8c04f936-000a-434c-a98d-07023f6936ba.jpg?aki_policy=large"", ""https://a0.muscache.com/im/pictures/6174696a-3e2f-4453-9448-41aad1ce6b11.jpg?aki_policy=large"", ""https://a0.muscache.com/im/pictures/a84d301d-7be2-4ab0-a914-5c645956a753.jpg?aki_policy=large"", ""https://a0.muscache.com/im/pictures/1a4f317e-516d-4468-8b27-d128c845fd71.jpg?aki_policy=large"", ""https://a0.muscache.com/im/pictures/d8954b11-0fb4-4fd7-93cf-8c7188bde85c.jpg?aki_policy=large""]";"{""beds"": 2, ""bedrooms"": 1, ""bathrooms"": 1.0, ""amenity_ids"": [66, 35, 4, 36, 71, 8, 40, 72, 41, 42, 74, 44, 45, 77, 46, 47, 16, 21, 85, 86, 30], ""is_rebookable"": false, ""is_new_listing"": false, ""is_fully_refundable"": true, ""is_host_highly_rated"": false, ""is_business_travel_ready"": false}";"{""weekly_factor"": 1.0, ""monthly_factor"": 1.0}";5757;"";"{""is_superhost"": false}"
24586584;Paris Appartement Familial Panthéon Quartier Latin;entire_home;Paris;Port-Royal;48.8450609853;2.34168851295;6;"[""https://a0.muscache.com/im/pictures/fa415e87-5374-4e66-9350-b0fa0ef6b8a7.jpg?aki_policy=large"", ""https://a0.muscache.com/im/pictures/fbc98e65-d26a-4485-b356-64cb50527c9c.jpg?aki_policy=large"", ""https://a0.muscache.com/im/pictures/dc4e0aa0-3254-4560-8de4-45d34c2c3d39.jpg?aki_policy=large"", ""https://a0.muscache.com/im/pictures/abbad8cc-3c30-4494-8e97-0d3e89256bc0.jpg?aki_policy=large"", ""https://a0.muscache.com/im/pictures/9512e8fc-3df4-4387-9bbc-88ac0d4d0e9f.jpg?aki_policy=large"", ""https://a0.muscache.com/im/pictures/ae944a08-e92d-4da3-b037-140b25059a06.jpg?aki_policy=large"", ""https://a0.muscache.com/im/pictures/55d4f797-437d-4a14-a7a6-3bdab12f48a2.jpg?aki_policy=large"", ""https://a0.muscache.com/im/pictures/6d6ecbd9-2c1d-48b0-9d93-d05da61256db.jpg?aki_policy=large"", ""https://a0.muscache.com/im/pictures/5451fde6-f115-4d12-a411-f5e70c5b8408.jpg?aki_policy=large"", ""https://a0.muscache.com/im/pictures/7993a962-21da-4163-9c65-499a9063a9f7.jpg?aki_policy=large"", ""https://a0.muscache.com/im/pictures/50c4ade5-f92d-4e17-8086-4974fcdca116.jpg?aki_policy=large"", ""https://a0.muscache.com/im/pictures/c5a99df9-9260-455e-b3c8-a7da7e0e2c11.jpg?aki_policy=large"", ""https://a0.muscache.com/im/pictures/f234ae60-a058-4726-94cb-85d0057746a5.jpg?aki_policy=large"", ""https://a0.muscache.com/im/pictures/07a67b33-8583-4883-95a9-236bf738e541.jpg?aki_policy=large""]";"{""beds"": 4, ""bedrooms"": 2, ""bathrooms"": 1.5, ""amenity_ids"": [1, 129, 2, 4, 8, 10, 77, 85, 87, 89, 90, 91, 92, 93, 30, 94, 31, 95, 33, 34, 35, 37, 38, 39, 40, 41, 44, 45, 46, 47, 57, 61], ""is_rebookable"": false, ""is_new_listing"": false, ""is_fully_refundable"": true, ""is_host_highly_rated"": true, ""is_business_travel_ready"": false}";"{""weekly_factor"": 1.0, ""monthly_factor"": 1.0}";2107;"";"{""is_superhost"": false}"
24595821;Beautiful Triplex in the Center of Paris;entire_home;Paris-10E-Arrondissement;République;48.8718446467;2.35762522012;14;"[""https://a0.muscache.com/im/pictures/a818af2e-4e8e-4d20-97ed-583dfe43f79c.jpg?aki_policy=large"", ""https://a0.muscache.com/im/pictures/ab30de50-dcf3-4b78-8710-8fef8e797335.jpg?aki_policy=large"", ""https://a0.muscache.com/im/pictures/648945c6-eab4-4642-8238-1960c0c20703.jpg?aki_policy=large"", ""https://a0.muscache.com/im/pictures/07a00d1d-1bf0-44ee-8cf5-2f6c5066b792.jpg?aki_policy=large"", ""https://a0.muscache.com/im/pictures/c22315d2-9bb0-4487-bde5-92b3d8c1dfe3.jpg?aki_policy=large"", ""https://a0.muscache.com/im/pictures/0417bd71-5276-4aba-9a41-57191aa4876f.jpg?aki_policy=large"", ""https://a0.muscache.com/im/pictures/5edc2327-8bef-4dcd-b282-1e76b1e66b70.jpg?aki_policy=large"", ""https://a0.muscache.com/im/pictures/d1cb59b6-8638-486f-b24b-8d65cb57f972.jpg?aki_policy=large"", ""https://a0.muscache.com/im/pictures/96add149-9a15-411b-957f-1ab66cfa1cdd.jpg?aki_policy=large"", ""https://a0.muscache.com/im/pictures/43d5ece9-29ac-4136-8332-4eedb1682f78.jpg?aki_policy=large"", ""https://a0.muscache.com/im/pictures/ee67e659-10d7-4572-82ce-a08853c9e961.jpg?aki_policy=large"", ""https://a0.muscache.com/im/pictures/85f8992b-4f68-4865-8658-d1a04ad75dbe.jpg?aki_policy=large"", ""https://a0.muscache.com/im/pictures/16ad368b-9d3a-4837-9eac-72d74a24a5a0.jpg?aki_policy=large"", ""https://a0.muscache.com/im/pictures/3bb12b1a-7028-42b5-a2f9-203e4a3ed190.jpg?aki_policy=large"", ""https://a0.muscache.com/im/pictures/630127ec-0fda-4fa2-964f-1822afb56e84.jpg?aki_policy=large"", ""https://a0.muscache.com/im/pictures/42ddc2d3-ee6a-456f-8db4-1b1734d346ec.jpg?aki_policy=large"", ""https://a0.muscache.com/im/pictures/76369bc6-ba6e-4ff3-9314-3c3951a20ded.jpg?aki_policy=large"", ""https://a0.muscache.com/im/pictures/f50f81e7-398f-47c0-99c1-f0bab9535669.jpg?aki_policy=large"", ""https://a0.muscache.com/im/pictures/ad4f7b81-814d-4373-91ba-134c1c6c00f2.jpg?aki_policy=large"", ""https://a0.muscache.com/im/pictures/b6e3fd1f-f48e-4e5b-b4ea-0cc42491cac4.jpg?aki_policy=large"", ""https://a0.muscache.com/im/pictures/971f7075-6739-4948-81a1-40614434c258.jpg?aki_policy=large"", ""https://a0.muscache.com/im/pictures/c86b507d-847b-4907-b14b-4840926ca45c.jpg?aki_policy=large"", ""https://a0.muscache.com/im/pictures/be6bfc07-7bfb-4d2c-85ce-cdb9ebb27597.jpg?aki_policy=large"", ""https://a0.muscache.com/im/pictures/23bb51d4-19f3-42e7-956b-1c776fc0dfdd.jpg?aki_policy=large"", ""https://a0.muscache.com/im/pictures/c58462eb-0842-401b-baff-eec18d0274e3.jpg?aki_policy=large"", ""https://a0.muscache.com/im/pictures/e7ecbb7d-b413-4d0f-b933-0fa27dcd4959.jpg?aki_policy=large"", ""https://a0.muscache.com/im/pictures/d753b910-e7a5-4253-abef-262e8b43c7a0.jpg?aki_policy=large"", ""https://a0.muscache.com/im/pictures/193f8efd-281a-40e2-9fc0-ef807b7e0fea.jpg?aki_policy=large"", ""https://a0.muscache.com/im/pictures/8bcc6f60-f5a8-4276-a381-304238cc2878.jpg?aki_policy=large"", ""https://a0.muscache.com/im/pictures/0ed5cb73-c799-47bc-8195-7a17d99c849d.jpg?aki_policy=large""]";"{""beds"": 7, ""bedrooms"": 4, ""bathrooms"": 3.5, ""amenity_ids"": [1, 4, 8, 72, 10, 74, 77, 85, 86, 30, 31, 33, 34, 35, 37, 39, 40, 41, 42, 44, 45, 46, 47, 51, 54], ""is_rebookable"": false, ""is_new_listing"": false, ""is_fully_refundable"": true, ""is_host_highly_rated"": true, ""is_business_travel_ready"": false}";"{""weekly_factor"": 1.0, ""monthly_factor"": 1.0}";7427;"";"{""is_superhost"": false}"
24599457;Studio Montorgueil;entire_home;Paris;Palais Royal;48.8666310643;2.34298198207;2;"[""https://a0.muscache.com/im/pictures/543f20fb-6279-45fa-8f42-41415c97df53.jpg?aki_policy=large"", ""https://a0.muscache.com/im/pictures/797fe5ae-4bf2-4f50-ad78-9621da0178ac.jpg?aki_policy=large"", ""https://a0.muscache.com/im/pictures/bcec6117-359c-4baa-a20b-82ff12a4964d.jpg?aki_policy=large"", ""https://a0.muscache.com/im/pictures/9631f3fd-1737-45fc-987d-a835ab28184f.jpg?aki_policy=large"", ""https://a0.muscache.com/im/pictures/cba7b21c-9b4c-4337-89fc-925bee437dc0.jpg?aki_policy=large"", ""https://a0.muscache.com/im/pictures/21094338-bd88-451e-bc93-1b58f4d75f90.jpg?aki_policy=large"", ""https://a0.muscache.com/im/pictures/0eefb572-5f8d-489b-9425-f22f8553f220.jpg?aki_policy=large"", ""https://a0.muscache.com/im/pictures/6c78a266-25b0-4b23-bbfe-965142425117.jpg?aki_policy=large"", ""https://a0.muscache.com/im/pictures/6028551b-1ce1-4571-801f-094db4142652.jpg?aki_policy=large"", ""https://a0.muscache.com/im/pictures/84adab61-297d-47e6-be28-3f536e405917.jpg?aki_policy=large"", ""https://a0.muscache.com/im/pictures/e2903334-738a-4930-a672-c635083e5dc7.jpg?aki_policy=large""]";"{""beds"": 1, ""bedrooms"": 0, ""bathrooms"": 1.0, ""amenity_ids"": [32, 1, 35, 4, 8, 40, 11, 30], ""is_rebookable"": false, ""is_new_listing"": false, ""is_fully_refundable"": true, ""is_host_highly_rated"": false, ""is_business_travel_ready"": false}";"{""weekly_factor"": 1.0, ""monthly_factor"": 1.0}";786;"";"{""is_superhost"": false}"
24617513;Magnifique studio lumineux à 10min du Louvre;entire_home;Paris;Châtelet - Les Halles - Beaubourg;48.8663251964;2.34900802739;2;"[""https://a0.muscache.com/im/pictures/ae24d71a-e556-4c90-87e9-0402dce6aadd.jpg?aki_policy=large"", ""https://a0.muscache.com/im/pictures/05094fb6-3e20-4c62-9a10-b35e5c6c7e07.jpg?aki_policy=large"", ""https://a0.muscache.com/im/pictures/88036f85-2ca7-4cb0-b879-5622d93d54b4.jpg?aki_policy=large"", ""https://a0.muscache.com/im/pictures/65936bdd-d4c4-4196-b5d6-5d4e4f96b40b.jpg?aki_policy=large"", ""https://a0.muscache.com/im/pictures/db759cd4-352f-48a2-8d22-1c545b9047e5.jpg?aki_policy=large"", ""https://a0.muscache.com/im/pictures/132b12ba-7f04-441f-bcec-daed092709ed.jpg?aki_policy=large"", ""https://a0.muscache.com/im/pictures/2c35efed-fe21-4bae-aa26-a2a9455942aa.jpg?aki_policy=large"", ""https://a0.muscache.com/im/pictures/3d805dd2-ea8c-4030-828b-8c7243909fe5.jpg?aki_policy=large"", ""https://a0.muscache.com/im/pictures/7026201a-2ceb-4803-9bc1-81c3147ab677.jpg?aki_policy=large""]";"{""beds"": 1, ""bedrooms"": 0, ""bathrooms"": 1.0, ""amenity_ids"": [33, 3, 35, 4, 8, 40, 41, 44, 77, 47, 85, 57, 90, 91, 93, 30], ""is_rebookable"": false, ""is_new_listing"": false, ""is_fully_refundable"": true, ""is_host_highly_rated"": false, ""is_business_travel_ready"": false}";"{""weekly_factor"": 1.0, ""monthly_factor"": 1.0}";7453;"";"{""is_superhost"": false}"
24647051;Luxurious apartment;entire_home;Paris;Passy;48.8607900616;2.27485870948;3;"[""https://a0.muscache.com/im/pictures/f9d596df-c3e0-4dd4-88f9-03eb5394b3e5.jpg?aki_policy=large"", ""https://a0.muscache.com/im/pictures/3baca6ad-3a05-4c09-b8e5-8734d95ac966.jpg?aki_policy=large"", ""https://a0.muscache.com/im/pictures/bf2f7d42-f30d-4c96-be82-b7f2e747dbf2.jpg?aki_policy=large"", ""https://a0.muscache.com/im/pictures/b1a9b6c3-89c4-4aa0-9ffc-877457849890.jpg?aki_policy=large"", ""https://a0.muscache.com/im/pictures/bc48d818-896a-4caa-b9a0-f82367ca4813.jpg?aki_policy=large"", ""https://a0.muscache.com/im/pictures/616d5338-fca0-427d-acab-eea5606cbc21.jpg?aki_policy=large"", ""https://a0.muscache.com/im/pictures/fe7439e5-9a3f-4533-bcb7-27860e321cb2.jpg?aki_policy=large"", ""https://a0.muscache.com/im/pictures/c5176f24-a536-45ae-9269-7498eab75f8d.jpg?aki_policy=large"", ""https://a0.muscache.com/im/pictures/192a136a-4818-47b0-b3cf-f3486d7e569a.jpg?aki_policy=large"", ""https://a0.muscache.com/im/pictures/2d1e1adf-39e6-4ae9-915d-b6ebd2b6240a.jpg?aki_policy=large"", ""https://a0.muscache.com/im/pictures/d216722e-edbc-4615-a561-d28b066587ef.jpg?aki_policy=large"", ""https://a0.muscache.com/im/pictures/0bfb6d74-060e-4ec6-801f-4dc54c2d106c.jpg?aki_policy=large"", ""https://a0.muscache.com/im/pictures/4fe91990-1d38-4562-bbc4-ff36fb5b31f7.jpg?aki_policy=large"", ""https://a0.muscache.com/im/pictures/2e8aefb0-f00d-43c4-aa28-81ab4bc3cb49.jpg?aki_policy=large""]";"{""beds"": 1, ""bedrooms"": 1, ""bathrooms"": 1.0, ""amenity_ids"": [1, 33, 34, 4, 45], ""is_rebookable"": false, ""is_new_listing"": false, ""is_fully_refundable"": true, ""is_host_highly_rated"": false, ""is_business_travel_ready"": false}";"{""weekly_factor"": 1.0, ""monthly_factor"": 1.0}";2989;"";"{""is_superhost"": false}"
24982252;Beautiful parisian loft style in Etienne Marcel;entire_home;Paris;Châtelet - Les Halles - Beaubourg;48.8647141787;2.34892271655;4;"[""https://a0.muscache.com/im/pictures/c43af48d-8e59-4cef-b44a-b94d986297b7.jpg?aki_policy=large"", ""https://a0.muscache.com/im/pictures/1adecd7b-f7ed-4d10-b619-040f997e6d7a.jpg?aki_policy=large"", ""https://a0.muscache.com/im/pictures/8a9d70fd-74cd-40b9-9549-fbed7bc5cfb0.jpg?aki_policy=large"", ""https://a0.muscache.com/im/pictures/fc31e652-957c-4094-ba6c-f5e08f14e2a3.jpg?aki_policy=large""]";"{""beds"": 2, ""bedrooms"": 2, ""bathrooms"": 1.0, ""amenity_ids"": [96, 1, 33, 34, 35, 4, 8, 40, 10, 44, 45, 46, 47, 21, 85, 57, 89, 90, 91, 93, 285, 30, 94, 31], ""is_rebookable"": false, ""is_new_listing"": false, ""is_fully_refundable"": true, ""is_host_highly_rated"": false, ""is_business_travel_ready"": false}";"{""weekly_factor"": 1.0, ""monthly_factor"": 1.0}";1008;"";"{""is_superhost"": false}"
24674724;LUXURY 2 Bedroom in Saint-Germain;entire_home;Paris;Saint Germain des Prés - Odéon;48.8470941349;2.33229862409;4;"[""https://a0.muscache.com/im/pictures/e07a9df1-46bd-4615-9fc5-46cbb2ff32b7.jpg?aki_policy=large"", ""https://a0.muscache.com/im/pictures/53f4e8c0-193d-454f-9e97-eb6d50d709dd.jpg?aki_policy=large"", ""https://a0.muscache.com/im/pictures/756a6006-de49-4b18-96a7-042690ca64c9.jpg?aki_policy=large"", ""https://a0.muscache.com/im/pictures/7f68d384-f58d-45dd-84c6-7130ae70cde8.jpg?aki_policy=large"", ""https://a0.muscache.com/im/pictures/18a62843-5bdc-473e-b804-79c8496cbfe5.jpg?aki_policy=large"", ""https://a0.muscache.com/im/pictures/67a8b905-f146-44a1-ad97-0de6fb621afd.jpg?aki_policy=large"", ""https://a0.muscache.com/im/pictures/6219418f-cfe4-425b-99b1-ec537e99113b.jpg?aki_policy=large"", ""https://a0.muscache.com/im/pictures/9aba7235-8730-4127-af70-2163c0a41a68.jpg?aki_policy=large"", ""https://a0.muscache.com/im/pictures/4a490ec9-a82e-438b-95a1-0512424e0a95.jpg?aki_policy=large"", ""https://a0.muscache.com/im/pictures/180a0317-d108-4d46-b378-719179fed0b8.jpg?aki_policy=large"", ""https://a0.muscache.com/im/pictures/b3ffd625-0ca1-46e6-8a55-4a1ce541de1b.jpg?aki_policy=large"", ""https://a0.muscache.com/im/pictures/b4b89c80-1bc4-49b4-b85e-d9a6e44248d1.jpg?aki_policy=large"", ""https://a0.muscache.com/im/pictures/1b893bb6-40c9-4a73-a28d-fdd6768c36c5.jpg?aki_policy=large"", ""https://a0.muscache.com/im/pictures/23ab3c13-a453-4198-bf90-afe266216637.jpg?aki_policy=large"", ""https://a0.muscache.com/im/pictures/ec8cb729-e90b-4a34-83fa-5b6fdccf7716.jpg?aki_policy=large"", ""https://a0.muscache.com/im/pictures/5eefad9d-abb7-440f-928d-2e495423875a.jpg?aki_policy=large"", ""https://a0.muscache.com/im/pictures/ccb0211d-4c06-4572-bbec-80ab45faf76d.jpg?aki_policy=large"", ""https://a0.muscache.com/im/pictures/2db7b934-aab5-4686-a28b-cdc15f7d5a92.jpg?aki_policy=large"", ""https://a0.muscache.com/im/pictures/966d575b-e022-40fd-830e-6f1a88655654.jpg?aki_policy=large"", ""https://a0.muscache.com/im/pictures/4101acbd-6f9c-4b54-8dff-69d6ce9cc96d.jpg?aki_policy=large"", ""https://a0.muscache.com/im/pictures/8d9399b7-c94a-448f-905f-1e3ce8720e13.jpg?aki_policy=large"", ""https://a0.muscache.com/im/pictures/ef1ad57e-4fbd-4ccf-affd-12086542b37b.jpg?aki_policy=large"", ""https://a0.muscache.com/im/pictures/5e17801d-a083-4323-8d1d-f450731a1fd8.jpg?aki_policy=large"", ""https://a0.muscache.com/im/pictures/d0f510a2-b929-4a53-b418-7d29011784b9.jpg?aki_policy=large"", ""https://a0.muscache.com/im/pictures/c2ca3b97-c1fc-4a8a-b4b7-565fcbaf655d.jpg?aki_policy=large"", ""https://a0.muscache.com/im/pictures/19d0e803-f722-4c9e-8073-d80888abf45b.jpg?aki_policy=large"", ""https://a0.muscache.com/im/pictures/fcd382c2-67da-47aa-8908-5233370b0dab.jpg?aki_policy=large"", ""https://a0.muscache.com/im/pictures/dbcf032c-1c22-4513-94a1-6a248ec8c810.jpg?aki_policy=large"", ""https://a0.muscache.com/im/pictures/6f528a38-ae1c-4696-bd94-121498337a41.jpg?aki_policy=large"", ""https://a0.muscache.com/im/pictures/6e4ace1d-35e9-45d1-86da-04c5566fff72.jpg?aki_policy=large""]";"{""beds"": 2, ""bedrooms"": 2, ""bathrooms"": 2.5, ""amenity_ids"": [64, 1, 129, 2, 66, 4, 71, 8, 72, 10, 77, 21, 85, 86, 87, 89, 90, 27, 91, 92, 93, 30, 94, 31, 95, 96, 33, 34, 35, 36, 37, 38, 39, 103, 40, 104, 41, 42, 44, 45, 46, 47, 57], ""is_rebookable"": false, ""is_new_listing"": false, ""is_fully_refundable"": true, ""is_host_highly_rated"": false, ""is_business_travel_ready"": false}";"{""weekly_factor"": 1.0, ""monthly_factor"": 1.0}";6949;"";"{""is_superhost"": false}"
24767194;Sublime 50sqm one-bedroom in Montorgueil;entire_home;Paris;2e arrondissement;48.8684542331;2.34964053688;2;"[""https://a0.muscache.com/im/pictures/a3282303-0430-48dc-b8c6-a9e38a260995.jpg?aki_policy=large"", ""https://a0.muscache.com/im/pictures/001620ef-38a5-4f9e-b7dd-6115f8fce17b.jpg?aki_policy=large"", ""https://a0.muscache.com/im/pictures/4cdcf884-abe9-44ff-91b3-ec7e8458e6fd.jpg?aki_policy=large"", ""https://a0.muscache.com/im/pictures/70134f67-3785-4539-96c6-7a11ff8b38ec.jpg?aki_policy=large"", ""https://a0.muscache.com/im/pictures/46db8497-f6c2-423d-b41e-a07347b009db.jpg?aki_policy=large"", ""https://a0.muscache.com/im/pictures/d85ceece-98c8-4ec4-8c17-49b3b989456c.jpg?aki_policy=large"", ""https://a0.muscache.com/im/pictures/76a9a093-2456-41e7-834b-4f99c1e5e908.jpg?aki_policy=large"", ""https://a0.muscache.com/im/pictures/f23f9983-91c7-4717-a5a1-b35fe5c4b829.jpg?aki_policy=large"", ""https://a0.muscache.com/im/pictures/eddaebaa-d91d-4474-845e-354e03354c61.jpg?aki_policy=large"", ""https://a0.muscache.com/im/pictures/823c03b9-9520-4743-be7f-fc8be5729a26.jpg?aki_policy=large"", ""https://a0.muscache.com/im/pictures/ae436370-f993-4673-a942-856d582456ad.jpg?aki_policy=large"", ""https://a0.muscache.com/im/pictures/277a367c-8be5-4e12-a4d0-14033060fcda.jpg?aki_policy=large"", ""https://a0.muscache.com/im/pictures/46865ee2-b82b-4da9-a74a-8a236a469f1b.jpg?aki_policy=large"", ""https://a0.muscache.com/im/pictures/41df97eb-18c3-46d2-8b7b-cd6a07cce564.jpg?aki_policy=large"", ""https://a0.muscache.com/im/pictures/7d7787b7-f4ca-40e2-aff5-fea4ce7bb691.jpg?aki_policy=large"", ""https://a0.muscache.com/im/pictures/99d20078-ceb6-4ffd-9a07-41bb3c9d3aeb.jpg?aki_policy=large""]";"{""beds"": 1, ""bedrooms"": 1, ""bathrooms"": 1.0, ""amenity_ids"": [1, 33, 2, 34, 35, 131, 4, 103, 8, 40, 72, 41, 44, 45, 77, 46, 47, 85, 57, 30], ""is_rebookable"": false, ""is_new_listing"": false, ""is_fully_refundable"": true, ""is_host_highly_rated"": false, ""is_business_travel_ready"": false}";"{""weekly_factor"": 1.0, ""monthly_factor"": 1.0}";2454;"";"{""is_superhost"": false}"
24721585;Charming and sunny apartment in the Latin District;entire_home;Paris;Saint Germain des Prés - Odéon;48.8552813066;2.33961391851;4;"[""https://a0.muscache.com/im/pictures/7ab19816-6561-4358-9061-ee3bc4ba8190.jpg?aki_policy=large"", ""https://a0.muscache.com/im/pictures/5435f031-b075-4f30-b502-eecce60a8ee0.jpg?aki_policy=large"", ""https://a0.muscache.com/im/pictures/6bd1620b-e8ac-4f71-adc0-c80f5742a52f.jpg?aki_policy=large"", ""https://a0.muscache.com/im/pictures/85296876-9d4f-4b6d-8f9f-6b7f5d69f177.jpg?aki_policy=large"", ""https://a0.muscache.com/im/pictures/d12fb40e-f2ca-42c5-9da1-3cf82b5c47b9.jpg?aki_policy=large"", ""https://a0.muscache.com/im/pictures/afeee64d-7f6f-477c-be05-c3e7d6529f9d.jpg?aki_policy=large"", ""https://a0.muscache.com/im/pictures/4af87f92-d32a-4c9d-990e-8712ee3a9de6.jpg?aki_policy=large"", ""https://a0.muscache.com/im/pictures/b43d86ef-9b2b-46b3-860c-5b6b066fcc96.jpg?aki_policy=large""]";"{""beds"": 2, ""bedrooms"": 1, ""bathrooms"": 1.0, ""amenity_ids"": [1, 2, 131, 4, 8, 10, 85, 90, 91, 92, 93, 30, 94, 95, 96, 33, 34, 35, 38, 40, 41, 42, 44, 45, 46, 47], ""is_rebookable"": false, ""is_new_listing"": false, ""is_fully_refundable"": true, ""is_host_highly_rated"": true, ""is_business_travel_ready"": false}";"{""weekly_factor"": 0.9, ""monthly_factor"": 1.0}";3766;"";"{""is_superhost"": false}"
28378125;Cosy and arty studio in the quartier latin;entire_home;Paris;Saint-Michel;48.8516289843;2.34761101531;2;"[""https://a0.muscache.com/im/pictures/d3ebb7c5-ea17-4fef-8c06-1714a2e17ba1.jpg?aki_policy=large"", ""https://a0.muscache.com/im/pictures/b2f886b8-20e0-4568-8ef9-4abbce42297f.jpg?aki_policy=large"", ""https://a0.muscache.com/im/pictures/6461254a-92a9-4b9d-a678-30b8c746beff.jpg?aki_policy=large"", ""https://a0.muscache.com/im/pictures/67e3e299-2b90-4a6d-acb1-393a99a88a46.jpg?aki_policy=large"", ""https://a0.muscache.com/im/pictures/6d7cd943-1682-417d-9137-c1a010aea0e2.jpg?aki_policy=large"", ""https://a0.muscache.com/im/pictures/f6ba10c4-61fa-49b4-aac7-02942f8df5bf.jpg?aki_policy=large"", ""https://a0.muscache.com/im/pictures/25a66625-5a59-4d71-8ba8-4fef29ef6a59.jpg?aki_policy=large"", ""https://a0.muscache.com/im/pictures/fafb7900-0954-49cd-bcfe-12143487d716.jpg?aki_policy=large""]";"{""beds"": 1, ""bedrooms"": 0, ""bathrooms"": 1.0, ""amenity_ids"": [4, 8, 40, 30], ""is_rebookable"": false, ""is_new_listing"": true, ""is_fully_refundable"": true, ""is_host_highly_rated"": false, ""is_business_travel_ready"": false}";"{""weekly_factor"": 1.0, ""monthly_factor"": 1.0}";4420;"";"{""is_superhost"": false}"
24743816;Chambre Designer à Saint Germain des Près;private_room;Paris;Saint Germain des Prés - Odéon;48.851494;2.337517;2;"[""https://a0.muscache.com/im/pictures/390c7ce0-c8d7-44bf-9580-d5312fba5eb0.jpg?aki_policy=large"", ""https://a0.muscache.com/im/pictures/80a16a50-2fce-44b0-9e1d-273c4a3006ca.jpg?aki_policy=large"", ""https://a0.muscache.com/im/pictures/8230cc6f-8e36-4884-9e11-51b41e612574.jpg?aki_policy=large"", ""https://a0.muscache.com/im/pictures/76762aaf-c3f5-4926-8863-840d87d0a78b.jpg?aki_policy=large"", ""https://a0.muscache.com/im/pictures/a77a12ed-01fd-4246-b9b5-cd6f8263a6c3.jpg?aki_policy=large"", ""https://a0.muscache.com/im/pictures/eda5df03-7092-47ab-b31b-bd2f7234ed9b.jpg?aki_policy=large"", ""https://a0.muscache.com/im/pictures/75bbfbed-1148-4276-90d6-9327c2a7531b.jpg?aki_policy=large"", ""https://a0.muscache.com/im/pictures/c0526f8a-6fe9-4481-b357-7d3b853245a7.jpg?aki_policy=large"", ""https://a0.muscache.com/im/pictures/6de0ea1f-f3f8-48f9-b35a-3f26cf111d2e.jpg?aki_policy=large"", ""https://a0.muscache.com/im/pictures/a6470f85-37d1-41b8-8cb7-1c5569aa3b89.jpg?aki_policy=large"", ""https://a0.muscache.com/im/pictures/70fba0ca-978a-4771-acaa-8e8e11721dc1.jpg?aki_policy=large"", ""https://a0.muscache.com/im/pictures/d93297ec-4e4f-48ca-a156-9d43de423b61.jpg?aki_policy=large""]";"{""beds"": 1, ""bedrooms"": 1, ""bathrooms"": 1.0, ""amenity_ids"": [64, 1, 2, 3, 4, 5, 10, 12, 77, 21, 85, 86, 87, 27, 30, 33, 34, 35, 36, 37, 39, 103, 40, 41, 44, 45, 46, 47, 51, 55], ""is_rebookable"": false, ""is_new_listing"": false, ""is_fully_refundable"": true, ""is_host_highly_rated"": false, ""is_business_travel_ready"": false}";"{""weekly_factor"": 1.0, ""monthly_factor"": 1.0}";50;"";"{""is_superhost"": false}"
24743818;Suite Designer à Saint Germain des Près;private_room;Paris;Saint Germain des Prés - Odéon;48.851494;2.337517;2;"[""https://a0.muscache.com/im/pictures/dd7365dd-c185-4d38-8537-f3c1fbe8b9ed.jpg?aki_policy=large"", ""https://a0.muscache.com/im/pictures/07af8665-39dc-4ca8-91d9-6991b5ba735a.jpg?aki_policy=large"", ""https://a0.muscache.com/im/pictures/857577a8-bb1d-4ddf-b1f1-1a457a5b60d7.jpg?aki_policy=large"", ""https://a0.muscache.com/im/pictures/5ffaa119-4f3c-4390-b39b-7aa76db074a3.jpg?aki_policy=large"", ""https://a0.muscache.com/im/pictures/e9dd2c1b-6ab1-4513-8496-354a9175bd9d.jpg?aki_policy=large"", ""https://a0.muscache.com/im/pictures/b25b4bae-2540-4aca-9279-42eb852bba54.jpg?aki_policy=large"", ""https://a0.muscache.com/im/pictures/e47538d7-95d2-4a61-bba6-593a9ea55901.jpg?aki_policy=large"", ""https://a0.muscache.com/im/pictures/ee9c8005-edb2-45b1-a486-22f5229e1cf0.jpg?aki_policy=large"", ""https://a0.muscache.com/im/pictures/d81db02f-c6f8-45c5-afcb-b99719b11ca7.jpg?aki_policy=large"", ""https://a0.muscache.com/im/pictures/71995513-2e5f-448c-8ac2-5db30766fd56.jpg?aki_policy=large"", ""https://a0.muscache.com/im/pictures/344a8237-9670-402b-9bc3-25225cfdf96f.jpg?aki_policy=large"", ""https://a0.muscache.com/im/pictures/7edc3dd0-147e-47e8-a27a-8a5165c69758.jpg?aki_policy=large"", ""https://a0.muscache.com/im/pictures/f8669ce1-e93b-41f8-831c-4689c8da1661.jpg?aki_policy=large"", ""https://a0.muscache.com/im/pictures/598ed85c-c2e4-472e-8929-2522c8953640.jpg?aki_policy=large""]";"{""beds"": 1, ""bedrooms"": 1, ""bathrooms"": 1.0, ""amenity_ids"": [64, 1, 2, 3, 4, 5, 10, 12, 77, 21, 85, 86, 87, 27, 30, 33, 34, 35, 36, 37, 39, 103, 40, 41, 44, 45, 46, 47, 51, 55, 61], ""is_rebookable"": false, ""is_new_listing"": false, ""is_fully_refundable"": true, ""is_host_highly_rated"": false, ""is_business_travel_ready"": false}";"{""weekly_factor"": 1.0, ""monthly_factor"": 1.0}";50;"";"{""is_superhost"": false}"
24743821;Chambre Designer pour 3 personnes à Saint Germain;private_room;Paris;Saint Germain des Prés - Odéon;48.851494;2.337517;3;"[""https://a0.muscache.com/im/pictures/481ddb7f-a996-48f4-9845-53c103bd42f6.jpg?aki_policy=large"", ""https://a0.muscache.com/im/pictures/1c688823-7b6d-44f6-9d09-4b7329f1568b.jpg?aki_policy=large"", ""https://a0.muscache.com/im/pictures/11e0ad53-8479-4ee9-a028-fc06ab0cac59.jpg?aki_policy=large"", ""https://a0.muscache.com/im/pictures/5e5bd2db-19f9-422a-81a5-5bef3ef6ec3c.jpg?aki_policy=large"", ""https://a0.muscache.com/im/pictures/de408106-d3d6-4d7c-91d1-bfaec63a930f.jpg?aki_policy=large"", ""https://a0.muscache.com/im/pictures/5b276f07-2e9f-4237-9463-903d48d3602a.jpg?aki_policy=large"", ""https://a0.muscache.com/im/pictures/77e44e75-49f0-4a8d-b7ee-2649c70b900e.jpg?aki_policy=large"", ""https://a0.muscache.com/im/pictures/4448150a-6583-497f-9276-8b070656111a.jpg?aki_policy=large"", ""https://a0.muscache.com/im/pictures/97b29cad-712f-46c8-bff8-81ba0bf5a2e0.jpg?aki_policy=large"", ""https://a0.muscache.com/im/pictures/a2a58324-aec9-47b5-a399-c1044d4ee5da.jpg?aki_policy=large"", ""https://a0.muscache.com/im/pictures/b338cc0c-6e53-4c0d-a024-f44d3b8846ac.jpg?aki_policy=large"", ""https://a0.muscache.com/im/pictures/acc6aa4d-b637-483a-91ab-5791a77fe530.jpg?aki_policy=large""]";"{""beds"": 2, ""bedrooms"": 1, ""bathrooms"": 1.0, ""amenity_ids"": [64, 1, 2, 3, 4, 5, 10, 12, 77, 21, 85, 86, 87, 27, 30, 35, 36, 37, 39, 103, 40, 41, 42, 44, 45, 46, 47, 51, 55, 61], ""is_rebookable"": false, ""is_new_listing"": false, ""is_fully_refundable"": true, ""is_host_highly_rated"": false, ""is_business_travel_ready"": false}";"{""weekly_factor"": 1.0, ""monthly_factor"": 1.0}";50;"";"{""is_superhost"": false}"
24746261;Grand appart famillial (Phone number hidden by Airbnb);entire_home;Paris;Buttes-Chaumont - Belleville;48.8824235493;2.38862543321;10;"[""https://a0.muscache.com/im/pictures/d1a114f5-27e0-4fcf-8893-b19e9825c4ea.jpg?aki_policy=large"", ""https://a0.muscache.com/im/pictures/942131a4-0249-4553-9f83-b5d0df62eada.jpg?aki_policy=large"", ""https://a0.muscache.com/im/pictures/c14e835a-2d0b-4f55-99e3-fda1d7675e8b.jpg?aki_policy=large"", ""https://a0.muscache.com/im/pictures/735aa093-f54e-4f07-aaf4-c67a59f2774d.jpg?aki_policy=large"", ""https://a0.muscache.com/im/pictures/6299a162-a6f4-4eb8-b717-c12b2b3d599d.jpg?aki_policy=large"", ""https://a0.muscache.com/im/pictures/06e1d18a-04ef-4dfe-a858-bb0faef26389.jpg?aki_policy=large"", ""https://a0.muscache.com/im/pictures/360d5c33-910d-47e4-bed0-c00e5f17e754.jpg?aki_policy=large""]";"{""beds"": 8, ""bedrooms"": 5, ""bathrooms"": 2.0, ""amenity_ids"": [1, 33, 34, 35, 4, 8, 40, 9, 44, 45, 46, 21, 57, 30, 31], ""is_rebookable"": false, ""is_new_listing"": false, ""is_fully_refundable"": true, ""is_host_highly_rated"": true, ""is_business_travel_ready"": false}";"{""weekly_factor"": 0.85, ""monthly_factor"": 0.7}";6916;"";"{""is_superhost"": false}"
24747993;Studio Vue Tour Eiffel avec Balcon;entire_home;Paris;Passy;48.8611107716;2.28531054111;2;"[""https://a0.muscache.com/im/pictures/f957fced-1fdb-4fa7-9157-3413ab6c8e9d.jpg?aki_policy=large"", ""https://a0.muscache.com/im/pictures/80de398b-7c51-4cc8-8362-8fdfed360674.jpg?aki_policy=large"", ""https://a0.muscache.com/im/pictures/9a7a4399-3153-425a-8437-6cbab6f964b4.jpg?aki_policy=large"", ""https://a0.muscache.com/im/pictures/e9e25bfe-c048-4146-b303-95d551d36a78.jpg?aki_policy=large"", ""https://a0.muscache.com/im/pictures/5c9f8418-18fd-4fcf-9474-84a57ddcae68.jpg?aki_policy=large"", ""https://a0.muscache.com/im/pictures/ce8d0209-717d-460c-bcf9-a5a285007d12.jpg?aki_policy=large"", ""https://a0.muscache.com/im/pictures/06db4aae-5bd5-489c-aff7-67308b1438ad.jpg?aki_policy=large""]";"{""beds"": 1, ""bedrooms"": 0, ""bathrooms"": 1.0, ""amenity_ids"": [4, 40, 10, 42, 44, 47, 51, 85, 54, 86, 87, 88, 61], ""is_rebookable"": false, ""is_new_listing"": false, ""is_fully_refundable"": true, ""is_host_highly_rated"": false, ""is_business_travel_ready"": false}";"{""weekly_factor"": 1.0, ""monthly_factor"": 1.0}";5079;"";"{""is_superhost"": false}"
24766158;Sensational luxury 300m²Montorgueil Duplex;private_room;Paris;Châtelet - Les Halles - Beaubourg;48.8658282956;2.34877750698;9;"[""https://a0.muscache.com/im/pictures/a0231443-ea08-4f2a-b9c5-190de7a6d5b2.jpg?aki_policy=large"", ""https://a0.muscache.com/im/pictures/dd1fdacc-f53c-47bf-b936-074389555f4a.jpg?aki_policy=large"", ""https://a0.muscache.com/im/pictures/5cf0ea63-a1b7-48e7-96d4-a5fde47645ae.jpg?aki_policy=large"", ""https://a0.muscache.com/im/pictures/7c16e5f8-2a94-45a9-b198-ef79e8581f69.jpg?aki_policy=large"", ""https://a0.muscache.com/im/pictures/bb58f9f9-ea57-4857-a348-e3a7af9c3c65.jpg?aki_policy=large"", ""https://a0.muscache.com/im/pictures/5483b6d8-65cd-4627-a881-bae570780df6.jpg?aki_policy=large"", ""https://a0.muscache.com/im/pictures/597d5485-bc7c-4eda-ad65-81a6146b749f.jpg?aki_policy=large"", ""https://a0.muscache.com/im/pictures/c8dec6ad-4594-4c11-92ca-d6a07dd6061e.jpg?aki_policy=large"", ""https://a0.muscache.com/im/pictures/0e9d23b3-14e3-4db9-9075-c579cefb828e.jpg?aki_policy=large"", ""https://a0.muscache.com/im/pictures/03246d41-96c1-4283-9a24-42fb871fcfe6.jpg?aki_policy=large"", ""https://a0.muscache.com/im/pictures/38322059-579a-4c89-b2a6-22b9f1fbe48d.jpg?aki_policy=large"", ""https://a0.muscache.com/im/pictures/7fa820bc-1711-4263-8567-e4db22a706b6.jpg?aki_policy=large"", ""https://a0.muscache.com/im/pictures/05f0ac1c-61e9-4fa1-99f4-0512be04d942.jpg?aki_policy=large"", ""https://a0.muscache.com/im/pictures/80b176b4-b27d-4bd1-b012-9109c31524aa.jpg?aki_policy=large"", ""https://a0.muscache.com/im/pictures/ba6b97ac-52d2-4617-a1ea-98b3526a8f02.jpg?aki_policy=large"", ""https://a0.muscache.com/im/pictures/315eb621-f222-4b09-8969-137dafd76170.jpg?aki_policy=large"", ""https://a0.muscache.com/im/pictures/3476e4a0-969a-41ad-9478-3bc3ee6f848a.jpg?aki_policy=large"", ""https://a0.muscache.com/im/pictures/34779dde-830b-48e7-adbd-29ec854dde7b.jpg?aki_policy=large"", ""https://a0.muscache.com/im/pictures/7967eeed-58a3-460e-becf-865b2ffe29ae.jpg?aki_policy=large"", ""https://a0.muscache.com/im/pictures/a29e24b1-8d0d-4df0-9a0a-e0e069c87b1e.jpg?aki_policy=large"", ""https://a0.muscache.com/im/pictures/c68323f1-8ade-499b-afc9-5567096b2ce7.jpg?aki_policy=large"", ""https://a0.muscache.com/im/pictures/c5bf1acc-73bf-48d5-b415-9481cb7f1291.jpg?aki_policy=large"", ""https://a0.muscache.com/im/pictures/4aceb9bf-91b7-41fa-a87f-995fbfec79f1.jpg?aki_policy=large"", ""https://a0.muscache.com/im/pictures/e886fd6f-e682-45a5-8cc7-859acff59391.jpg?aki_policy=large"", ""https://a0.muscache.com/im/pictures/4e56df66-f86e-49a5-9d76-73aea48f7aff.jpg?aki_policy=large"", ""https://a0.muscache.com/im/pictures/68c8a716-50ae-4e67-8124-8c73f30fdf89.jpg?aki_policy=large"", ""https://a0.muscache.com/im/pictures/2b0a5c8e-e14c-47cd-bf2a-e7a4d80fc776.jpg?aki_policy=large"", ""https://a0.muscache.com/im/pictures/2b8c6f7f-b2e9-435a-bc06-f9fa3dfd6ea6.jpg?aki_policy=large"", ""https://a0.muscache.com/im/pictures/66dbd183-72e2-43c9-a67a-0deffbb51c23.jpg?aki_policy=large"", ""https://a0.muscache.com/im/pictures/9efdf9ad-f72e-482d-a426-6fc5191433d8.jpg?aki_policy=large""]";"{""beds"": 4, ""bedrooms"": 4, ""bathrooms"": 3.0, ""amenity_ids"": [64, 1, 2, 4, 5, 71, 8, 77, 15, 85, 86, 89, 90, 27, 91, 92, 93, 30, 94, 95, 33, 34, 35, 100, 37, 39, 103, 40, 104, 42, 44, 45, 46, 47, 57], ""is_rebookable"": false, ""is_new_listing"": false, ""is_fully_refundable"": true, ""is_host_highly_rated"": false, ""is_business_travel_ready"": false}";"{""weekly_factor"": 1.0, ""monthly_factor"": 1.0}";2748;"";"{""is_superhost"": false}"
24769898;Appartement Saint Germain des près;entire_home;Paris;Saint Germain des Prés - Odéon;48.8490942582;2.32927928843;3;"[""https://a0.muscache.com/im/pictures/8984a9c8-7cb4-4ffd-9f10-64a448c8ad16.jpg?aki_policy=large"", ""https://a0.muscache.com/im/pictures/3987d159-31a9-499f-a449-302be62ce49c.jpg?aki_policy=large"", ""https://a0.muscache.com/im/pictures/cf6fd489-fd43-4972-8d79-619ece701768.jpg?aki_policy=large"", ""https://a0.muscache.com/im/pictures/391e7ae4-6cf3-4da1-bff9-048e7898a5dc.jpg?aki_policy=large"", ""https://a0.muscache.com/im/pictures/d10a71b6-42e2-483a-bf7c-a54a401f2f34.jpg?aki_policy=large"", ""https://a0.muscache.com/im/pictures/77d8eb6a-a371-471b-a31a-7e60fb19f100.jpg?aki_policy=large"", ""https://a0.muscache.com/im/pictures/d908d93b-482f-42a9-92df-b3c5a1b40041.jpg?aki_policy=large"", ""https://a0.muscache.com/im/pictures/33fb7c72-6a05-4f57-9d49-0f3e3863cdc4.jpg?aki_policy=large"", ""https://a0.muscache.com/im/pictures/e2478fcd-abc2-4ebd-a388-aafaac806cdf.jpg?aki_policy=large"", ""https://a0.muscache.com/im/pictures/08c48896-dec2-4b62-959c-dad9669ef830.jpg?aki_policy=large"", ""https://a0.muscache.com/im/pictures/9394a741-64f9-4b7d-881f-fd5f68e06640.jpg?aki_policy=large"", ""https://a0.muscache.com/im/pictures/c1e0dc45-661c-41a1-9102-b1e5afaf3846.jpg?aki_policy=large"", ""https://a0.muscache.com/im/pictures/cf6b6c8b-4b96-4773-98f2-e9239f5d0ee0.jpg?aki_policy=large"", ""https://a0.muscache.com/im/pictures/c200e7c4-f940-4626-91c6-52139d89c7c7.jpg?aki_policy=large"", ""https://a0.muscache.com/im/pictures/41bf0efd-8a7a-41a0-835f-dac843ede987.jpg?aki_policy=large"", ""https://a0.muscache.com/im/pictures/f10a520d-4b16-49c6-bf73-58660e2d1814.jpg?aki_policy=large""]";"{""beds"": 2, ""bedrooms"": 0, ""bathrooms"": 1.0, ""amenity_ids"": [1, 2, 131, 4, 8, 40, 41, 11, 44, 45, 77, 46, 47, 21, 28, 30], ""is_rebookable"": false, ""is_new_listing"": false, ""is_fully_refundable"": true, ""is_host_highly_rated"": false, ""is_business_travel_ready"": false}";"{""weekly_factor"": 0.8, ""monthly_factor"": 0.8}";926;"";"{""is_superhost"": false}"
24771427;Luxury 2 bedroom Apartment with AC near Louvre;entire_home;Paris;Châtelet - Les Halles - Beaubourg;48.8627908147;2.34182486119;10;"[""https://a0.muscache.com/im/pictures/ad1666be-a76b-451c-a33b-9d02764f3266.jpg?aki_policy=large"", ""https://a0.muscache.com/im/pictures/a7a5a15e-bcd3-4984-b519-3798f751b739.jpg?aki_policy=large"", ""https://a0.muscache.com/im/pictures/8d44e983-a685-4d5b-9627-acbf1f4668ac.jpg?aki_policy=large"", ""https://a0.muscache.com/im/pictures/aab8ef50-0d85-4b93-a28b-612b2b2c0ee0.jpg?aki_policy=large"", ""https://a0.muscache.com/im/pictures/6f940823-358f-49c2-85a4-7a98f083216d.jpg?aki_policy=large"", ""https://a0.muscache.com/im/pictures/97925319-433d-4781-96a3-a13b20ac3d9f.jpg?aki_policy=large"", ""https://a0.muscache.com/im/pictures/b6083575-f2b0-4dd1-90a2-c2929f1a785b.jpg?aki_policy=large"", ""https://a0.muscache.com/im/pictures/6730bc88-88a8-4d8a-b407-b632194d3c0b.jpg?aki_policy=large"", ""https://a0.muscache.com/im/pictures/82bea0ab-9f82-47ba-a43c-845b74d5e47d.jpg?aki_policy=large"", ""https://a0.muscache.com/im/pictures/be1d233d-5d3a-401f-9de8-c6065ac10145.jpg?aki_policy=large"", ""https://a0.muscache.com/im/pictures/1ce571c7-cec7-4154-a8f0-cc2c2bfee5e0.jpg?aki_policy=large"", ""https://a0.muscache.com/im/pictures/f0303559-417e-4008-9e09-a9edf51eaa5b.jpg?aki_policy=large"", ""https://a0.muscache.com/im/pictures/4e5ca191-5960-4b2d-9e9e-02ae618e0d4e.jpg?aki_policy=large"", ""https://a0.muscache.com/im/pictures/7263ce8c-03f1-4a15-af2a-c0d651c09076.jpg?aki_policy=large"", ""https://a0.muscache.com/im/pictures/bf558ae4-c790-4f7b-925c-8b8ebd41fdcf.jpg?aki_policy=large"", ""https://a0.muscache.com/im/pictures/edb0783b-6ad1-4d79-ad00-b2d803dd5abb.jpg?aki_policy=large"", ""https://a0.muscache.com/im/pictures/61daf02e-5145-4ab7-8d56-d3a0aa915ac7.jpg?aki_policy=large"", ""https://a0.muscache.com/im/pictures/2f864a44-7f3b-49d8-b8fb-7e5abfb054cb.jpg?aki_policy=large"", ""https://a0.muscache.com/im/pictures/13bd775f-514e-401c-9c92-c8d1ffca794c.jpg?aki_policy=large"", ""https://a0.muscache.com/im/pictures/1df000bf-ae61-4429-9d68-ffe418daddab.jpg?aki_policy=large"", ""https://a0.muscache.com/im/pictures/40acdc1a-46e5-4fb7-9dae-40e9c6b7b3b6.jpg?aki_policy=large"", ""https://a0.muscache.com/im/pictures/b9fb1caf-c570-40b1-8151-024b7700ce0b.jpg?aki_policy=large"", ""https://a0.muscache.com/im/pictures/6d350d39-90a6-4dae-9422-0399523c1732.jpg?aki_policy=large"", ""https://a0.muscache.com/im/pictures/bbbba0c7-b938-4db1-9700-678288bf6594.jpg?aki_policy=large"", ""https://a0.muscache.com/im/pictures/8337ea6f-740f-499a-a710-4aefdcf168df.jpg?aki_policy=large"", ""https://a0.muscache.com/im/pictures/949b7e72-ba01-43fe-adfe-729c70d754e4.jpg?aki_policy=large"", ""https://a0.muscache.com/im/pictures/745ed803-7ed8-4d7e-975e-4fc6ca459234.jpg?aki_policy=large"", ""https://a0.muscache.com/im/pictures/073158ec-8ef6-43fa-9165-e5e34d7ac923.jpg?aki_policy=large""]";"{""beds"": 6, ""bedrooms"": 2, ""bathrooms"": 2.0, ""amenity_ids"": [1, 4, 5, 8, 10, 77, 21, 85, 89, 91, 30, 94, 31, 96, 33, 34, 35, 36, 37, 40, 104, 41, 44, 45, 46, 47, 51, 52], ""is_rebookable"": false, ""is_new_listing"": false, ""is_fully_refundable"": true, ""is_host_highly_rated"": false, ""is_business_travel_ready"": false}";"{""weekly_factor"": 1.0, ""monthly_factor"": 1.0}";7047;"";"{""is_superhost"": false}"
24806198;Central & Beautiful apartment Tour Eiffel;entire_home;Paris;Tour Eiffel - Champ de Mars;48.8598591113;2.30774158646;2;"[""https://a0.muscache.com/im/pictures/25b7620e-ab17-4d65-a4ef-7b104f2faca7.jpg?aki_policy=large"", ""https://a0.muscache.com/im/pictures/4259dfcd-11e4-44ab-9bb2-77425d080ad1.jpg?aki_policy=large"", ""https://a0.muscache.com/im/pictures/a7f117e5-8021-44de-8356-0ae950995516.jpg?aki_policy=large"", ""https://a0.muscache.com/im/pictures/c429d6af-887f-4369-9c3c-b7520d038c9f.jpg?aki_policy=large"", ""https://a0.muscache.com/im/pictures/344e1af3-05fa-4bf8-b6c9-165bead08991.jpg?aki_policy=large"", ""https://a0.muscache.com/im/pictures/991e9ec2-32aa-44cd-b033-49aec5c8f0c2.jpg?aki_policy=large"", ""https://a0.muscache.com/im/pictures/84b4a5b5-4b08-49f2-be48-faf98e9f73e4.jpg?aki_policy=large"", ""https://a0.muscache.com/im/pictures/7cce66e6-7233-4c81-8884-f0181791ec2b.jpg?aki_policy=large"", ""https://a0.muscache.com/im/pictures/55cb7210-62a3-4f89-b79b-1a26606b98dc.jpg?aki_policy=large"", ""https://a0.muscache.com/im/pictures/c9cab359-ca41-477e-b679-0d9c9b1d83a8.jpg?aki_policy=large"", ""https://a0.muscache.com/im/pictures/111b720e-26e8-480b-84d0-00279d1c761a.jpg?aki_policy=large"", ""https://a0.muscache.com/im/pictures/7902ed93-94c4-4b99-836a-fcde21b9d1dd.jpg?aki_policy=large"", ""https://a0.muscache.com/im/pictures/d9704b95-5650-4704-911c-0183558791fc.jpg?aki_policy=large"", ""https://a0.muscache.com/im/pictures/ef36d4d4-893c-41a5-b9e2-edf66693553a.jpg?aki_policy=large"", ""https://a0.muscache.com/im/pictures/91a9af12-e400-4f3a-b42b-2cf025d4367e.jpg?aki_policy=large"", ""https://a0.muscache.com/im/pictures/0e428c8a-efe3-4fa5-bb89-d455cc7d4477.jpg?aki_policy=large"", ""https://a0.muscache.com/im/pictures/33d03093-3fc3-44b7-90e2-d95fe3ff30ac.jpg?aki_policy=large"", ""https://a0.muscache.com/im/pictures/6168fb33-81d1-4ab1-b1ff-da1bd07f88bf.jpg?aki_policy=large"", ""https://a0.muscache.com/im/pictures/978aa707-535e-4227-9118-e843b3dfa5f9.jpg?aki_policy=large"", ""https://a0.muscache.com/im/pictures/e19c5965-cc01-4a0a-ae0d-1b0c857710e7.jpg?aki_policy=large"", ""https://a0.muscache.com/im/pictures/72208721-092b-485a-893b-c6fceb9be073.jpg?aki_policy=large"", ""https://a0.muscache.com/im/pictures/7b4dfcd2-1f4e-4a3f-b727-2f0f1face4dd.jpg?aki_policy=large"", ""https://a0.muscache.com/im/pictures/1e8ea6e3-5a9e-4e06-8b95-650dedba610c.jpg?aki_policy=large"", ""https://a0.muscache.com/im/pictures/f43d91d1-b50b-4119-a355-fc489c7e4cd1.jpg?aki_policy=large"", ""https://a0.muscache.com/im/pictures/5060f35e-585c-4e3f-88a2-3a6d5e9cfc24.jpg?aki_policy=large"", ""https://a0.muscache.com/im/pictures/8ebfefb5-4039-487a-a27b-f240e0a8be15.jpg?aki_policy=large"", ""https://a0.muscache.com/im/pictures/5769e5e6-453f-4fc8-97ca-17f93bc5dccc.jpg?aki_policy=large"", ""https://a0.muscache.com/im/pictures/c733c194-3e92-4425-95b0-7b7b0922e50b.jpg?aki_policy=large"", ""https://a0.muscache.com/im/pictures/c46e4efd-1551-42dd-bf9e-d4f227413a1b.jpg?aki_policy=large"", ""https://a0.muscache.com/im/pictures/1de9472a-8ad4-4231-af80-cd5000018c85.jpg?aki_policy=large""]";"{""beds"": 1, ""bedrooms"": 1, ""bathrooms"": 1.0, ""amenity_ids"": [64, 131, 4, 8, 10, 77, 86, 23, 91, 93, 30, 94, 95, 33, 34, 98, 35, 38, 40, 104, 41, 44, 45, 46, 47, 115, 120, 61, 127], ""is_rebookable"": false, ""is_new_listing"": false, ""is_fully_refundable"": true, ""is_host_highly_rated"": true, ""is_business_travel_ready"": false}";"{""weekly_factor"": 0.89, ""monthly_factor"": 0.65}";2905;"";"{""is_superhost"": false}"
24841125;Suite Deluxe;private_room;Paris;"";48.8736482878;2.38223013948;4;"[""https://a0.muscache.com/im/pictures/ec12beb5-915e-4fcc-acda-0076882d8fb3.jpg?aki_policy=large"", ""https://a0.muscache.com/im/pictures/46647e79-02d1-406d-9f8b-766eea377331.jpg?aki_policy=large"", ""https://a0.muscache.com/im/pictures/8b930f68-d04d-40cc-91c3-678ee7d4a384.jpg?aki_policy=large"", ""https://a0.muscache.com/im/pictures/7edbbfca-9bb3-4b85-b009-a50140a0dc19.jpg?aki_policy=large"", ""https://a0.muscache.com/im/pictures/90526d83-c555-4d76-b7c9-20f81515b3f1.jpg?aki_policy=large"", ""https://a0.muscache.com/im/pictures/3bbf514c-cf4e-4a6f-9956-14b884173974.jpg?aki_policy=large"", ""https://a0.muscache.com/im/pictures/b02658dc-ddc0-4154-a287-3f193736e7e1.jpg?aki_policy=large"", ""https://a0.muscache.com/im/pictures/d3b1e267-2893-49cf-b800-8aacbad026ef.jpg?aki_policy=large""]";"{""bedrooms"": 1, ""bathrooms"": 1.0, ""amenity_ids"": [1, 129, 2, 4, 5, 72, 136, 10, 77, 86, 87, 27, 35, 37, 39, 103, 40, 104, 41, 44, 45, 46, 47, 116, 117, 118, 120, 121, 122, 123, 124, 125, 126], ""is_rebookable"": false, ""is_new_listing"": false, ""is_fully_refundable"": true, ""is_host_highly_rated"": true, ""is_business_travel_ready"": false}";"{""weekly_factor"": 1.0, ""monthly_factor"": 1.0}";3445;"";"{""is_superhost"": false}"
27421621;Daudin, studio vue Tour Eiffel;entire_home;Paris;Vaugirard;48.845166668;2.30765265505;2;"[""https://a0.muscache.com/im/pictures/9b41a70b-fda9-4d3d-9799-dcc522650754.jpg?aki_policy=large"", ""https://a0.muscache.com/im/pictures/6ce49300-1941-4745-a60f-edcba9909d5f.jpg?aki_policy=large"", ""https://a0.muscache.com/im/pictures/a0901bcf-0ac2-4937-a966-33fdd7e9edac.jpg?aki_policy=large"", ""https://a0.muscache.com/im/pictures/b10db7bf-ec81-423c-93d4-c4a788daa2cf.jpg?aki_policy=large"", ""https://a0.muscache.com/im/pictures/7650c6ad-15dc-4827-a6d5-99fb614ce901.jpg?aki_policy=large""]";"{""beds"": 1, ""bedrooms"": 0, ""bathrooms"": 1.0, ""amenity_ids"": [4, 91, 93], ""is_rebookable"": false, ""is_new_listing"": true, ""is_fully_refundable"": true, ""is_host_highly_rated"": true, ""is_business_travel_ready"": false}";"{""weekly_factor"": 0.74, ""monthly_factor"": 0.4}";6868;"";"{""is_superhost"": false}"
24867509;Charmant studio avec balcon;entire_home;Paris;Buttes-Chaumont - Belleville;48.8767425697;2.39020704529;2;"[""https://a0.muscache.com/im/pictures/242f8fd3-4009-4592-8d70-c077edfbe19f.jpg?aki_policy=large"", ""https://a0.muscache.com/im/pictures/9ce4212f-9f6e-46a6-9c37-382cf33ac57d.jpg?aki_policy=large"", ""https://a0.muscache.com/im/pictures/631ed9d5-bb6e-4d2d-be3b-15e6c8e812f4.jpg?aki_policy=large"", ""https://a0.muscache.com/im/pictures/3ce60682-ecbe-41ea-9224-d93f0a60d74a.jpg?aki_policy=large"", ""https://a0.muscache.com/im/pictures/88ebf5c3-dc13-4080-80e6-f4bd49705f3d.jpg?aki_policy=large"", ""https://a0.muscache.com/im/pictures/19bdc357-dc48-4a04-bc38-da724a450b22.jpg?aki_policy=large"", ""https://a0.muscache.com/im/pictures/0f15bbb2-8068-40d3-9bd3-184d5c323d00.jpg?aki_policy=large"", ""https://a0.muscache.com/im/pictures/dbeb00e5-ebc9-405a-ae7a-0073358e4c4b.jpg?aki_policy=large"", ""https://a0.muscache.com/im/pictures/5f658e5a-afcb-4eff-b401-9d05936635aa.jpg?aki_policy=large"", ""https://a0.muscache.com/im/pictures/cf2d6010-da1c-4012-a601-062860c0c88a.jpg?aki_policy=large"", ""https://a0.muscache.com/im/pictures/7e008f99-bba9-4991-98ad-d5f7681b3154.jpg?aki_policy=large"", ""https://a0.muscache.com/im/pictures/18defafc-a4e3-45da-8ec3-e72359693cdf.jpg?aki_policy=large"", ""https://a0.muscache.com/im/pictures/225f8704-a505-443a-a998-af044af4e41b.jpg?aki_policy=large"", ""https://a0.muscache.com/im/pictures/98bba3aa-04b5-47b8-adf9-fc93e5786bdf.jpg?aki_policy=large""]";"{""beds"": 1, ""bedrooms"": 0, ""bathrooms"": 1.0, ""amenity_ids"": [33, 129, 35, 4, 8, 40], ""is_rebookable"": false, ""is_new_listing"": false, ""is_fully_refundable"": true, ""is_host_highly_rated"": false, ""is_business_travel_ready"": false}";"{""weekly_factor"": 1.0, ""monthly_factor"": 1.0}";7428;"";"{""is_superhost"": false}"
24883068;Appartement familiale haussmanien / Gare du Nord;entire_home;Paris;"";48.8812415335;2.36217190708;7;"[""https://a0.muscache.com/im/pictures/df7b1e97-8489-4f4f-972f-a06e5ecd9d3e.jpg?aki_policy=large"", ""https://a0.muscache.com/im/pictures/9141c773-4727-4424-ad81-30b265aef7cc.jpg?aki_policy=large"", ""https://a0.muscache.com/im/pictures/220448ac-61fc-4831-8537-43e346db8f31.jpg?aki_policy=large"", ""https://a0.muscache.com/im/pictures/d4ce3dd7-0d4e-4bbb-9c75-b021e225af8e.jpg?aki_policy=large"", ""https://a0.muscache.com/im/pictures/9c207938-9e54-45f6-915d-c486757dc5d8.jpg?aki_policy=large"", ""https://a0.muscache.com/im/pictures/7196ce71-f9d7-4bb3-9106-95bf21bd5d96.jpg?aki_policy=large"", ""https://a0.muscache.com/im/pictures/6410fd72-2df5-430f-bf74-4f2a3d7c29d1.jpg?aki_policy=large"", ""https://a0.muscache.com/im/pictures/a58473c7-4f3f-4a52-8e01-79554abd4b55.jpg?aki_policy=large"", ""https://a0.muscache.com/im/pictures/fd6fa7b6-a9d5-4dc0-b42d-b60096b2d6f5.jpg?aki_policy=large"", ""https://a0.muscache.com/im/pictures/463c9215-6f17-4a86-b73e-b2e40378c259.jpg?aki_policy=large"", ""https://a0.muscache.com/im/pictures/9f339e35-0f9f-4f5b-9ae3-b6403be6bf5b.jpg?aki_policy=large"", ""https://a0.muscache.com/im/pictures/4db1bf69-1b36-476f-9552-58bb31aa70ac.jpg?aki_policy=large""]";"{""beds"": 3, ""bedrooms"": 3, ""bathrooms"": 1.0, ""amenity_ids"": [129, 66, 4, 71, 8, 72, 10, 77, 21, 89, 90, 91, 28, 92, 93, 30, 94, 31, 95, 96, 33, 34, 38, 40, 41, 44, 45, 46, 47, 56], ""is_rebookable"": false, ""is_new_listing"": false, ""is_fully_refundable"": true, ""is_host_highly_rated"": false, ""is_business_travel_ready"": false}";"{""weekly_factor"": 1.0, ""monthly_factor"": 1.0}";3567;"";"{""is_superhost"": false}"
24959389;Lucius, 1Ch/1Sdb, 2 personnes;entire_home;Paris;Châtelet - Les Halles - Beaubourg;48.8647490819;2.34924545985;2;"[""https://a0.muscache.com/im/pictures/85e55880-a22a-4a15-9020-2fbab6db5920.jpg?aki_policy=large"", ""https://a0.muscache.com/im/pictures/e9cdc1f6-2f9d-4d0f-ab2c-efd7531ce7b0.jpg?aki_policy=large"", ""https://a0.muscache.com/im/pictures/5b66e8fd-12e4-4205-bacf-d2d808d219a7.jpg?aki_policy=large"", ""https://a0.muscache.com/im/pictures/b8bea8bb-e73c-402f-801a-8bd61fd4451f.jpg?aki_policy=large"", ""https://a0.muscache.com/im/pictures/2e25b14f-c47f-4593-a91c-3744622a5bf0.jpg?aki_policy=large"", ""https://a0.muscache.com/im/pictures/ec253a7f-9115-4f04-9b1f-d68904b0eaf1.jpg?aki_policy=large"", ""https://a0.muscache.com/im/pictures/b1dd96c1-3aff-4a08-a7e8-2299be90fd25.jpg?aki_policy=large"", ""https://a0.muscache.com/im/pictures/6aa0da9e-7cec-410c-82ff-ff3b77664913.jpg?aki_policy=large"", ""https://a0.muscache.com/im/pictures/c737a886-a7e7-483c-954e-d36eb5f52cea.jpg?aki_policy=large""]";"{""beds"": 1, ""bedrooms"": 1, ""bathrooms"": 1.0, ""amenity_ids"": [1, 33, 34, 4, 8, 40, 12, 44, 45, 30, 46, 47], ""is_rebookable"": false, ""is_new_listing"": false, ""is_fully_refundable"": true, ""is_host_highly_rated"": true, ""is_business_travel_ready"": false}";"{""weekly_factor"": 0.86, ""monthly_factor"": 0.7}";6334;"";"{""is_superhost"": false}"
24959985;WONDERLAND LOFT HOUSE ! 3 FLOORS ! HEART OF PARIS!;entire_home;Paris;Châtelet - Les Halles - Beaubourg;48.8647247133;2.3501346292;5;"[""https://a0.muscache.com/im/pictures/9f6c2e64-c73e-4a59-9236-eed628b5c170.jpg?aki_policy=large"", ""https://a0.muscache.com/im/pictures/eb7af6c1-f1de-424b-88a7-9d4b22d42909.jpg?aki_policy=large"", ""https://a0.muscache.com/im/pictures/f5aaa6a8-db27-45a9-a92b-785d67bd0a7c.jpg?aki_policy=large"", ""https://a0.muscache.com/im/pictures/69a1e5fd-b1ae-4af5-8f62-da749e2d641c.jpg?aki_policy=large"", ""https://a0.muscache.com/im/pictures/d0f2658b-789f-4974-acf8-90a539de21fe.jpg?aki_policy=large"", ""https://a0.muscache.com/im/pictures/be3f5688-6ae6-49b4-ba8a-2c656d1a31d1.jpg?aki_policy=large"", ""https://a0.muscache.com/im/pictures/5f6bcb6e-3acf-46e9-99e1-5e9850c6aae7.jpg?aki_policy=large"", ""https://a0.muscache.com/im/pictures/c1bda634-7dab-464f-a34a-6773d7fcbd90.jpg?aki_policy=large"", ""https://a0.muscache.com/im/pictures/bc769eea-5157-49e8-8d23-f9ea6656ca72.jpg?aki_policy=large"", ""https://a0.muscache.com/im/pictures/119da855-e738-44f2-8002-e7b492c706c5.jpg?aki_policy=large"", ""https://a0.muscache.com/im/pictures/48cccd27-2942-4623-b9dc-81ef779f9546.jpg?aki_policy=large"", ""https://a0.muscache.com/im/pictures/aa3d53a1-e48d-4f5d-bf88-f3ab8386f6d2.jpg?aki_policy=large"", ""https://a0.muscache.com/im/pictures/1c75db7b-c6ff-4e6e-9939-2ad6a3a6420b.jpg?aki_policy=large"", ""https://a0.muscache.com/im/pictures/3c4aefec-eee1-4b88-a1a0-a557832d5bb8.jpg?aki_policy=large"", ""https://a0.muscache.com/im/pictures/1f532248-77e9-4879-a0ae-a525641aa21f.jpg?aki_policy=large"", ""https://a0.muscache.com/im/pictures/1e3e0879-e4d7-4244-8ab1-58b80a8f1af6.jpg?aki_policy=large"", ""https://a0.muscache.com/im/pictures/aefc5c61-0364-4364-9ace-d1ef19632fea.jpg?aki_policy=large"", ""https://a0.muscache.com/im/pictures/75fb4703-d2c5-41c7-92a1-638223d13262.jpg?aki_policy=large"", ""https://a0.muscache.com/im/pictures/d97a448d-162a-488f-bdad-be2c92594388.jpg?aki_policy=large"", ""https://a0.muscache.com/im/pictures/cd0c8863-0697-41ae-9794-04b1eacf351c.jpg?aki_policy=large"", ""https://a0.muscache.com/im/pictures/befb5e66-bbf5-4356-8bb9-45cc96e5f6f8.jpg?aki_policy=large"", ""https://a0.muscache.com/im/pictures/352325a9-8625-4982-a72d-64f77e66f884.jpg?aki_policy=large"", ""https://a0.muscache.com/im/pictures/e541e282-2b07-44b7-87e9-bed9ec68cdf2.jpg?aki_policy=large"", ""https://a0.muscache.com/im/pictures/53b753f1-ced3-42be-a6ad-f4ac79a45ac1.jpg?aki_policy=large"", ""https://a0.muscache.com/im/pictures/23db3814-9bf6-4759-ba2a-e4a5cbf0e127.jpg?aki_policy=large"", ""https://a0.muscache.com/im/pictures/943307d6-5d11-4b6c-b46a-1900bf739e5e.jpg?aki_policy=large""]";"{""beds"": 3, ""bedrooms"": 2, ""bathrooms"": 2.0, ""amenity_ids"": [1, 33, 129, 35, 4, 103, 8, 40, 41, 10, 44, 45, 77, 47, 23, 57, 90, 91, 92, 94], ""is_rebookable"": false, ""is_new_listing"": false, ""is_fully_refundable"": true, ""is_host_highly_rated"": true, ""is_business_travel_ready"": false}";"{""weekly_factor"": 1.0, ""monthly_factor"": 1.0}";5337;"";"{""is_superhost"": false}"
25024350;Appartement 80m2souplex composé au rez-de-chaussée;entire_home;Paris;Gare du Nord - Gare de I'Est;48.8792802632;2.3573883743;8;"[""https://a0.muscache.com/im/pictures/c0aaab17-f1bf-4494-8b32-8431843cf08b.jpg?aki_policy=large"", ""https://a0.muscache.com/im/pictures/5085c013-b803-4566-ae52-156163d8c4fa.jpg?aki_policy=large"", ""https://a0.muscache.com/im/pictures/22db7c96-1c10-49ed-8541-768127467102.jpg?aki_policy=large"", ""https://a0.muscache.com/im/pictures/afa9d3e1-d6b7-44cc-9a34-2a03042626c8.jpg?aki_policy=large"", ""https://a0.muscache.com/im/pictures/f7d8e6f3-ef97-4d9e-ac0c-fd51105061ad.jpg?aki_policy=large"", ""https://a0.muscache.com/im/pictures/4393aba9-d5c6-4bb5-adca-9e9a330d0a66.jpg?aki_policy=large"", ""https://a0.muscache.com/im/pictures/99e84393-cb63-4f2a-be50-f544e076de94.jpg?aki_policy=large"", ""https://a0.muscache.com/im/pictures/fe6474a9-e151-4311-98ff-f5db3af97e33.jpg?aki_policy=large"", ""https://a0.muscache.com/im/pictures/cee252e9-a50f-44d4-826b-7bbf5ba2e38f.jpg?aki_policy=large"", ""https://a0.muscache.com/im/pictures/bb15d2aa-c441-4ccd-8c8e-3a03cfd51982.jpg?aki_policy=large"", ""https://a0.muscache.com/im/pictures/cc5005de-9979-4514-9090-cfe4162db2b6.jpg?aki_policy=large"", ""https://a0.muscache.com/im/pictures/1a733fdf-1da4-41c8-a49c-ed3bb3a7b75d.jpg?aki_policy=large"", ""https://a0.muscache.com/im/pictures/b6c0c777-7543-4788-b665-8fe6f17e2318.jpg?aki_policy=large"", ""https://a0.muscache.com/im/pictures/74ad170f-3920-4633-a067-265ee3dfbe3f.jpg?aki_policy=large"", ""https://a0.muscache.com/im/pictures/2d324612-4821-4056-9b01-8ad16dd5f0c0.jpg?aki_policy=large"", ""https://a0.muscache.com/im/pictures/4468134a-33a6-40c7-a826-ef1133501dab.jpg?aki_policy=large"", ""https://a0.muscache.com/im/pictures/fbca925d-e21b-4992-9d21-70122a2215aa.jpg?aki_policy=large"", ""https://a0.muscache.com/im/pictures/34af075d-ec33-4381-a14e-be2590d2e8de.jpg?aki_policy=large"", ""https://a0.muscache.com/im/pictures/44712d05-43d4-4bd5-865a-d8ef22951745.jpg?aki_policy=large"", ""https://a0.muscache.com/im/pictures/5e6f9acd-dd47-4d54-b627-a2d438d82d20.jpg?aki_policy=large"", ""https://a0.muscache.com/im/pictures/0edb1f9f-ac69-40a5-ae22-f4d9728c07e5.jpg?aki_policy=large"", ""https://a0.muscache.com/im/pictures/04275d24-7020-404a-af14-36ff7cccf89a.jpg?aki_policy=large"", ""https://a0.muscache.com/im/pictures/6f84d980-dcdb-46e5-acca-80ff4f906984.jpg?aki_policy=large"", ""https://a0.muscache.com/im/pictures/7c5cb9a5-be1f-47a0-87d9-a3ae8af79c58.jpg?aki_policy=large"", ""https://a0.muscache.com/im/pictures/4493d3a9-edf6-4006-abde-908804100cfc.jpg?aki_policy=large"", ""https://a0.muscache.com/im/pictures/a72f8e7d-5b64-4ff6-9817-de848910c12b.jpg?aki_policy=large"", ""https://a0.muscache.com/im/pictures/d70fda54-0871-4da3-8972-3d2c3e756fd0.jpg?aki_policy=large"", ""https://a0.muscache.com/im/pictures/f11665d9-1db0-4ded-8f95-8d2e5c1679cd.jpg?aki_policy=large"", ""https://a0.muscache.com/im/pictures/2b549c6f-c5c6-4542-9810-c81e9624cc25.jpg?aki_policy=large"", ""https://a0.muscache.com/im/pictures/7027d72e-d315-41f2-89a4-1eb41582f402.jpg?aki_policy=large""]";"{""beds"": 3, ""bedrooms"": 3, ""bathrooms"": 3.0, ""amenity_ids"": [1, 129, 4, 5, 73, 10, 77, 85, 86, 89, 90, 91, 93, 30, 33, 35, 36, 37, 38, 39, 103, 40, 42, 45, 46, 47, 56], ""is_rebookable"": false, ""is_new_listing"": false, ""is_fully_refundable"": true, ""is_host_highly_rated"": true, ""is_business_travel_ready"": false}";"{""weekly_factor"": 1.0, ""monthly_factor"": 1.0}";6647;"";"{""is_superhost"": false}"
25053601;cosy & bright parisian studio with view;entire_home;Paris;Buttes-Chaumont - Belleville;48.8755363156;2.38060426309;2;"[""https://a0.muscache.com/im/pictures/793abf2b-bd6e-4e5b-bed2-0769199a3b0a.jpg?aki_policy=large"", ""https://a0.muscache.com/im/pictures/ac4534d4-f69c-41c9-8484-1469ad69c6d1.jpg?aki_policy=large"", ""https://a0.muscache.com/im/pictures/39dfafae-341b-4173-b761-d262a7e221f9.jpg?aki_policy=large"", ""https://a0.muscache.com/im/pictures/70b114f3-16a8-4c57-8dbc-91dd76a4a5f7.jpg?aki_policy=large"", ""https://a0.muscache.com/im/pictures/86cc1a55-fd9a-485e-889e-7a7b6a90d22e.jpg?aki_policy=large"", ""https://a0.muscache.com/im/pictures/b072b95a-1442-41c1-b8b2-cdbb2f7867d7.jpg?aki_policy=large"", ""https://a0.muscache.com/im/pictures/c0c97e92-404d-43f4-8862-bd0c0a34f0e8.jpg?aki_policy=large"", ""https://a0.muscache.com/im/pictures/b14c1315-ef7d-40c5-88a1-eb5ebef662fc.jpg?aki_policy=large"", ""https://a0.muscache.com/im/pictures/19a523be-a8e0-4d51-ae17-c73531676f21.jpg?aki_policy=large""]";"{""beds"": 1, ""bedrooms"": 1, ""bathrooms"": 1.0, ""amenity_ids"": [96, 129, 4, 37, 38, 8, 40, 41, 42, 45, 77, 46, 90, 91, 93, 94, 95], ""is_rebookable"": false, ""is_new_listing"": false, ""is_fully_refundable"": true, ""is_host_highly_rated"": false, ""is_business_travel_ready"": false}";"{""weekly_factor"": 1.0, ""monthly_factor"": 1.0}";5231;"";"{""is_superhost"": false}"
25068274;Can't beat the location and the charm!;entire_home;Paris;Châtelet - Les Halles - Beaubourg;48.8646606287;2.34881612691;4;"[""https://a0.muscache.com/im/pictures/85753813-693c-4533-899d-29b16509f30c.jpg?aki_policy=large"", ""https://a0.muscache.com/im/pictures/1dbf0521-35de-44ea-b72c-2bdf2da4aeb8.jpg?aki_policy=large"", ""https://a0.muscache.com/im/pictures/83b5fcf5-52de-4b28-8947-e848169f9e6a.jpg?aki_policy=large"", ""https://a0.muscache.com/im/pictures/7c10817d-14ee-431e-83eb-6e63ef3224bb.jpg?aki_policy=large"", ""https://a0.muscache.com/im/pictures/5911956f-cfab-490e-94f9-2eb7266191ec.jpg?aki_policy=large"", ""https://a0.muscache.com/im/pictures/c38269f2-4f43-45d6-894d-c95e7f80a849.jpg?aki_policy=large"", ""https://a0.muscache.com/im/pictures/8bd4b54a-abed-432d-80f9-d339d4efcd80.jpg?aki_policy=large""]";"{""beds"": 1, ""bedrooms"": 0, ""bathrooms"": 1.0, ""amenity_ids"": [1, 2, 4, 8, 12, 21, 85, 88, 89, 90, 91, 93, 30, 94, 31, 95, 96, 33, 35, 36, 103, 40, 104, 41, 44, 45, 46, 47, 57], ""is_rebookable"": false, ""is_new_listing"": false, ""is_fully_refundable"": true, ""is_host_highly_rated"": false, ""is_business_travel_ready"": false}";"{""weekly_factor"": 1.0, ""monthly_factor"": 1.0}";542;"";"{""is_superhost"": false}"
25117497;Big studio (29 sqm) in the heart of Paris;entire_home;Paris;Gare du Nord - Gare de I'Est;48.8825465659;2.3666655135;2;"[""https://a0.muscache.com/im/pictures/17be9f2c-9b71-4f86-a258-328b9bd88d77.jpg?aki_policy=large"", ""https://a0.muscache.com/im/pictures/87432496-4d7b-4e78-b5e6-0f3d95c75c00.jpg?aki_policy=large"", ""https://a0.muscache.com/im/pictures/26fb5760-a5ed-4898-a9fc-33d82bcd3950.jpg?aki_policy=large""]";"{""beds"": 1, ""bedrooms"": 0, ""bathrooms"": 1.0, ""amenity_ids"": [96, 1, 33, 35, 4, 8, 40, 41, 44, 45, 77, 46, 47, 16, 85, 57, 90, 27, 91, 92, 93, 30, 94, 95], ""is_rebookable"": false, ""is_new_listing"": false, ""is_fully_refundable"": true, ""is_host_highly_rated"": true, ""is_business_travel_ready"": false}";"{""weekly_factor"": 0.89, ""monthly_factor"": 0.78}";6405;"";"{""is_superhost"": false}"
25119860;Appartement au coeur de Paris (Le Marais);entire_home;Paris;Châtelet - Les Halles - Beaubourg;48.859002739;2.35033324727;6;"[""https://a0.muscache.com/im/pictures/ed9791a9-d629-41d5-ba92-82bb793cbd09.jpg?aki_policy=large"", ""https://a0.muscache.com/im/pictures/91a2e68b-a793-48af-9ecf-1092de604a96.jpg?aki_policy=large"", ""https://a0.muscache.com/im/pictures/334dfa86-b4fe-4f5d-806e-a36c91fe55c5.jpg?aki_policy=large"", ""https://a0.muscache.com/im/pictures/5ff268c7-1f90-45a0-8c04-32d71f8212a4.jpg?aki_policy=large"", ""https://a0.muscache.com/im/pictures/ed4738f6-3b23-4475-81cc-7be2ea776900.jpg?aki_policy=large"", ""https://a0.muscache.com/im/pictures/ddb5e714-424f-4ec6-b02e-9499a19d1a9b.jpg?aki_policy=large"", ""https://a0.muscache.com/im/pictures/dc0f4e8c-924c-4867-9df7-034896125917.jpg?aki_policy=large"", ""https://a0.muscache.com/im/pictures/5cf6684d-c212-484b-86e0-f97beffc528a.jpg?aki_policy=large"", ""https://a0.muscache.com/im/pictures/31b72fc5-1227-44ac-8162-8794a87d9e62.jpg?aki_policy=large""]";"{""beds"": 4, ""bedrooms"": 2, ""bathrooms"": 1.0, ""amenity_ids"": [64, 1, 33, 34, 66, 35, 4, 71, 8, 40, 41, 44, 45, 77, 46, 47, 51, 54, 30, 31], ""is_rebookable"": false, ""is_new_listing"": false, ""is_fully_refundable"": true, ""is_host_highly_rated"": true, ""is_business_travel_ready"": false}";"{""weekly_factor"": 0.8, ""monthly_factor"": 0.8}";4150;"";"{""is_superhost"": false}"
25120614;STUDIO FONCTIONNEL - SAINT GERMAIN DES PRÈS;entire_home;Paris 6e Arrondissement;Saint Germain des Prés - Odéon;48.8551629087;2.34120405145;2;"[""https://a0.muscache.com/im/pictures/d5a0dcc5-4108-4e28-9e1a-7c1c2ca6bffc.jpg?aki_policy=large"", ""https://a0.muscache.com/im/pictures/03c420c1-0b36-4456-83d2-12ac7e5de760.jpg?aki_policy=large"", ""https://a0.muscache.com/im/pictures/efcae16b-51c9-4c0b-b946-96c0f5ac2ea0.jpg?aki_policy=large"", ""https://a0.muscache.com/im/pictures/20326dfc-b49b-4f5c-b1c2-365cf93b70af.jpg?aki_policy=large"", ""https://a0.muscache.com/im/pictures/9b96eb23-8978-4ddf-89c3-f020fa1a3c9b.jpg?aki_policy=large"", ""https://a0.muscache.com/im/pictures/59816eb4-b2fd-448d-ae33-fd8d5438e800.jpg?aki_policy=large"", ""https://a0.muscache.com/im/pictures/6e13b1f5-5275-46c5-b25d-608d1ce9cb39.jpg?aki_policy=large"", ""https://a0.muscache.com/im/pictures/f4e34c82-aeb2-4cd8-b823-61711ac59220.jpg?aki_policy=large""]";"{""beds"": 2, ""bedrooms"": 0, ""bathrooms"": 1.0, ""amenity_ids"": [3, 35, 4, 8, 40, 41, 44, 45, 30, 31, 47], ""is_rebookable"": false, ""is_new_listing"": false, ""is_fully_refundable"": true, ""is_host_highly_rated"": false, ""is_business_travel_ready"": false}";"{""weekly_factor"": 1.0, ""monthly_factor"": 0.9}";537;"";"{""is_superhost"": false}"
25145168;STUDIO ON RUE DU TEMPLE~LE MARAIS;private_room;Paris;Le Marais;48.8621729489;2.35819252014;4;"[""https://a0.muscache.com/im/pictures/4b7736ac-396f-41c0-9f57-aebdfa94be82.jpg?aki_policy=large"", ""https://a0.muscache.com/im/pictures/f2d7eb26-3da5-475a-92a7-2adb11451279.jpg?aki_policy=large"", ""https://a0.muscache.com/im/pictures/f9b1c13e-a697-4d75-adbc-6e29d48e92b4.jpg?aki_policy=large"", ""https://a0.muscache.com/im/pictures/aa6dfc22-7641-49a2-b325-f8106f8a504f.jpg?aki_policy=large"", ""https://a0.muscache.com/im/pictures/64984fc5-9538-48a1-ac99-a1ac3e3cd570.jpg?aki_policy=large"", ""https://a0.muscache.com/im/pictures/0178e3ff-2933-4789-87ea-d4d7d686733f.jpg?aki_policy=large"", ""https://a0.muscache.com/im/pictures/80664341-9a83-42a1-89c8-38fa75b7b06f.jpg?aki_policy=large"", ""https://a0.muscache.com/im/pictures/8ad7f4d7-bbee-4dcf-8611-a4abbffb286c.jpg?aki_policy=large"", ""https://a0.muscache.com/im/pictures/f03b9a92-ffeb-48e5-99c6-03a576de29f1.jpg?aki_policy=large"", ""https://a0.muscache.com/im/pictures/3132d604-7d10-4395-b59d-ec2e609b52e8.jpg?aki_policy=large"", ""https://a0.muscache.com/im/pictures/0ec2a5b2-3376-4128-a6e6-83ffd3c47d62.jpg?aki_policy=large"", ""https://a0.muscache.com/im/pictures/6bc02eaa-3f0e-4d59-bd54-13dd5b8dc970.jpg?aki_policy=large"", ""https://a0.muscache.com/im/pictures/1b780e55-8e3a-411c-b13a-b4da1ef479b6.jpg?aki_policy=large"", ""https://a0.muscache.com/im/pictures/aca9aa4a-703f-45e3-9860-4e134dae3d95.jpg?aki_policy=large"", ""https://a0.muscache.com/im/pictures/182ad50d-25bb-4f54-88ee-a0350cb12763.jpg?aki_policy=large""]";"{""beds"": 2, ""bedrooms"": 0, ""bathrooms"": 1.0, ""amenity_ids"": [1, 2, 4, 8, 77, 85, 86, 89, 90, 27, 91, 92, 93, 30, 94, 31, 96, 33, 34, 98, 35, 39, 40, 42, 44, 45, 56, 57], ""is_rebookable"": false, ""is_new_listing"": false, ""is_fully_refundable"": true, ""is_host_highly_rated"": false, ""is_business_travel_ready"": false}";"{""weekly_factor"": 1.0, ""monthly_factor"": 1.0}";2748;"";"{""is_superhost"": false}"
25160029;TYPICAL PARISIAN FLAT IN ILE SAINT LOUIS;entire_home;Paris;Saint-Paul - Ile Saint-Louis;48.8516808787;2.35669335747;4;"[""https://a0.muscache.com/im/pictures/00e760d4-da5e-44c3-9b7b-d35725df9bf5.jpg?aki_policy=large"", ""https://a0.muscache.com/im/pictures/42052bd1-77db-4eb1-89a7-993caa82e829.jpg?aki_policy=large"", ""https://a0.muscache.com/im/pictures/4637aaeb-6bba-48fe-89d0-1bc7edbda18b.jpg?aki_policy=large"", ""https://a0.muscache.com/im/pictures/b6c746d2-91ea-46f2-9a30-eeb9d0fe5c38.jpg?aki_policy=large"", ""https://a0.muscache.com/im/pictures/61cdc38c-6c32-44f5-b1fe-6638ca470aea.jpg?aki_policy=large"", ""https://a0.muscache.com/im/pictures/75bbe664-4962-4f44-b632-956be95a4f49.jpg?aki_policy=large"", ""https://a0.muscache.com/im/pictures/7deb164f-aa02-4856-90ed-084c6b95b99b.jpg?aki_policy=large"", ""https://a0.muscache.com/im/pictures/cf73e161-c970-4e66-8139-c5d6be5e9060.jpg?aki_policy=large"", ""https://a0.muscache.com/im/pictures/c4a58b63-a080-471f-bb7e-8c6b90e83e15.jpg?aki_policy=large"", ""https://a0.muscache.com/im/pictures/ef3a505b-d94c-48fa-a775-13794041961b.jpg?aki_policy=large"", ""https://a0.muscache.com/im/pictures/bb1c7410-0225-4057-8730-3e0a448337be.jpg?aki_policy=large"", ""https://a0.muscache.com/im/pictures/2aaa63b9-deb6-4ccc-8a28-5f2cceb4ab68.jpg?aki_policy=large"", ""https://a0.muscache.com/im/pictures/a9702f3e-291e-4e57-a8a2-56f844d77ed4.jpg?aki_policy=large"", ""https://a0.muscache.com/im/pictures/2fa5a4c8-38c7-46f8-8f29-2f585eeb3da7.jpg?aki_policy=large"", ""https://a0.muscache.com/im/pictures/26dfa410-f352-4d28-abbd-21705c7a9980.jpg?aki_policy=large"", ""https://a0.muscache.com/im/pictures/519846b7-2eb4-428f-bd85-49417691a367.jpg?aki_policy=large"", ""https://a0.muscache.com/im/pictures/d9695245-00e6-41f5-b46e-99f0853e60f8.jpg?aki_policy=large"", ""https://a0.muscache.com/im/pictures/bcbf3185-ca68-40a8-b503-ca8db11b4a07.jpg?aki_policy=large"", ""https://a0.muscache.com/im/pictures/8860e3b6-39d7-4d8d-82e0-80e5e231779f.jpg?aki_policy=large"", ""https://a0.muscache.com/im/pictures/670c6b21-5edf-47d4-ab12-ee6c6019f3f1.jpg?aki_policy=large"", ""https://a0.muscache.com/im/pictures/dd06be3d-fe63-488d-a464-d87b6d4c52cf.jpg?aki_policy=large""]";"{""beds"": 2, ""bedrooms"": 2, ""bathrooms"": 1.0, ""amenity_ids"": [1, 131, 4, 5, 8, 10, 77, 89, 90, 91, 92, 93, 30, 94, 95, 96, 33, 34, 35, 36, 40, 42, 44, 45, 46, 47], ""is_rebookable"": false, ""is_new_listing"": false, ""is_fully_refundable"": true, ""is_host_highly_rated"": true, ""is_business_travel_ready"": false}";"{""weekly_factor"": 1.0, ""monthly_factor"": 1.0}";1269;"";"{""is_superhost"": false}"
25164387;Studio au cœur du Marais et au centre de Paris;private_room;Paris;Le Marais;48.8551887405;2.36542407444;2;"[""https://a0.muscache.com/im/pictures/09a18448-e461-45fa-83af-8c028bc5958d.jpg?aki_policy=large"", ""https://a0.muscache.com/im/pictures/3a3d3756-52ac-4d86-826d-79ffd81cc493.jpg?aki_policy=large"", ""https://a0.muscache.com/im/pictures/d8ba413e-b1db-4261-a4a6-bdb116d0068d.jpg?aki_policy=large"", ""https://a0.muscache.com/im/pictures/53ecdd69-435b-4541-a182-b44162e5e16a.jpg?aki_policy=large"", ""https://a0.muscache.com/im/pictures/0cca93e4-8c42-43a3-8b06-cce7d7e60a0b.jpg?aki_policy=large"", ""https://a0.muscache.com/im/pictures/ff12b2ae-cc56-498f-aa92-49ad1bf22f95.jpg?aki_policy=large"", ""https://a0.muscache.com/im/pictures/02a54ddc-20f8-4f40-bed3-2398566118d6.jpg?aki_policy=large""]";"{""beds"": 1, ""bedrooms"": 1, ""bathrooms"": 1.0, ""amenity_ids"": [1, 129, 2, 35, 4, 5, 103, 8, 40, 104, 41, 10, 44, 45, 46, 47, 57, 30], ""is_rebookable"": false, ""is_new_listing"": false, ""is_fully_refundable"": true, ""is_host_highly_rated"": false, ""is_business_travel_ready"": false}";"{""weekly_factor"": 0.9, ""monthly_factor"": 0.8}";1492;"";"{""is_superhost"": false}"
25242253;Grand 3 pièces,  tout confort, très calme;entire_home;Paris;Bastille;48.8514945821;2.38147283555;4;"[""https://a0.muscache.com/im/pictures/5d0b2b93-4571-4ab0-80c0-fee99454ed90.jpg?aki_policy=large"", ""https://a0.muscache.com/im/pictures/2e88f518-6fff-4cd6-81b4-3095109f39bf.jpg?aki_policy=large"", ""https://a0.muscache.com/im/pictures/158e4682-7ef1-4f1d-8605-221a9b0a9b0a.jpg?aki_policy=large"", ""https://a0.muscache.com/im/pictures/440bd7cf-09ed-4480-87fa-170488f4365d.jpg?aki_policy=large"", ""https://a0.muscache.com/im/pictures/b2e79e6e-bc87-4f0e-8cfd-1b0fc02f46d9.jpg?aki_policy=large"", ""https://a0.muscache.com/im/pictures/56339826-a4e4-4704-b509-986627cf0714.jpg?aki_policy=large"", ""https://a0.muscache.com/im/pictures/e3960363-779f-4212-aa13-8c567cb6e0be.jpg?aki_policy=large"", ""https://a0.muscache.com/im/pictures/74c5a0d2-79aa-467c-8ea8-82207e7397d8.jpg?aki_policy=large"", ""https://a0.muscache.com/im/pictures/134060cb-577b-4ea6-a969-28c7a1e32c55.jpg?aki_policy=large"", ""https://a0.muscache.com/im/pictures/cdd0902d-5f78-4a68-b169-e535cb0569bc.jpg?aki_policy=large"", ""https://a0.muscache.com/im/pictures/281a90e6-1375-4990-8b2e-9712c05533ab.jpg?aki_policy=large"", ""https://a0.muscache.com/im/pictures/7b463021-0c17-4a2c-bb1f-96a8ec0cc6d9.jpg?aki_policy=large""]";"{""beds"": 2, ""bedrooms"": 2, ""bathrooms"": 1.5, ""amenity_ids"": [1, 33, 34, 4, 8, 40, 9, 44, 45, 46, 47, 21, 57, 30, 31], ""is_rebookable"": false, ""is_new_listing"": false, ""is_fully_refundable"": true, ""is_host_highly_rated"": false, ""is_business_travel_ready"": false}";"{""weekly_factor"": 1.0, ""monthly_factor"": 1.0}";5286;"";"{""is_superhost"": false}"
25312407;Suite La Sublime;private_room;Paris;Notre Dame - Ile de La Cité;48.8540605966;2.34815842071;2;"[""https://a0.muscache.com/im/pictures/d4117132-dcea-4bfc-b353-b090e5dbb48f.jpg?aki_policy=large"", ""https://a0.muscache.com/im/pictures/4cddfb80-c3c6-40c3-abe6-16e2232ac4f3.jpg?aki_policy=large"", ""https://a0.muscache.com/im/pictures/b3bcba1f-885c-4c4c-9f45-c5ee99302269.jpg?aki_policy=large"", ""https://a0.muscache.com/im/pictures/50f34f8e-4436-4179-9cad-c94663b7f0c6.jpg?aki_policy=large"", ""https://a0.muscache.com/im/pictures/3df29746-658a-4975-995d-7153504d9dc4.jpg?aki_policy=large"", ""https://a0.muscache.com/im/pictures/4798951c-1c0f-4bab-a72f-b86d484fab07.jpg?aki_policy=large"", ""https://a0.muscache.com/im/pictures/15182bb0-896f-4789-b69c-312318bcbfa6.jpg?aki_policy=large"", ""https://a0.muscache.com/im/pictures/52948739-f8f4-4a09-a862-1a001da942f4.jpg?aki_policy=large"", ""https://a0.muscache.com/im/pictures/087e3513-bcaa-4422-b581-5902b55704a6.jpg?aki_policy=large"", ""https://a0.muscache.com/im/pictures/dec3384a-4c7e-4658-baa8-2bb8a3dbf054.jpg?aki_policy=large"", ""https://a0.muscache.com/im/pictures/eddad993-a4c4-4f0b-a75a-917af8e14205.jpg?aki_policy=large"", ""https://a0.muscache.com/im/pictures/ae0bb45e-d89a-4a97-953c-e79771066d25.jpg?aki_policy=large"", ""https://a0.muscache.com/im/pictures/492655ff-5356-44cd-a10f-fd81f7ce259b.jpg?aki_policy=large"", ""https://a0.muscache.com/im/pictures/56e9eecd-00e9-4d47-b3b7-62d77222cc77.jpg?aki_policy=large""]";"{""beds"": 1, ""bedrooms"": 1, ""bathrooms"": 1.0, ""amenity_ids"": [128, 1, 2, 3, 4, 5, 77, 21, 86, 87, 33, 34, 35, 37, 39, 103, 40, 41, 44, 45, 110, 47, 111, 112, 51, 115, 55, 61, 127], ""is_rebookable"": false, ""is_new_listing"": false, ""is_fully_refundable"": true, ""is_host_highly_rated"": false, ""is_business_travel_ready"": false}";"{""weekly_factor"": 1.0, ""monthly_factor"": 1.0}";6714;"";"{""is_superhost"": false}"
25360554;DUPLEX ROMANTIQUE;entire_home;Paris;Pigalle - Saint-Georges;48.8815395509;2.33565981746;2;"[""https://a0.muscache.com/im/pictures/1a41bb3e-3243-422b-905c-1c8f79583bd1.jpg?aki_policy=large"", ""https://a0.muscache.com/im/pictures/e31a783b-d3cd-41d7-92f5-ad0dd00ec9ab.jpg?aki_policy=large"", ""https://a0.muscache.com/im/pictures/e9c8a8d7-0e89-4d7c-a108-b8da8c2ba402.jpg?aki_policy=large"", ""https://a0.muscache.com/im/pictures/a17ccf2d-070b-435f-bbf0-4bc53d42d6cc.jpg?aki_policy=large"", ""https://a0.muscache.com/im/pictures/f8f17178-84b1-4ff5-989d-d320c5368d1e.jpg?aki_policy=large"", ""https://a0.muscache.com/im/pictures/372f3cb6-28bb-4b7f-8259-2799ee53a407.jpg?aki_policy=large"", ""https://a0.muscache.com/im/pictures/3267c01e-90ac-4ca5-9cf8-6729b1f0d88b.jpg?aki_policy=large"", ""https://a0.muscache.com/im/pictures/05c983b0-63de-414d-9dcd-55895d6cb6e7.jpg?aki_policy=large"", ""https://a0.muscache.com/im/pictures/0a207c8e-e9cd-4c9c-9f3d-be1ac9aaaabc.jpg?aki_policy=large"", ""https://a0.muscache.com/im/pictures/6048a1aa-2de7-4971-8d8f-2e836c3a430b.jpg?aki_policy=large"", ""https://a0.muscache.com/im/pictures/86c5ab55-2bc4-4c3e-90e0-77870de70076.jpg?aki_policy=large"", ""https://a0.muscache.com/im/pictures/32d0a208-207a-46e5-b675-51f93f0c04ae.jpg?aki_policy=large"", ""https://a0.muscache.com/im/pictures/9c801642-e54f-4c80-9a1b-b38976d0a7ac.jpg?aki_policy=large"", ""https://a0.muscache.com/im/pictures/5330b086-bd6a-44a5-a5ed-b8cc89fc3599.jpg?aki_policy=large"", ""https://a0.muscache.com/im/pictures/12f3b9a4-04a1-46c4-a9ae-e2f4cd714a62.jpg?aki_policy=large"", ""https://a0.muscache.com/im/pictures/df0cbf84-c769-4fbf-acac-b8e04747d546.jpg?aki_policy=large"", ""https://a0.muscache.com/im/pictures/e723a521-dc3c-49cf-a609-91c181316763.jpg?aki_policy=large"", ""https://a0.muscache.com/im/pictures/260b46b5-4d6d-4a0f-ad3f-d17564e18200.jpg?aki_policy=large"", ""https://a0.muscache.com/im/pictures/3072141b-ab77-4dc4-97d3-08eb21cbf783.jpg?aki_policy=large"", ""https://a0.muscache.com/im/pictures/30481eda-7a71-42e4-bcca-866aa9085d1c.jpg?aki_policy=large"", ""https://a0.muscache.com/im/pictures/7f805368-4cf3-4545-b5f5-8fa9ab499c22.jpg?aki_policy=large"", ""https://a0.muscache.com/im/pictures/cce9f896-75b9-44cb-95ff-fb20ac3b347b.jpg?aki_policy=large"", ""https://a0.muscache.com/im/pictures/9c8708ea-c4c9-48e6-9763-6b8c44c61761.jpg?aki_policy=large"", ""https://a0.muscache.com/im/pictures/47a799af-0b3a-43cf-af13-c991c8e81a4e.jpg?aki_policy=large"", ""https://a0.muscache.com/im/pictures/bcd8c666-f435-40a0-9f76-8eddd8356fd8.jpg?aki_policy=large"", ""https://a0.muscache.com/im/pictures/448ee04b-43d1-4c81-ad7a-7c84614a7ede.jpg?aki_policy=large"", ""https://a0.muscache.com/im/pictures/8a138eb2-f34e-40ad-b653-59e751b382c0.jpg?aki_policy=large""]";"{""beds"": 1, ""bedrooms"": 1, ""bathrooms"": 1.0, ""amenity_ids"": [1, 129, 35, 4, 36, 102, 39, 8, 40, 41, 10, 44, 45, 77, 46, 47], ""is_rebookable"": false, ""is_new_listing"": false, ""is_fully_refundable"": true, ""is_host_highly_rated"": true, ""is_business_travel_ready"": false}";"{""weekly_factor"": 0.85, ""monthly_factor"": 0.75}";4348;"";"{""is_superhost"": false}"
25360611;Cosy studio NEUF Paris Canal St Martin-République;entire_home;Paris;République;48.8711812321;2.37058048193;2;"[""https://a0.muscache.com/im/pictures/7a81776b-a89c-46d4-8ddc-3234a3a9f488.jpg?aki_policy=large"", ""https://a0.muscache.com/im/pictures/d56b5c4a-951d-479f-9689-c5621ca8e178.jpg?aki_policy=large"", ""https://a0.muscache.com/im/pictures/5647db3c-74aa-4e6a-92f1-2da448ca2e3c.jpg?aki_policy=large"", ""https://a0.muscache.com/im/pictures/184fd904-576e-4900-94df-1e0418c6d98f.jpg?aki_policy=large"", ""https://a0.muscache.com/im/pictures/8160fa58-8915-4d77-9753-46308933bc88.jpg?aki_policy=large"", ""https://a0.muscache.com/im/pictures/675e8933-8011-4da7-9255-b1c4c8364390.jpg?aki_policy=large""]";"{""beds"": 1, ""bedrooms"": 0, ""bathrooms"": 1.0, ""amenity_ids"": [16, 1, 4, 8, 40, 41, 42, 44, 45, 14, 30, 47], ""is_rebookable"": false, ""is_new_listing"": false, ""is_fully_refundable"": true, ""is_host_highly_rated"": false, ""is_business_travel_ready"": false}";"{""weekly_factor"": 1.0, ""monthly_factor"": 1.0}";2132;"";"{""is_superhost"": false}"
25419925;Chambre luxueuse au coeur de Paris;private_room;Paris;Opéra - Grands Boulevards;48.8732256673;2.34470335277;2;"[""https://a0.muscache.com/im/pictures/3f357cf4-d570-4340-a0d2-de5d899c15da.jpg?aki_policy=large"", ""https://a0.muscache.com/im/pictures/6c71ff01-3dff-416e-972f-04a4e77639c7.jpg?aki_policy=large"", ""https://a0.muscache.com/im/pictures/8935f9f3-2562-4a14-9f22-900e88045e2c.jpg?aki_policy=large"", ""https://a0.muscache.com/im/pictures/5971f821-ef7d-4649-8038-b7808e140320.jpg?aki_policy=large"", ""https://a0.muscache.com/im/pictures/1fd70a74-c254-46ca-9718-68ab401cd616.jpg?aki_policy=large"", ""https://a0.muscache.com/im/pictures/ed009e93-4b0b-48f7-b94f-dcdd66e61bfb.jpg?aki_policy=large"", ""https://a0.muscache.com/im/pictures/2044e63b-8e18-4ad4-8b0d-e27d4ac3e1c2.jpg?aki_policy=large"", ""https://a0.muscache.com/im/pictures/0f23b250-0eb1-428e-be40-0562487b61b8.jpg?aki_policy=large"", ""https://a0.muscache.com/im/pictures/209bfadb-86d8-41a9-aea1-b12e916bd106.jpg?aki_policy=large""]";"{""beds"": 1, ""bedrooms"": 1, ""bathrooms"": 1.0, ""amenity_ids"": [64, 1, 66, 4, 5, 71, 10, 77, 16, 21, 85, 86, 30, 35, 37, 39, 103, 40, 41, 42, 44, 45, 46, 47, 51, 115, 55, 120], ""is_rebookable"": false, ""is_new_listing"": false, ""is_fully_refundable"": true, ""is_host_highly_rated"": false, ""is_business_travel_ready"": false}";"{""weekly_factor"": 1.0, ""monthly_factor"": 1.0}";5439;"";"{""is_superhost"": false}"
25439259;HIGH-END DAILY USE EVENTS PHOTOSHOOTS ETC PARIS 8e;entire_home;Paris;Champs-Elysées;48.8646865606;2.30590959649;1;"[""https://a0.muscache.com/im/pictures/6ed8dbca-392d-4149-8137-d3de367d7043.jpg?aki_policy=large"", ""https://a0.muscache.com/im/pictures/b47b776d-dadc-4010-9a3b-935846c8f343.jpg?aki_policy=large"", ""https://a0.muscache.com/im/pictures/82c18a9e-f19d-418b-a727-72cec3e5b5d7.jpg?aki_policy=large"", ""https://a0.muscache.com/im/pictures/7f9ec726-bbc6-4290-92e3-b5fd276dabce.jpg?aki_policy=large"", ""https://a0.muscache.com/im/pictures/c57b1a66-caf7-4075-bee1-c9ce78d0724f.jpg?aki_policy=large"", ""https://a0.muscache.com/im/pictures/6134a904-ecc7-4c16-a6b5-4766a0d33ba1.jpg?aki_policy=large"", ""https://a0.muscache.com/im/pictures/8a3800fb-c4cb-49d3-94b8-2b7287b56aa4.jpg?aki_policy=large"", ""https://a0.muscache.com/im/pictures/dd60a8a6-15e7-4c56-b29f-9839d50bd931.jpg?aki_policy=large"", ""https://a0.muscache.com/im/pictures/3ec5f92f-e390-4568-acb7-f1d48288dc6b.jpg?aki_policy=large"", ""https://a0.muscache.com/im/pictures/2b58677d-897f-4957-8849-8638aae94e09.jpg?aki_policy=large"", ""https://a0.muscache.com/im/pictures/e150a9e8-fafe-4a99-84f8-0cf96383d397.jpg?aki_policy=large"", ""https://a0.muscache.com/im/pictures/2e75e2fa-57fb-4422-9d2b-96a863efd4fb.jpg?aki_policy=large"", ""https://a0.muscache.com/im/pictures/c56fcd14-afd5-4e91-97f5-b11bec914340.jpg?aki_policy=large"", ""https://a0.muscache.com/im/pictures/4d9051e3-26ff-4f2a-9d96-3436d0332a2f.jpg?aki_policy=large"", ""https://a0.muscache.com/im/pictures/8af890cc-9243-43bf-b88a-95b30d84e92d.jpg?aki_policy=large"", ""https://a0.muscache.com/im/pictures/370c5d8c-c8b0-440d-bb09-26d6bced7780.jpg?aki_policy=large"", ""https://a0.muscache.com/im/pictures/daa2c202-eaea-4371-8cc4-674bf59552f3.jpg?aki_policy=large"", ""https://a0.muscache.com/im/pictures/f61f2382-e62c-43dd-ae59-392fba2f7040.jpg?aki_policy=large"", ""https://a0.muscache.com/im/pictures/8793dade-a842-4f85-8d50-5a299e062ca9.jpg?aki_policy=large"", ""https://a0.muscache.com/im/pictures/ca2e64b7-ac32-4c1b-baaf-9af5fb3e1440.jpg?aki_policy=large"", ""https://a0.muscache.com/im/pictures/a6773cd1-bd0d-4d7b-a42b-612a8b3c110b.jpg?aki_policy=large"", ""https://a0.muscache.com/im/pictures/69c5223e-1d18-46b1-8ce4-ce510af9ee51.jpg?aki_policy=large"", ""https://a0.muscache.com/im/pictures/f86fa8a0-c6e5-4f8e-9090-611fa4467184.jpg?aki_policy=large"", ""https://a0.muscache.com/im/pictures/a64ced43-26bd-44f1-af6f-504c9cff74ac.jpg?aki_policy=large"", ""https://a0.muscache.com/im/pictures/7968fe3f-7d7c-4d83-94ec-04359dd976b7.jpg?aki_policy=large"", ""https://a0.muscache.com/im/pictures/64b26d67-1d07-4b04-9d40-551e6899d9e3.jpg?aki_policy=large"", ""https://a0.muscache.com/im/pictures/4790b34a-6466-48c5-a132-b2eb8b32f57c.jpg?aki_policy=large"", ""https://a0.muscache.com/im/pictures/96440e99-8107-4861-a774-f0dab9cf7d6a.jpg?aki_policy=large"", ""https://a0.muscache.com/im/pictures/09862baa-3f57-4656-8ea2-0bc18859c0dc.jpg?aki_policy=large"", ""https://a0.muscache.com/im/pictures/ffadf6fe-7a40-4a02-90df-72b733a549ba.jpg?aki_policy=large""]";"{""beds"": 4, ""bedrooms"": 3, ""bathrooms"": 2.5, ""amenity_ids"": [32, 1, 33, 129, 2, 34, 35, 4, 36, 8, 40, 11, 12, 44, 45, 14, 46, 47, 21, 56, 28, 30], ""is_rebookable"": false, ""is_new_listing"": false, ""is_fully_refundable"": true, ""is_host_highly_rated"": true, ""is_business_travel_ready"": false}";"{""weekly_factor"": 1.0, ""monthly_factor"": 1.0}";5341;"";"{""is_superhost"": false}"
501192;LOVELY LOFT IN THE MARAIS DISTRICT;entire_home;Paris;Le Marais;48.8571135128;2.35747234024;3;"[""https://a0.muscache.com/im/pictures/5988423/895e8519_original.jpg?aki_policy=large"", ""https://a0.muscache.com/im/pictures/5988256/49995295_original.jpg?aki_policy=large"", ""https://a0.muscache.com/im/pictures/5988430/fba57710_original.jpg?aki_policy=large"", ""https://a0.muscache.com/im/pictures/5988504/7404461c_original.jpg?aki_policy=large"", ""https://a0.muscache.com/im/pictures/5988673/e05dafa0_original.jpg?aki_policy=large"", ""https://a0.muscache.com/im/pictures/5988686/b8d53f76_original.jpg?aki_policy=large"", ""https://a0.muscache.com/im/pictures/5988604/bba5b370_original.jpg?aki_policy=large"", ""https://a0.muscache.com/im/pictures/5988896/7e714cce_original.jpg?aki_policy=large"", ""https://a0.muscache.com/im/pictures/5988651/a2a02ae0_original.jpg?aki_policy=large"", ""https://a0.muscache.com/im/pictures/5988418/70f820f9_original.jpg?aki_policy=large"", ""https://a0.muscache.com/im/pictures/5988920/4e8aaded_original.jpg?aki_policy=large"", ""https://a0.muscache.com/im/pictures/5988932/9fd4d4b5_original.jpg?aki_policy=large"", ""https://a0.muscache.com/im/pictures/5988701/f493a091_original.jpg?aki_policy=large"", ""https://a0.muscache.com/im/pictures/5988756/286eaa40_original.jpg?aki_policy=large"", ""https://a0.muscache.com/im/pictures/5988771/2c59aec7_original.jpg?aki_policy=large"", ""https://a0.muscache.com/im/pictures/6106590/8008be1b_original.jpg?aki_policy=large""]";"{""beds"": 2, ""bedrooms"": 1, ""bathrooms"": 1.0, ""amenity_ids"": [1, 129, 3, 4, 5, 8, 77, 85, 89, 90, 91, 92, 93, 30, 95, 96, 33, 35, 40, 104, 41, 44, 45, 46, 47], ""is_rebookable"": false, ""is_new_listing"": false, ""is_fully_refundable"": true, ""is_host_highly_rated"": true, ""is_business_travel_ready"": false}";"{""weekly_factor"": 1.0, ""monthly_factor"": 1.0}";7791;"";"{""is_superhost"": false}"
25444080;Une Chambre Business à 2 pas du Marais;private_room;Paris;3e arrondissement;48.8660856862;2.36120548694;1;"[""https://a0.muscache.com/im/pictures/7f2c222f-b4cd-46b3-be20-23f086ef7b77.jpg?aki_policy=large"", ""https://a0.muscache.com/im/pictures/eccf77af-f6c6-4375-95ff-a2b5c3749c9b.jpg?aki_policy=large"", ""https://a0.muscache.com/im/pictures/1f717d81-003e-47fa-89dd-0ba1eb435348.jpg?aki_policy=large"", ""https://a0.muscache.com/im/pictures/f5812ce1-af3c-4e0b-8ee7-910bd98716bd.jpg?aki_policy=large"", ""https://a0.muscache.com/im/pictures/ad4e85d8-f2e0-4858-a4f9-c35b82038c14.jpg?aki_policy=large"", ""https://a0.muscache.com/im/pictures/919f2efd-ad2b-487c-a94a-b355c3165a49.jpg?aki_policy=large"", ""https://a0.muscache.com/im/pictures/c97b4589-2586-411f-b743-6074178fd35c.jpg?aki_policy=large"", ""https://a0.muscache.com/im/pictures/b8b4c1ef-21bd-4899-869a-05ed5b9974b0.jpg?aki_policy=large"", ""https://a0.muscache.com/im/pictures/bb10ce35-f088-4935-b250-d969fcf62f37.jpg?aki_policy=large"", ""https://a0.muscache.com/im/pictures/f4d5c1ed-b720-4cb1-88dd-237b3f0daf26.jpg?aki_policy=large"", ""https://a0.muscache.com/im/pictures/8cd14ffe-bf37-4338-8a83-922973e8fac9.jpg?aki_policy=large"", ""https://a0.muscache.com/im/pictures/d1fefff3-760d-4c3c-9062-5209d5486967.jpg?aki_policy=large""]";"{""beds"": 1, ""bedrooms"": 1, ""bathrooms"": 1.0, ""amenity_ids"": [128, 1, 2, 35, 37, 39, 103, 40, 77, 110, 111, 112, 51, 115, 21, 86, 55, 87, 127], ""is_rebookable"": false, ""is_new_listing"": false, ""is_fully_refundable"": true, ""is_host_highly_rated"": false, ""is_business_travel_ready"": false}";"{""weekly_factor"": 1.0, ""monthly_factor"": 1.0}";6804;"";"{""is_superhost"": false}"
25468746;ID 308 - Châtelet - Rivoli;entire_home;Paris;Châtelet - Les Halles - Beaubourg;48.8601345365;2.34831110603;4;"[""https://a0.muscache.com/im/pictures/f7996cf9-c472-48f7-99ab-65bdb5a1b369.jpg?aki_policy=large"", ""https://a0.muscache.com/im/pictures/46da15e3-021c-4c59-9ed3-d6f2030d10ed.jpg?aki_policy=large"", ""https://a0.muscache.com/im/pictures/739899c6-63bd-495d-9b79-802d63284c88.jpg?aki_policy=large"", ""https://a0.muscache.com/im/pictures/563fbbf1-23ab-4408-9fb9-427a88ae9eae.jpg?aki_policy=large"", ""https://a0.muscache.com/im/pictures/8811f3e5-02b4-4b65-b0f0-ae5abaef9506.jpg?aki_policy=large"", ""https://a0.muscache.com/im/pictures/88940b91-3fbb-44ba-ab36-7261896825f7.jpg?aki_policy=large"", ""https://a0.muscache.com/im/pictures/a0bb2d10-7f12-4ee5-a8a3-92853fc3fd01.jpg?aki_policy=large"", ""https://a0.muscache.com/im/pictures/a9931a9a-88c3-4c60-b182-031446dc141f.jpg?aki_policy=large"", ""https://a0.muscache.com/im/pictures/8930aa9e-7b51-4add-be91-91b3107d0ea3.jpg?aki_policy=large"", ""https://a0.muscache.com/im/pictures/b362d02c-0b91-4430-bf77-5d1b92ba45ad.jpg?aki_policy=large"", ""https://a0.muscache.com/im/pictures/29c0b4cb-3fea-4a70-a3ca-137422d64b2c.jpg?aki_policy=large"", ""https://a0.muscache.com/im/pictures/23d6501d-8705-4ed2-91a2-51ec45f4c267.jpg?aki_policy=large"", ""https://a0.muscache.com/im/pictures/1c4b3b9f-6654-44eb-b213-73d25eb68f66.jpg?aki_policy=large"", ""https://a0.muscache.com/im/pictures/efe5fd5f-06c7-4d9e-861a-9c597d4fd8c9.jpg?aki_policy=large""]";"{""beds"": 2, ""bedrooms"": 1, ""bathrooms"": 1.0, ""amenity_ids"": [33, 34, 4, 8, 40, 44, 45, 30, 46, 31, 47], ""is_rebookable"": false, ""is_new_listing"": false, ""is_fully_refundable"": true, ""is_host_highly_rated"": true, ""is_business_travel_ready"": false}";"{""weekly_factor"": 1.0, ""monthly_factor"": 1.0}";6005;"";"{""is_superhost"": false}"
25476694;APPARTEMENT MODERNE ET COSY - LE MARAIS;entire_home;Paris 4e Arrondissement;Saint-Paul - Ile Saint-Louis;48.852099123;2.35505186697;2;"[""https://a0.muscache.com/im/pictures/c1b6ca36-a134-4352-bd71-1285619b65a7.jpg?aki_policy=large"", ""https://a0.muscache.com/im/pictures/34a50137-84de-472d-a865-16e2eacd37f6.jpg?aki_policy=large"", ""https://a0.muscache.com/im/pictures/9798dd45-2616-46d2-91f9-018f6aebbf10.jpg?aki_policy=large"", ""https://a0.muscache.com/im/pictures/605b0afb-71c8-450b-848b-680c08e42151.jpg?aki_policy=large"", ""https://a0.muscache.com/im/pictures/690cc669-6e74-474a-ab2b-d9c716a58c97.jpg?aki_policy=large"", ""https://a0.muscache.com/im/pictures/c72721f3-9a12-4bd4-90db-b2994f347102.jpg?aki_policy=large"", ""https://a0.muscache.com/im/pictures/71b80664-fde2-44b6-bfdf-a711f1482202.jpg?aki_policy=large"", ""https://a0.muscache.com/im/pictures/3d7dc811-b6a5-4008-8af3-e58fb5105fe8.jpg?aki_policy=large"", ""https://a0.muscache.com/im/pictures/23583d9a-737c-427f-a2c9-0d00e015f4ca.jpg?aki_policy=large"", ""https://a0.muscache.com/im/pictures/1b0105f6-4ca9-4046-9330-66d07d9652d9.jpg?aki_policy=large"", ""https://a0.muscache.com/im/pictures/b0df0e27-d6d0-42b7-a625-ae28e2fbb589.jpg?aki_policy=large"", ""https://a0.muscache.com/im/pictures/66701740-c2a4-4fd6-b796-9c11fcb9e9de.jpg?aki_policy=large"", ""https://a0.muscache.com/im/pictures/02ef4dc5-00dd-45fa-abfa-57b4991a7c7c.jpg?aki_policy=large"", ""https://a0.muscache.com/im/pictures/3e9fda95-5b04-4839-868f-fef1eed14f50.jpg?aki_policy=large"", ""https://a0.muscache.com/im/pictures/f093d09f-121d-4e06-84c3-34009fa1fcf6.jpg?aki_policy=large"", ""https://a0.muscache.com/im/pictures/f8052a2b-2bef-4e53-b8ff-920221355e53.jpg?aki_policy=large"", ""https://a0.muscache.com/im/pictures/9bbd3411-2cb6-489d-8b65-ae1bdf49fc50.jpg?aki_policy=large"", ""https://a0.muscache.com/im/pictures/34b626fa-ad24-4141-9fa3-7f156f162403.jpg?aki_policy=large"", ""https://a0.muscache.com/im/pictures/9b9f9f8b-46d2-4439-9399-759c98f8a8e5.jpg?aki_policy=large""]";"{""beds"": 1, ""bedrooms"": 1, ""bathrooms"": 1.0, ""amenity_ids"": [1, 2, 3, 35, 4, 8, 40, 41, 44, 45, 46, 47], ""is_rebookable"": false, ""is_new_listing"": false, ""is_fully_refundable"": true, ""is_host_highly_rated"": true, ""is_business_travel_ready"": false}";"{""weekly_factor"": 1.0, ""monthly_factor"": 0.9}";2572;"";"{""is_superhost"": false}"
25497365;Between Opera and Montmartre arty Parisian double room;private_room;Paris;Pigalle - Saint-Georges;48.87939012;2.33542479589;2;"[""https://a0.muscache.com/im/pictures/ecd7d4a9-e9e9-490f-a0d8-70efeeaeabe3.jpg?aki_policy=large"", ""https://a0.muscache.com/im/pictures/4e2a5265-2858-4ed0-9f09-79e526fd3434.jpg?aki_policy=large"", ""https://a0.muscache.com/im/pictures/48936b38-b48d-4438-96ea-ffcd3de6c9b2.jpg?aki_policy=large"", ""https://a0.muscache.com/im/pictures/24ce8357-271e-415f-ac2f-89813eea0fa2.jpg?aki_policy=large"", ""https://a0.muscache.com/im/pictures/e17de253-7854-4db6-9977-b1afa2da571f.jpg?aki_policy=large"", ""https://a0.muscache.com/im/pictures/d4ff64ea-155c-4c5a-bf20-cbc2e7aca69e.jpg?aki_policy=large"", ""https://a0.muscache.com/im/pictures/14139482-2bf1-4b49-a6ed-98369b67e50e.jpg?aki_policy=large"", ""https://a0.muscache.com/im/pictures/d36b8f82-a509-49ab-8d46-13d3a5c91ffc.jpg?aki_policy=large"", ""https://a0.muscache.com/im/pictures/d004d93e-6fbd-4fb8-944b-7a817e88e925.jpg?aki_policy=large"", ""https://a0.muscache.com/im/pictures/8aea8da3-8154-4b22-b1ab-a5a526eefb39.jpg?aki_policy=large""]";"{""bedrooms"": 1, ""bathrooms"": 1.0, ""amenity_ids"": [1, 2, 35, 4, 5, 37, 39, 103, 40, 45, 77, 51, 85, 86, 55, 87, 30], ""is_rebookable"": false, ""is_new_listing"": false, ""is_fully_refundable"": true, ""is_host_highly_rated"": false, ""is_business_travel_ready"": false}";"{""weekly_factor"": 1.0, ""monthly_factor"": 1.0}";5797;"";"{""is_superhost"": false}"
25497375;Montmartre romantic suite under the Parisian roof;private_room;Paris;Pigalle - Saint-Georges;48.8792163236;2.33393898113;2;"[""https://a0.muscache.com/im/pictures/045b4ae2-722a-4baa-b72f-3e2352c1104e.jpg?aki_policy=large"", ""https://a0.muscache.com/im/pictures/0b384b23-74c4-45fa-90bd-c10ed631db6b.jpg?aki_policy=large"", ""https://a0.muscache.com/im/pictures/95ce6547-3e26-46e4-8fe5-eb2e502a0d2c.jpg?aki_policy=large"", ""https://a0.muscache.com/im/pictures/1abfa54f-83b6-4339-b179-f54af2df9396.jpg?aki_policy=large"", ""https://a0.muscache.com/im/pictures/3438366b-059c-476b-a157-1e06b6f96a83.jpg?aki_policy=large"", ""https://a0.muscache.com/im/pictures/37063358-e082-494f-b78a-9c75c1c5da66.jpg?aki_policy=large"", ""https://a0.muscache.com/im/pictures/2d3a6399-8a74-4a0d-89a4-5c767b588db7.jpg?aki_policy=large"", ""https://a0.muscache.com/im/pictures/102ddc04-b648-4320-b1dc-a675a031eddb.jpg?aki_policy=large"", ""https://a0.muscache.com/im/pictures/4c2754a3-33d6-4ac3-b28d-288ee2f9b3f5.jpg?aki_policy=large"", ""https://a0.muscache.com/im/pictures/16f4cd58-5235-46dd-aca9-59780983060d.jpg?aki_policy=large"", ""https://a0.muscache.com/im/pictures/644aa7dd-682e-461d-875e-f5b7962dd339.jpg?aki_policy=large"", ""https://a0.muscache.com/im/pictures/883a591b-77aa-4f38-abbe-a85d4dee33ec.jpg?aki_policy=large""]";"{""bedrooms"": 1, ""bathrooms"": 1.0, ""amenity_ids"": [1, 2, 35, 4, 5, 37, 39, 103, 40, 45, 77, 51, 85, 86, 55, 87, 30], ""is_rebookable"": false, ""is_new_listing"": false, ""is_fully_refundable"": false, ""is_host_highly_rated"": false, ""is_business_travel_ready"": false}";"{""weekly_factor"": 1.0, ""monthly_factor"": 1.0}";5797;"";"{""is_superhost"": false}"
25507799;Duo of atypical bedrooms;private_room;Paris;Bastille;48.853683;2.380579;4;"[""https://a0.muscache.com/im/pictures/dde54e89-efe4-4079-8eb1-bff241795983.jpg?aki_policy=large"", ""https://a0.muscache.com/im/pictures/0f98db43-ba54-4be3-a39c-ccc965f3f1e6.jpg?aki_policy=large"", ""https://a0.muscache.com/im/pictures/6824f0f0-6d98-4a81-b3a7-e53d56688ed3.jpg?aki_policy=large"", ""https://a0.muscache.com/im/pictures/0a3f99d5-c698-4000-9b9f-1294d83f9790.jpg?aki_policy=large"", ""https://a0.muscache.com/im/pictures/d03d2c95-71ad-4b2b-b87f-3c810908edf3.jpg?aki_policy=large"", ""https://a0.muscache.com/im/pictures/baa1729b-e42d-4ccf-b931-02764ff75565.jpg?aki_policy=large"", ""https://a0.muscache.com/im/pictures/314f3c22-71c7-4850-8945-ebfab7ee6450.jpg?aki_policy=large"", ""https://a0.muscache.com/im/pictures/95040a8f-021c-4d3c-8797-c7c28facf392.jpg?aki_policy=large""]";"{""beds"": 2, ""bedrooms"": 2, ""bathrooms"": 1.0, ""amenity_ids"": [128, 1, 2, 4, 5, 72, 10, 77, 85, 86, 87, 30, 33, 34, 35, 36, 37, 39, 103, 40, 104, 41, 44, 45, 46, 110, 47, 111, 112, 51, 115, 55, 127], ""is_rebookable"": false, ""is_new_listing"": false, ""is_fully_refundable"": true, ""is_host_highly_rated"": true, ""is_business_travel_ready"": false}";"{""weekly_factor"": 1.0, ""monthly_factor"": 1.0}";3932;"";"{""is_superhost"": true}"
25559476;Parc Monceau 40 m* luxury balcon;entire_home;Paris;Monceau;48.8764463079;2.30649968411;2;"[""https://a0.muscache.com/im/pictures/793e54e6-825c-45c8-b9a8-52cf4c7c83da.jpg?aki_policy=large"", ""https://a0.muscache.com/im/pictures/e1315d82-4aa8-454e-9e92-213031e79a14.jpg?aki_policy=large"", ""https://a0.muscache.com/im/pictures/0961bf47-f205-4380-9405-426fa2610084.jpg?aki_policy=large"", ""https://a0.muscache.com/im/pictures/9e1cbde1-ce88-4000-8390-985f7c87e9a3.jpg?aki_policy=large"", ""https://a0.muscache.com/im/pictures/e4b8ad97-daee-4b03-ab25-a8e94f3c0883.jpg?aki_policy=large"", ""https://a0.muscache.com/im/pictures/5c649e88-fa31-4726-9445-564996a1b7e6.jpg?aki_policy=large"", ""https://a0.muscache.com/im/pictures/75905689-2409-4649-8e89-577be63cec6a.jpg?aki_policy=large""]";"{""beds"": 1, ""bedrooms"": 0, ""bathrooms"": 1.0, ""amenity_ids"": [1, 33, 6, 8, 40, 11, 12, 44, 45, 46, 21, 28, 30], ""is_rebookable"": false, ""is_new_listing"": false, ""is_fully_refundable"": true, ""is_host_highly_rated"": false, ""is_business_travel_ready"": false}";"{""weekly_factor"": 1.0, ""monthly_factor"": 0.85}";5015;"";"{""is_superhost"": false}"
25531598;Modern, Bright and Quiet Invalides Residence;entire_home;Paris;Tour Eiffel - Champ de Mars;48.8540338388;2.30700636562;4;"[""https://a0.muscache.com/im/pictures/d5eb734a-c16a-4a33-b5b9-878580cd76f1.jpg?aki_policy=large"", ""https://a0.muscache.com/im/pictures/42b94b4f-81ae-4079-a9db-81a64ab29f64.jpg?aki_policy=large"", ""https://a0.muscache.com/im/pictures/85faee93-0505-4988-8bf4-d1c6857d71e6.jpg?aki_policy=large"", ""https://a0.muscache.com/im/pictures/eb1b9181-e812-4fda-a4f2-95526be6e1ed.jpg?aki_policy=large"", ""https://a0.muscache.com/im/pictures/f38075d0-932f-4f57-8b17-0e2626a0dd6b.jpg?aki_policy=large"", ""https://a0.muscache.com/im/pictures/146005f6-0d78-402d-8b03-7e71cfbf8b25.jpg?aki_policy=large"", ""https://a0.muscache.com/im/pictures/8b047c47-4b7d-4119-9364-332b3a8c4c10.jpg?aki_policy=large"", ""https://a0.muscache.com/im/pictures/f27a1a36-d0b4-4cbc-9035-77aaa51590dc.jpg?aki_policy=large"", ""https://a0.muscache.com/im/pictures/673be763-963a-4a6e-99c5-53159611fb6c.jpg?aki_policy=large"", ""https://a0.muscache.com/im/pictures/694f9b63-9bd8-4982-8549-90b4bf9c78e2.jpg?aki_policy=large"", ""https://a0.muscache.com/im/pictures/f627e46e-a1de-48a6-87b2-c14a59621b9d.jpg?aki_policy=large"", ""https://a0.muscache.com/im/pictures/ff0697a9-3018-46cb-8cfd-42ff9de77199.jpg?aki_policy=large""]";"{""beds"": 2, ""bedrooms"": 2, ""bathrooms"": 1.0, ""amenity_ids"": [1, 33, 34, 35, 4, 36, 37, 38, 8, 40, 41, 11, 12, 44, 46, 47, 51, 21, 55, 27, 30, 31], ""is_rebookable"": false, ""is_new_listing"": false, ""is_fully_refundable"": true, ""is_host_highly_rated"": false, ""is_business_travel_ready"": false}";"{""weekly_factor"": 1.0, ""monthly_factor"": 1.0}";3137;"";"{""is_superhost"": false}"
25568047;Cosy apartment ideal for Families with children.;entire_home;Paris;Tour Eiffel - Champ de Mars;48.8569613872;2.30951710786;4;"[""https://a0.muscache.com/im/pictures/a4463f9c-8b7c-4e2c-a1ee-1de7ba8cfe33.jpg?aki_policy=large"", ""https://a0.muscache.com/im/pictures/52848b82-33cb-4cd2-9fe2-f6079171ddc8.jpg?aki_policy=large"", ""https://a0.muscache.com/im/pictures/135c29c7-916d-4ca8-b0ff-28110eccd05c.jpg?aki_policy=large"", ""https://a0.muscache.com/im/pictures/2eb7f4a7-3b8a-4ef0-a13e-37f294051573.jpg?aki_policy=large"", ""https://a0.muscache.com/im/pictures/aefc2c2c-245d-4325-bb28-459c48131623.jpg?aki_policy=large"", ""https://a0.muscache.com/im/pictures/0c67e3bc-7462-47bb-a9e8-688398495891.jpg?aki_policy=large"", ""https://a0.muscache.com/im/pictures/8f6b3733-ea42-4a64-a85d-a71c0fda8436.jpg?aki_policy=large"", ""https://a0.muscache.com/im/pictures/ed730b23-6595-4697-b2d7-c3ed4d62a081.jpg?aki_policy=large"", ""https://a0.muscache.com/im/pictures/762910a4-840d-4a88-9cf1-14087872b293.jpg?aki_policy=large"", ""https://a0.muscache.com/im/pictures/28f4511f-4896-4487-8c7d-b0d52763b124.jpg?aki_policy=large"", ""https://a0.muscache.com/im/pictures/006f64e8-2395-4212-8b73-d15510d2305f.jpg?aki_policy=large"", ""https://a0.muscache.com/im/pictures/79a68cbc-8b5f-4182-8eb0-62a367feb28c.jpg?aki_policy=large"", ""https://a0.muscache.com/im/pictures/752f5650-0bdc-49f9-8d65-d2f29b484177.jpg?aki_policy=large""]";"{""beds"": 3, ""bedrooms"": 2, ""bathrooms"": 1.5, ""amenity_ids"": [64, 1, 129, 66, 67, 4, 5, 70, 71, 8, 72, 73, 10, 74, 77, 21, 89, 90, 91, 92, 93, 30, 94, 31, 95, 287, 96, 33, 34, 35, 36, 100, 37, 101, 39, 40, 41, 42, 44, 45, 46, 47, 57, 59, 62, 63], ""is_rebookable"": false, ""is_new_listing"": false, ""is_fully_refundable"": true, ""is_host_highly_rated"": false, ""is_business_travel_ready"": false}";"{""weekly_factor"": 1.0, ""monthly_factor"": 1.0}";5804;"";"{""is_superhost"": false}"
25599829;Cozy Private Room - Grands Boulevards;private_room;Paris;Opéra - Grands Boulevards;48.871635133;2.34815032932;2;"[""https://a0.muscache.com/im/pictures/4761bdca-9d27-440f-b7bd-efad415fb909.jpg?aki_policy=large"", ""https://a0.muscache.com/im/pictures/4ac220a8-125e-4c42-95a5-fb657cd2d46a.jpg?aki_policy=large""]";"{""beds"": 1, ""bedrooms"": 1, ""bathrooms"": 1.0, ""amenity_ids"": [1, 33, 4, 8, 40, 41, 42, 44, 77, 46, 47, 57, 30], ""is_rebookable"": false, ""is_new_listing"": false, ""is_fully_refundable"": true, ""is_host_highly_rated"": false, ""is_business_travel_ready"": false}";"{""weekly_factor"": 1.0, ""monthly_factor"": 1.0}";4163;"";"{""is_superhost"": false}"
25645060;Paris, je t'aime ! Adorable flat for lovers;entire_home;Paris;Saint-Lazare;48.8757941202;2.33105941559;3;"[""https://a0.muscache.com/im/pictures/1f0e481f-f35c-42d8-8c82-061293402583.jpg?aki_policy=large"", ""https://a0.muscache.com/im/pictures/87302d4b-879f-40ae-ac81-63fab5ca3397.jpg?aki_policy=large"", ""https://a0.muscache.com/im/pictures/8c3b0f3c-e2e6-43e4-95f8-54a3a07df7bb.jpg?aki_policy=large"", ""https://a0.muscache.com/im/pictures/6dcf1f8b-b339-4118-ab68-88ea5e7a971b.jpg?aki_policy=large"", ""https://a0.muscache.com/im/pictures/8a8eb51a-0aee-458f-9196-4a20242ff80d.jpg?aki_policy=large"", ""https://a0.muscache.com/im/pictures/4331b5e6-f6c7-4d4f-94a3-d857071b6fd4.jpg?aki_policy=large"", ""https://a0.muscache.com/im/pictures/ef1be47b-14eb-45f0-bee7-605f07e9122f.jpg?aki_policy=large"", ""https://a0.muscache.com/im/pictures/18048c63-1b6b-4c99-a050-5c6e8e3eeb0e.jpg?aki_policy=large"", ""https://a0.muscache.com/im/pictures/142be8cb-9882-44bb-9358-b05777e392f9.jpg?aki_policy=large""]";"{""beds"": 1, ""bedrooms"": 1, ""bathrooms"": 1.0, ""amenity_ids"": [33, 129, 35, 4, 8, 40, 104, 41, 44, 77, 46, 47, 21, 30], ""is_rebookable"": false, ""is_new_listing"": false, ""is_fully_refundable"": true, ""is_host_highly_rated"": false, ""is_business_travel_ready"": false}";"{""weekly_factor"": 0.84, ""monthly_factor"": 1.0}";4703;"";"{""is_superhost"": false}"
25718810;Calm and chic studio Montorgueuil!!!;entire_home;Paris;2e arrondissement;48.8699357649;2.35084316844;2;"[""https://a0.muscache.com/im/pictures/a29ddb9e-c4f8-4cef-909c-1a339e7ca5f8.jpg?aki_policy=large"", ""https://a0.muscache.com/im/pictures/e5267d3e-70bd-4c0c-9e72-4fe3d67462ea.jpg?aki_policy=large"", ""https://a0.muscache.com/im/pictures/b7d4d93f-1e48-49b9-b355-e14106668992.jpg?aki_policy=large"", ""https://a0.muscache.com/im/pictures/02b56f10-1ee1-4b77-9b8a-f6bd92aac616.jpg?aki_policy=large"", ""https://a0.muscache.com/im/pictures/94f6f052-bee0-4bfe-85ca-8849ca558978.jpg?aki_policy=large"", ""https://a0.muscache.com/im/pictures/7a44ebff-3716-4541-8667-c570e9378101.jpg?aki_policy=large"", ""https://a0.muscache.com/im/pictures/77de22a0-17d9-49f5-9c90-73d00a7cc342.jpg?aki_policy=large"", ""https://a0.muscache.com/im/pictures/31af584c-e41f-4733-a3cf-fb304b6c9d90.jpg?aki_policy=large"", ""https://a0.muscache.com/im/pictures/a85a0181-3624-4414-9348-df0aa5c9b0a4.jpg?aki_policy=large"", ""https://a0.muscache.com/im/pictures/ab508a02-47dd-4100-81e1-481467d89822.jpg?aki_policy=large"", ""https://a0.muscache.com/im/pictures/6717d553-a0d1-4f01-a632-ee3612cbb3d7.jpg?aki_policy=large"", ""https://a0.muscache.com/im/pictures/3f68125f-4b23-45c5-89e9-922da521b00a.jpg?aki_policy=large""]";"{""beds"": 1, ""bedrooms"": 0, ""bathrooms"": 1.0, ""amenity_ids"": [85, 8, 40, 41, 44, 45, 93, 30, 46, 94, 31], ""is_rebookable"": false, ""is_new_listing"": false, ""is_fully_refundable"": true, ""is_host_highly_rated"": true, ""is_business_travel_ready"": false}";"{""weekly_factor"": 1.0, ""monthly_factor"": 1.0}";4902;"";"{""is_superhost"": false}"
25730155;Amazing apartment in Le Marais with balcony !!!;entire_home;Paris;Le Marais;48.8582602196;2.35690852533;4;"[""https://a0.muscache.com/im/pictures/3aacd555-7568-402c-a2f7-5caa3c572ec6.jpg?aki_policy=large"", ""https://a0.muscache.com/im/pictures/466d2ca0-fe2a-45f9-92bc-d6c2bcc0712a.jpg?aki_policy=large"", ""https://a0.muscache.com/im/pictures/e7b164c6-4176-4b58-9d8b-a63167f00dcb.jpg?aki_policy=large"", ""https://a0.muscache.com/im/pictures/82c51dd5-992d-47a9-a1d1-f5179ffc4d1f.jpg?aki_policy=large"", ""https://a0.muscache.com/im/pictures/a98b9672-0cdb-4083-84f7-1009a5681212.jpg?aki_policy=large"", ""https://a0.muscache.com/im/pictures/5f15c390-d4a1-45d7-a907-39cb5172abc6.jpg?aki_policy=large"", ""https://a0.muscache.com/im/pictures/4fdde455-51a8-4e1d-a1c9-cd6d6b244992.jpg?aki_policy=large"", ""https://a0.muscache.com/im/pictures/cc719897-79dd-41e8-af01-b471ff3ebded.jpg?aki_policy=large"", ""https://a0.muscache.com/im/pictures/a9f3dfb7-f85b-43b9-b8a6-ea6fd08c9ac7.jpg?aki_policy=large"", ""https://a0.muscache.com/im/pictures/236a97cc-0b42-4e79-be48-9bf40a376d53.jpg?aki_policy=large"", ""https://a0.muscache.com/im/pictures/578603ee-7979-4759-aa70-d7d625e8c8d6.jpg?aki_policy=large"", ""https://a0.muscache.com/im/pictures/4fe6926c-a264-428e-a7d4-bb2ea6d3d578.jpg?aki_policy=large"", ""https://a0.muscache.com/im/pictures/57df6409-b77f-43fb-b9a6-7e2e4710614a.jpg?aki_policy=large"", ""https://a0.muscache.com/im/pictures/d6e96279-f717-4a9b-8112-c7c9fd1346f2.jpg?aki_policy=large"", ""https://a0.muscache.com/im/pictures/63187180-872f-4557-9013-e50c647d1652.jpg?aki_policy=large""]";"{""beds"": 2, ""bedrooms"": 1, ""bathrooms"": 1.0, ""amenity_ids"": [1, 35, 4, 36, 8, 40, 72, 104, 41, 10, 42, 44, 45, 77, 46, 47, 51, 21, 54, 30, 31], ""is_rebookable"": false, ""is_new_listing"": false, ""is_fully_refundable"": true, ""is_host_highly_rated"": true, ""is_business_travel_ready"": false}";"{""weekly_factor"": 1.0, ""monthly_factor"": 1.0}";4902;"";"{""is_superhost"": false}"
25789405;Studio (26sm2) in NOTRE-DAME-DE-PARIS;entire_home;Paris;Saint-Paul - Ile Saint-Louis;48.8526676029;2.35640734082;2;"[""https://a0.muscache.com/im/pictures/b23c4f47-b641-4593-98cd-d657b4c9f019.jpg?aki_policy=large"", ""https://a0.muscache.com/im/pictures/88c3952f-22df-443b-8e7d-1869c1d57106.jpg?aki_policy=large"", ""https://a0.muscache.com/im/pictures/a9bb9b80-9829-42ba-85a7-bc8c2dc109b1.jpg?aki_policy=large"", ""https://a0.muscache.com/im/pictures/1a0aadec-c2bf-4a9c-9ee9-d9ba43523a69.jpg?aki_policy=large"", ""https://a0.muscache.com/im/pictures/8d46eb54-59bf-4f06-91c6-91deed8a7a1f.jpg?aki_policy=large"", ""https://a0.muscache.com/im/pictures/1cc97468-d98a-4e19-a2c1-1b121f45e1c6.jpg?aki_policy=large"", ""https://a0.muscache.com/im/pictures/ca23fdee-a957-495d-9943-134f76e4ffa7.jpg?aki_policy=large"", ""https://a0.muscache.com/im/pictures/4b97a1af-746b-4b06-87f9-7e3421af6f08.jpg?aki_policy=large"", ""https://a0.muscache.com/im/pictures/c2053aa4-a83b-4908-a74d-70dbfb5c7f21.jpg?aki_policy=large"", ""https://a0.muscache.com/im/pictures/030ef531-8753-43b8-8f34-93d1346ac183.jpg?aki_policy=large""]";"{""beds"": 1, ""bedrooms"": 1, ""bathrooms"": 1.0, ""amenity_ids"": [1, 33, 35, 4, 37, 38, 8, 40, 104, 44, 45, 77, 46, 51, 54, 30], ""is_rebookable"": false, ""is_new_listing"": false, ""is_fully_refundable"": true, ""is_host_highly_rated"": false, ""is_business_travel_ready"": false}";"{""weekly_factor"": 1.0, ""monthly_factor"": 1.0}";6583;"";"{""is_superhost"": false}"
25790947;Suite-Chambre familiale Wifi haut débit;private_room;Paris;Champs-Elysées;48.8708927671;2.31141284153;4;"[""https://a0.muscache.com/im/pictures/cebde0a0-9209-43cd-b896-979f2e9fe63d.jpg?aki_policy=large"", ""https://a0.muscache.com/im/pictures/0952a062-0bb7-453c-94b7-b5dc0ca59f72.jpg?aki_policy=large"", ""https://a0.muscache.com/im/pictures/b53c3014-8bda-4a63-bf99-ae307d6f000f.jpg?aki_policy=large"", ""https://a0.muscache.com/im/pictures/f800384c-3890-46ca-b491-edc486175c1b.jpg?aki_policy=large"", ""https://a0.muscache.com/im/pictures/e4064130-b329-4d40-a7fa-5fa55ee460f6.jpg?aki_policy=large"", ""https://a0.muscache.com/im/pictures/bf8f6fe5-6cc0-4c17-a604-a59d8fcf46f9.jpg?aki_policy=large"", ""https://a0.muscache.com/im/pictures/c8e49f10-dd08-4dfb-af18-2ed5f18408f5.jpg?aki_policy=large"", ""https://a0.muscache.com/im/pictures/94746a04-b3ac-44dc-9986-1b8641441abf.jpg?aki_policy=large"", ""https://a0.muscache.com/im/pictures/605fb83a-7c19-477f-aa10-a11258f3b2a0.jpg?aki_policy=large"", ""https://a0.muscache.com/im/pictures/1cf9d0e3-7b89-4cf2-9bfa-945651144e79.jpg?aki_policy=large""]";"{""bedrooms"": 1, ""bathrooms"": 1.0, ""amenity_ids"": [128, 1, 2, 4, 5, 77, 21, 86, 87, 30, 33, 34, 35, 37, 39, 103, 40, 45, 110, 111, 112, 51, 115, 55, 61, 127], ""is_rebookable"": false, ""is_new_listing"": false, ""is_fully_refundable"": true, ""is_host_highly_rated"": true, ""is_business_travel_ready"": false}";"{""weekly_factor"": 1.0, ""monthly_factor"": 1.0}";6073;"";"{""is_superhost"": false}"
27446980;Charmante studette cosi ideal touriste;entire_home;Paris;Gare du Nord - Gare de I'Est;48.87616289;2.3537065551;2;"[""https://a0.muscache.com/im/pictures/acaa5fbb-3932-41ef-b5e2-1d5b13d2574c.jpg?aki_policy=large"", ""https://a0.muscache.com/im/pictures/3030bec0-42e5-4c41-9b44-e9bcf9c3968f.jpg?aki_policy=large"", ""https://a0.muscache.com/im/pictures/a8d1ffd1-c6f6-408c-bb4e-eca2080c93e8.jpg?aki_policy=large"", ""https://a0.muscache.com/im/pictures/8b035bf3-327d-4a08-8179-c573ef3dd6ae.jpg?aki_policy=large"", ""https://a0.muscache.com/im/pictures/dfba994e-d4e7-4c5b-9c39-772caf4ee24d.jpg?aki_policy=large"", ""https://a0.muscache.com/im/pictures/75b00210-6a83-42e4-a08b-c65870ccb3a3.jpg?aki_policy=large""]";"{""beds"": 1, ""bedrooms"": 0, ""bathrooms"": 1.0, ""amenity_ids"": [16, 8, 40, 56, 41, 42, 11, 44, 30], ""is_rebookable"": false, ""is_new_listing"": true, ""is_fully_refundable"": true, ""is_host_highly_rated"": false, ""is_business_travel_ready"": false}";"{""weekly_factor"": 0.95, ""monthly_factor"": 0.7}";2480;"";"{""is_superhost"": false}"
25792643;Sublime et neuf appartement Grands Boulevards;entire_home;Paris;Opéra - Grands Boulevards;48.8732510497;2.34286232949;7;"[""https://a0.muscache.com/im/pictures/0948e685-b6c3-4b60-8947-3c68ca114ed1.jpg?aki_policy=large"", ""https://a0.muscache.com/im/pictures/0f1264c7-06dd-4863-921d-8cfa667182c3.jpg?aki_policy=large"", ""https://a0.muscache.com/im/pictures/902630cb-9a33-4b56-b4a9-2f1eabe1849b.jpg?aki_policy=large"", ""https://a0.muscache.com/im/pictures/a35ab895-1f14-4f1b-a10a-f447c3f9a373.jpg?aki_policy=large"", ""https://a0.muscache.com/im/pictures/8c76525c-aa48-4a02-a0d0-ae840f65a728.jpg?aki_policy=large"", ""https://a0.muscache.com/im/pictures/9ba22c5f-e4e7-48d5-a2ab-0c3f63ad2369.jpg?aki_policy=large"", ""https://a0.muscache.com/im/pictures/e697d412-5bb3-4a07-ab88-86eca9976fb0.jpg?aki_policy=large"", ""https://a0.muscache.com/im/pictures/7c49a5c8-c1f4-4205-895a-45a0d685fd78.jpg?aki_policy=large"", ""https://a0.muscache.com/im/pictures/4e75c5dc-1b00-43aa-988c-5134a47f1913.jpg?aki_policy=large"", ""https://a0.muscache.com/im/pictures/9b07c33f-b725-47ac-b3c6-f17edb51fd46.jpg?aki_policy=large"", ""https://a0.muscache.com/im/pictures/d659a497-6e00-46ef-9e3b-21838c380b63.jpg?aki_policy=large"", ""https://a0.muscache.com/im/pictures/dabe1a4e-1db7-41bc-8820-e6155f8a56ae.jpg?aki_policy=large"", ""https://a0.muscache.com/im/pictures/600b0b83-4ac7-4312-9cdd-5333ff433611.jpg?aki_policy=large"", ""https://a0.muscache.com/im/pictures/23f11520-638a-4a8c-8f14-9a23ee98a6ca.jpg?aki_policy=large"", ""https://a0.muscache.com/im/pictures/ca1a0c60-35fe-48ff-b490-019cb463ba95.jpg?aki_policy=large"", ""https://a0.muscache.com/im/pictures/d9c43bac-6148-48db-8e48-537ad25d48ec.jpg?aki_policy=large"", ""https://a0.muscache.com/im/pictures/7875369d-7403-4755-a14f-824df4629f20.jpg?aki_policy=large"", ""https://a0.muscache.com/im/pictures/d933673b-9c7b-4ec1-9c73-627a3e5ad111.jpg?aki_policy=large"", ""https://a0.muscache.com/im/pictures/d38448a4-4ecb-4c6c-bac5-2171482839ab.jpg?aki_policy=large"", ""https://a0.muscache.com/im/pictures/36ca68b5-11cc-4b95-a472-e4dd41abedf9.jpg?aki_policy=large"", ""https://a0.muscache.com/im/pictures/9fd67b1b-3b2d-4003-ad1f-a5c452041c1f.jpg?aki_policy=large"", ""https://a0.muscache.com/im/pictures/ac2abd58-cf79-49f6-be61-73e92236673f.jpg?aki_policy=large""]";"{""beds"": 2, ""bedrooms"": 2, ""bathrooms"": 1.0, ""amenity_ids"": [96, 1, 33, 129, 35, 4, 8, 40, 41, 44, 45, 77, 46, 47, 21, 85, 89, 90, 91, 92, 93, 30, 94, 95], ""is_rebookable"": false, ""is_new_listing"": false, ""is_fully_refundable"": true, ""is_host_highly_rated"": true, ""is_business_travel_ready"": false}";"{""weekly_factor"": 1.0, ""monthly_factor"": 1.0}";2541;"";"{""is_superhost"": false}"
25802009;Loft quatre personnes quartier Palais Royal;entire_home;Paris;Palais Royal;48.8661813123;2.33577202898;4;"[""https://a0.muscache.com/im/pictures/a0817b85-8a9c-4e7f-baa1-fa5c2e50898b.jpg?aki_policy=large"", ""https://a0.muscache.com/im/pictures/632620ef-d6e3-4df1-819b-fcdfc59cb255.jpg?aki_policy=large"", ""https://a0.muscache.com/im/pictures/217f41e8-e5d6-47ee-893e-036f282f66f2.jpg?aki_policy=large"", ""https://a0.muscache.com/im/pictures/53712df5-d1aa-4d28-9b5f-d97d60fc01d6.jpg?aki_policy=large"", ""https://a0.muscache.com/im/pictures/9e9f5666-ad53-44f0-972d-b13813912887.jpg?aki_policy=large"", ""https://a0.muscache.com/im/pictures/7857b222-da36-4a5a-9b41-99e50ffd4e42.jpg?aki_policy=large"", ""https://a0.muscache.com/im/pictures/c6e98aea-27bb-4206-9503-c41a1d63920e.jpg?aki_policy=large"", ""https://a0.muscache.com/im/pictures/7e34f65a-c77c-4a1d-a965-b92a13865320.jpg?aki_policy=large"", ""https://a0.muscache.com/im/pictures/27e9517d-aacc-4813-8ba2-859392c90a6d.jpg?aki_policy=large"", ""https://a0.muscache.com/im/pictures/9cb64fce-735b-4b05-a230-9146f15e02b1.jpg?aki_policy=large""]";"{""beds"": 2, ""bedrooms"": 1, ""bathrooms"": 1.0, ""amenity_ids"": [96, 1, 3, 35, 4, 36, 8, 40, 41, 10, 44, 45, 77, 46, 47, 85, 89, 90, 91, 93, 30, 94, 31], ""is_rebookable"": false, ""is_new_listing"": false, ""is_fully_refundable"": true, ""is_host_highly_rated"": false, ""is_business_travel_ready"": false}";"{""weekly_factor"": 0.95, ""monthly_factor"": 0.9}";3091;"";"{""is_superhost"": false}"
25876312;French Haussmannian suite for 6 people;private_room;Paris;Champs-Elysées;48.8690793444;2.30638157441;6;"[""https://a0.muscache.com/im/pictures/1a19b59c-f8ef-443b-b7e0-e61405a53820.jpg?aki_policy=large"", ""https://a0.muscache.com/im/pictures/86ddf037-16c0-4f18-accb-91212559869d.jpg?aki_policy=large"", ""https://a0.muscache.com/im/pictures/47a4e200-62bc-415b-a510-0bdf44ab77b4.jpg?aki_policy=large"", ""https://a0.muscache.com/im/pictures/d7b159d4-990f-4fb3-a222-b2c327480b4c.jpg?aki_policy=large"", ""https://a0.muscache.com/im/pictures/929e809e-76ca-49f2-b4d7-f8ff917eb371.jpg?aki_policy=large"", ""https://a0.muscache.com/im/pictures/f8876554-8fdf-423c-b2b3-188f4b1399ed.jpg?aki_policy=large"", ""https://a0.muscache.com/im/pictures/da5746c6-c760-4e43-9dd0-9dce341ba46d.jpg?aki_policy=large"", ""https://a0.muscache.com/im/pictures/71ba91d2-7c9d-4a6d-8a91-dc56fcb6ecae.jpg?aki_policy=large"", ""https://a0.muscache.com/im/pictures/ab2df12d-19c9-4e7a-b3cd-9f79d99184da.jpg?aki_policy=large"", ""https://a0.muscache.com/im/pictures/0263981c-8a41-4672-ad0f-3d422e21cb48.jpg?aki_policy=large"", ""https://a0.muscache.com/im/pictures/45bd2150-6c40-43a3-a24f-6b761c76cf19.jpg?aki_policy=large"", ""https://a0.muscache.com/im/pictures/b6b3645e-bdf5-49c9-9a54-1a1a98ff680b.jpg?aki_policy=large"", ""https://a0.muscache.com/im/pictures/0161bf1f-4f4f-464b-af54-04f644ad81cc.jpg?aki_policy=large"", ""https://a0.muscache.com/im/pictures/a9be3da7-2227-41a3-a43b-83e4c5cc5d18.jpg?aki_policy=large"", ""https://a0.muscache.com/im/pictures/905266b3-cbd7-482d-89ff-e213841a3a61.jpg?aki_policy=large"", ""https://a0.muscache.com/im/pictures/0bcc9b1c-a6ee-4248-9bac-f29bbd52f23f.jpg?aki_policy=large"", ""https://a0.muscache.com/im/pictures/b26dd214-8bf5-45ae-95f4-066e631de029.jpg?aki_policy=large"", ""https://a0.muscache.com/im/pictures/58b5f240-bc82-4d6d-84b7-e84b75dea3c3.jpg?aki_policy=large"", ""https://a0.muscache.com/im/pictures/28695e6f-ae84-4092-9351-64fcc5bb7eef.jpg?aki_policy=large"", ""https://a0.muscache.com/im/pictures/75ae4f10-7d9e-488d-8ab9-61b07d0db70b.jpg?aki_policy=large"", ""https://a0.muscache.com/im/pictures/cf8a6857-a5e8-4052-9192-ebf41d577f98.jpg?aki_policy=large"", ""https://a0.muscache.com/im/pictures/dd60dd81-655c-415f-b597-ebc7ad2ce6f5.jpg?aki_policy=large"", ""https://a0.muscache.com/im/pictures/88a9b94d-04c1-47a2-a55f-0db0938d3b56.jpg?aki_policy=large"", ""https://a0.muscache.com/im/pictures/77b3028a-a331-4561-b266-8eefdbcc66ed.jpg?aki_policy=large"", ""https://a0.muscache.com/im/pictures/096dc001-2a47-4caf-931b-2de502d6181b.jpg?aki_policy=large"", ""https://a0.muscache.com/im/pictures/a681f3fc-cb66-422c-a6e7-e7c8bc0d08bf.jpg?aki_policy=large"", ""https://a0.muscache.com/im/pictures/4805c3d0-9948-4cc2-9688-d2f9b1d34697.jpg?aki_policy=large"", ""https://a0.muscache.com/im/pictures/03617a10-cea4-4fe2-8e6a-7a27f3024df8.jpg?aki_policy=large"", ""https://a0.muscache.com/im/pictures/9c35aaf8-3688-47ca-9abd-31a2a800b4f1.jpg?aki_policy=large"", ""https://a0.muscache.com/im/pictures/0ced4272-d6d8-4f4f-b65f-1d56da59ff3c.jpg?aki_policy=large""]";"{""beds"": 3, ""bedrooms"": 2, ""bathrooms"": 2.0, ""amenity_ids"": [128, 1, 2, 3, 4, 5, 72, 77, 16, 21, 85, 86, 87, 30, 33, 34, 35, 37, 39, 103, 40, 41, 42, 44, 45, 109, 46, 110, 47, 111, 112, 113, 51, 115, 55, 61, 127], ""is_rebookable"": false, ""is_new_listing"": false, ""is_fully_refundable"": true, ""is_host_highly_rated"": false, ""is_business_travel_ready"": false}";"{""weekly_factor"": 1.0, ""monthly_factor"": 1.0}";2146;"";"{""is_superhost"": false}"
25899803;APPARTEMENT MODERNE ET LUMINEUX - PARIS - QUARTIER MONTMARTRE;entire_home;Paris 9e Arrondissement;Pigalle - Saint-Georges;48.8809462786;2.33958613129;2;"[""https://a0.muscache.com/im/pictures/2b1a5b23-1ddd-4f82-bdf6-36fe9c917268.jpg?aki_policy=large"", ""https://a0.muscache.com/im/pictures/752a733f-1c95-48d3-87cb-7adf35048080.jpg?aki_policy=large"", ""https://a0.muscache.com/im/pictures/e2b7e9bc-be46-4b9d-b766-d630a265eb8f.jpg?aki_policy=large"", ""https://a0.muscache.com/im/pictures/9ff067b4-6fa1-4e3f-a424-21725797a26d.jpg?aki_policy=large"", ""https://a0.muscache.com/im/pictures/005a72fe-ba5b-4f28-aa60-1a6e4f1b09aa.jpg?aki_policy=large"", ""https://a0.muscache.com/im/pictures/bc539feb-5052-433f-b3de-fb9171ef4e05.jpg?aki_policy=large"", ""https://a0.muscache.com/im/pictures/82f7c540-2ed2-4957-ba8b-87d3c7a83bff.jpg?aki_policy=large"", ""https://a0.muscache.com/im/pictures/2ef84871-3d61-4fff-bf80-f4a0da127b45.jpg?aki_policy=large"", ""https://a0.muscache.com/im/pictures/cf84303e-f673-4f47-9cc0-1b575ceb7cff.jpg?aki_policy=large"", ""https://a0.muscache.com/im/pictures/0889fcf2-394c-45c4-a1d2-52eaa3822cdd.jpg?aki_policy=large"", ""https://a0.muscache.com/im/pictures/4fccd685-fbd1-429b-811d-e4e767623ea5.jpg?aki_policy=large""]";"{""beds"": 1, ""bedrooms"": 1, ""bathrooms"": 1.0, ""amenity_ids"": [1, 3, 35, 4, 8, 40, 41, 44, 45, 30, 31, 47], ""is_rebookable"": false, ""is_new_listing"": false, ""is_fully_refundable"": true, ""is_host_highly_rated"": false, ""is_business_travel_ready"": false}";"{""weekly_factor"": 1.0, ""monthly_factor"": 0.9}";7132;"";"{""is_superhost"": false}"
25957295;Logement confortable face Palais de l’Élysée;entire_home;Paris;Madeleine - Vendôme;48.8704597022;2.3188648795;2;"[""https://a0.muscache.com/im/pictures/bdef3602-1185-4b9d-8e84-55221f2126a0.jpg?aki_policy=large"", ""https://a0.muscache.com/im/pictures/dfaf8480-47d5-4a18-b5b3-edcf9f88c5ef.jpg?aki_policy=large"", ""https://a0.muscache.com/im/pictures/3ccb1766-73c4-4c3e-87ee-689f8954fd68.jpg?aki_policy=large"", ""https://a0.muscache.com/im/pictures/88522a76-ce7f-4f76-9d72-481d7c4005c3.jpg?aki_policy=large"", ""https://a0.muscache.com/im/pictures/5b880e8a-dd63-4e99-978a-aa6a47ba53f3.jpg?aki_policy=large"", ""https://a0.muscache.com/im/pictures/82a2d150-8246-4f69-9759-2ed96bde1cb5.jpg?aki_policy=large"", ""https://a0.muscache.com/im/pictures/ec549ba6-93e4-4bb7-a0b3-18bb445f9be2.jpg?aki_policy=large""]";"{""beds"": 1, ""bedrooms"": 1, ""bathrooms"": 1.0, ""amenity_ids"": [16, 1, 33, 35, 4, 8, 40, 41, 44, 45, 30, 46], ""is_rebookable"": false, ""is_new_listing"": false, ""is_fully_refundable"": true, ""is_host_highly_rated"": false, ""is_business_travel_ready"": false}";"{""weekly_factor"": 1.0, ""monthly_factor"": 1.0}";147;"";"{""is_superhost"": false}"
25993989;Private Room in Le Marais;private_room;Paris-4E-Arrondissement;Châtelet - Les Halles - Beaubourg;48.8618153206;2.35142608798;1;"[""https://a0.muscache.com/im/pictures/161c91bc-46c2-44c3-aa99-ac5862014f45.jpg?aki_policy=large"", ""https://a0.muscache.com/im/pictures/4b7434aa-83e7-4e75-a4d7-449d2d7f24f9.jpg?aki_policy=large"", ""https://a0.muscache.com/im/pictures/d4ba2300-5f90-423c-9d72-40865af65f6d.jpg?aki_policy=large"", ""https://a0.muscache.com/im/pictures/f9028c82-09a3-4feb-bba9-c6d7a5837a1b.jpg?aki_policy=large"", ""https://a0.muscache.com/im/pictures/2bfd3550-e309-4796-9f12-24fc7fccaee1.jpg?aki_policy=large"", ""https://a0.muscache.com/im/pictures/bf74957d-2bb8-4a75-b18a-601899c14c27.jpg?aki_policy=large"", ""https://a0.muscache.com/im/pictures/17b8dd7e-9911-4ef3-a654-3603f2a949da.jpg?aki_policy=large"", ""https://a0.muscache.com/im/pictures/fb56a430-922f-42ac-bed6-6ef168f74ccf.jpg?aki_policy=large"", ""https://a0.muscache.com/im/pictures/932e399f-0515-435d-abbf-199f06a2a7d1.jpg?aki_policy=large"", ""https://a0.muscache.com/im/pictures/aae1a138-6791-433b-a251-a58573d47570.jpg?aki_policy=large"", ""https://a0.muscache.com/im/pictures/a791c4ae-d100-429a-9b03-5b19c899bd9e.jpg?aki_policy=large"", ""https://a0.muscache.com/im/pictures/97a6c0d9-6762-418b-95df-0639483d196d.jpg?aki_policy=large"", ""https://a0.muscache.com/im/pictures/3bac76a0-47ec-4c92-9f51-1c22232af43d.jpg?aki_policy=large"", ""https://a0.muscache.com/im/pictures/2fe7a9c1-ba38-4715-b143-3df0ad3bdf17.jpg?aki_policy=large"", ""https://a0.muscache.com/im/pictures/3f09ddf9-8248-4d39-84cd-f276f2f25506.jpg?aki_policy=large"", ""https://a0.muscache.com/im/pictures/e7492902-51cb-4e84-81c5-154b9ed6605c.jpg?aki_policy=large""]";"{""beds"": 1, ""bedrooms"": 1, ""bathrooms"": 1.0, ""amenity_ids"": [1, 35, 4, 40, 41, 77, 46, 47, 21, 86, 89, 90, 91, 30], ""is_rebookable"": false, ""is_new_listing"": false, ""is_fully_refundable"": true, ""is_host_highly_rated"": true, ""is_business_travel_ready"": false}";"{""weekly_factor"": 1.0, ""monthly_factor"": 1.0}";3535;"";"{""is_superhost"": false}"
25986935;COSY ROOM;private_room;Paris;Madeleine - Vendôme;48.8682161522;2.32558800793;2;"[""https://a0.muscache.com/im/pictures/60467024-9a7b-42ff-b55c-58f15425826d.jpg?aki_policy=large"", ""https://a0.muscache.com/im/pictures/11baf87e-29f1-43fa-aba3-957d6fb85a1e.jpg?aki_policy=large"", ""https://a0.muscache.com/im/pictures/ae9f565e-c5f7-4c4c-9ade-9af0831931f5.jpg?aki_policy=large"", ""https://a0.muscache.com/im/pictures/d9d101fe-68a6-4f59-9baa-7cc24bc30a3b.jpg?aki_policy=large"", ""https://a0.muscache.com/im/pictures/919ad50e-5e3e-4656-8391-46a6394a5a0a.jpg?aki_policy=large"", ""https://a0.muscache.com/im/pictures/9b39307a-af2b-48f7-8a89-c5927b2e9b8d.jpg?aki_policy=large"", ""https://a0.muscache.com/im/pictures/844b4231-42f5-45b2-b854-e690512498ed.jpg?aki_policy=large""]";"{""bedrooms"": 1, ""bathrooms"": 1.0, ""amenity_ids"": [1, 129, 2, 35, 4, 5, 37, 39, 103, 40, 104, 41, 10, 44, 45, 77, 47, 16, 86, 87, 61, 30], ""is_rebookable"": false, ""is_new_listing"": false, ""is_fully_refundable"": true, ""is_host_highly_rated"": false, ""is_business_travel_ready"": false}";"{""weekly_factor"": 1.0, ""monthly_factor"": 1.0}";7829;"";"{""is_superhost"": false}"
26056836;Appartement Gare de Lyon;entire_home;Paris;Bastille;48.851592988;2.37368592185;3;"[""https://a0.muscache.com/im/pictures/73ffeab3-3df9-402e-a065-90db7e13e3c7.jpg?aki_policy=large"", ""https://a0.muscache.com/im/pictures/a87b66e8-2d99-44ea-9cfb-55eb3f0db364.jpg?aki_policy=large"", ""https://a0.muscache.com/im/pictures/e3c534cc-85b8-459f-b95c-c018365fa584.jpg?aki_policy=large"", ""https://a0.muscache.com/im/pictures/6b46f940-0598-45d8-839d-41765d5c9450.jpg?aki_policy=large""]";"{""beds"": 2, ""bedrooms"": 1, ""bathrooms"": 1.0, ""amenity_ids"": [33, 4, 8, 40, 41, 12, 44, 30, 15, 47], ""is_rebookable"": false, ""is_new_listing"": false, ""is_fully_refundable"": true, ""is_host_highly_rated"": false, ""is_business_travel_ready"": false}";"{""weekly_factor"": 0.79, ""monthly_factor"": 0.45}";3875;"";"{""is_superhost"": false}"
25996329;Marais Diamond !!!;entire_home;Paris;Le Marais;48.8619897092;2.36137935099;2;"[""https://a0.muscache.com/im/pictures/8a416c6c-9dae-4fbf-8af1-a35d6bb453d8.jpg?aki_policy=large"", ""https://a0.muscache.com/im/pictures/58178718-c1eb-47e7-8d77-8689a7291ff9.jpg?aki_policy=large"", ""https://a0.muscache.com/im/pictures/ab316d23-3056-4a6d-9994-963750b00d8a.jpg?aki_policy=large"", ""https://a0.muscache.com/im/pictures/2d03514b-5bcf-4493-9e8c-2eee5871203c.jpg?aki_policy=large"", ""https://a0.muscache.com/im/pictures/4f0f4570-6568-40ef-95ba-574c51b2ca35.jpg?aki_policy=large"", ""https://a0.muscache.com/im/pictures/9444f39d-81cc-434c-995e-58a9f4ebbf9d.jpg?aki_policy=large"", ""https://a0.muscache.com/im/pictures/3aaccd56-1979-4ed4-9fdb-63490dc75bc3.jpg?aki_policy=large"", ""https://a0.muscache.com/im/pictures/5ca77af9-aef0-4f7a-9184-ba6c5b0995a4.jpg?aki_policy=large"", ""https://a0.muscache.com/im/pictures/05de51f4-6d73-4a1c-9922-12a9ae7ad5da.jpg?aki_policy=large"", ""https://a0.muscache.com/im/pictures/38b6a00a-e0dc-4dfe-bb23-ab982305f654.jpg?aki_policy=large"", ""https://a0.muscache.com/im/pictures/633ede96-bce4-4e93-ad03-2f700d933e6c.jpg?aki_policy=large"", ""https://a0.muscache.com/im/pictures/6b474745-8ab1-4632-bd7f-1af15fc97ae3.jpg?aki_policy=large"", ""https://a0.muscache.com/im/pictures/0ff06fd7-e278-43cb-9d59-8944152b9d9c.jpg?aki_policy=large"", ""https://a0.muscache.com/im/pictures/f7ee3670-1af8-4b5d-8889-b459d17d72c0.jpg?aki_policy=large"", ""https://a0.muscache.com/im/pictures/f3528181-b53f-40d3-8207-7f9c04db59d5.jpg?aki_policy=large"", ""https://a0.muscache.com/im/pictures/f33d2b0f-d00c-4fa2-9d19-07f2030edcf3.jpg?aki_policy=large"", ""https://a0.muscache.com/im/pictures/9e1c86e5-6751-4889-b216-5e108fc63c1c.jpg?aki_policy=large""]";"{""beds"": 1, ""bedrooms"": 0, ""bathrooms"": 1.0, ""amenity_ids"": [4, 40, 41, 10, 44, 45, 77, 46, 85, 89, 90, 91, 93, 94], ""is_rebookable"": false, ""is_new_listing"": false, ""is_fully_refundable"": true, ""is_host_highly_rated"": true, ""is_business_travel_ready"": false}";"{""weekly_factor"": 1.0, ""monthly_factor"": 1.0}";4902;"";"{""is_superhost"": false}"
26006849;Appartement cosy proche République;entire_home;Paris;République;48.8638358938;2.37604746691;2;"[""https://a0.muscache.com/im/pictures/8c7baa87-4323-4e2e-aa85-5bc96caee226.jpg?aki_policy=large"", ""https://a0.muscache.com/im/pictures/52cef854-1c05-4468-9374-2320a11f4bcd.jpg?aki_policy=large"", ""https://a0.muscache.com/im/pictures/a4128e34-ba7c-4f34-b871-baee988e7477.jpg?aki_policy=large"", ""https://a0.muscache.com/im/pictures/4d66bc46-20c2-47ce-b944-8fa903b23fd5.jpg?aki_policy=large"", ""https://a0.muscache.com/im/pictures/5dbfc682-cdd3-4d93-a074-642c73964892.jpg?aki_policy=large"", ""https://a0.muscache.com/im/pictures/08262816-bb53-43f9-bb18-7e4e1d84c69e.jpg?aki_policy=large"", ""https://a0.muscache.com/im/pictures/9434ec17-c3f2-4d4b-9512-af47790065f0.jpg?aki_policy=large"", ""https://a0.muscache.com/im/pictures/b3b882cd-5b3c-4ef4-ace7-85ddc57e7125.jpg?aki_policy=large"", ""https://a0.muscache.com/im/pictures/c1e4b0a0-c403-46d8-99f1-42e5f56c7794.jpg?aki_policy=large"", ""https://a0.muscache.com/im/pictures/16fe845f-6ca8-4d09-9a93-c8a400e7fa23.jpg?aki_policy=large"", ""https://a0.muscache.com/im/pictures/94944d06-8681-4500-9e37-5f65bd988388.jpg?aki_policy=large"", ""https://a0.muscache.com/im/pictures/3c8e75f7-1a2f-4c92-b11e-a795f05e5136.jpg?aki_policy=large""]";"{""beds"": 1, ""bedrooms"": 1, ""bathrooms"": 1.0, ""amenity_ids"": [96, 1, 33, 129, 3, 4, 8, 40, 41, 44, 45, 77, 46, 47, 90, 91, 28, 93, 30, 94, 95], ""is_rebookable"": false, ""is_new_listing"": false, ""is_fully_refundable"": true, ""is_host_highly_rated"": true, ""is_business_travel_ready"": false}";"{""weekly_factor"": 1.0, ""monthly_factor"": 0.85}";7233;"";"{""is_superhost"": false}"
26017092;Luxury designer Apartment 4 person -Le Marais;entire_home;Paris;3e arrondissement;48.8635638124;2.36485241283;4;"[""https://a0.muscache.com/im/pictures/a8b6f902-8e23-4a92-9592-d4359503ff59.jpg?aki_policy=large"", ""https://a0.muscache.com/im/pictures/4e37dc63-0abd-40de-bbba-3616126db023.jpg?aki_policy=large"", ""https://a0.muscache.com/im/pictures/1012fb97-9898-494b-9b26-5c1bbf11928b.jpg?aki_policy=large"", ""https://a0.muscache.com/im/pictures/8985a73b-65f0-4b5b-8908-906f6ba0a9f5.jpg?aki_policy=large"", ""https://a0.muscache.com/im/pictures/76dc379b-943b-469b-990d-269293a7e7f5.jpg?aki_policy=large"", ""https://a0.muscache.com/im/pictures/8c9f2704-909a-45f7-8ea7-6b33601059a2.jpg?aki_policy=large"", ""https://a0.muscache.com/im/pictures/814e823f-b8f4-4b68-a28a-a832870de291.jpg?aki_policy=large"", ""https://a0.muscache.com/im/pictures/b7481c62-3c37-406c-8c99-3e1858051dcb.jpg?aki_policy=large"", ""https://a0.muscache.com/im/pictures/aa6bf5cf-8c24-4ca2-b8e0-974cde3a78ec.jpg?aki_policy=large"", ""https://a0.muscache.com/im/pictures/a68ddefc-2e0a-466d-a59a-67c9444f3257.jpg?aki_policy=large"", ""https://a0.muscache.com/im/pictures/c57cc80c-5e61-4917-a961-f930a1a566a9.jpg?aki_policy=large"", ""https://a0.muscache.com/im/pictures/44979413-cee5-48b9-ac15-0ffcc97f1283.jpg?aki_policy=large"", ""https://a0.muscache.com/im/pictures/391b778e-734e-4428-8aa6-38987d4cad67.jpg?aki_policy=large"", ""https://a0.muscache.com/im/pictures/8de052bc-a73b-4351-bb28-d9f29659ff61.jpg?aki_policy=large"", ""https://a0.muscache.com/im/pictures/59fa821b-d693-44b1-a849-73756d3c0900.jpg?aki_policy=large"", ""https://a0.muscache.com/im/pictures/ed23dfc0-5d9d-4d13-8c05-f1c6d100697d.jpg?aki_policy=large"", ""https://a0.muscache.com/im/pictures/f03ba334-d832-4f91-a22d-08b58e8d8a3a.jpg?aki_policy=large"", ""https://a0.muscache.com/im/pictures/d65d929b-020a-4dd3-9198-82f0d8ada8e4.jpg?aki_policy=large"", ""https://a0.muscache.com/im/pictures/d0148e5f-daf6-4643-a3a9-ee488854f13f.jpg?aki_policy=large""]";"{""beds"": 2, ""bedrooms"": 1, ""bathrooms"": 1.0, ""amenity_ids"": [1, 129, 2, 4, 8, 10, 77, 85, 86, 87, 88, 89, 90, 91, 92, 93, 30, 94, 95, 287, 96, 33, 34, 98, 35, 37, 38, 103, 40, 104, 41, 107, 44, 45, 46, 47, 113, 115, 117, 56, 120, 57], ""is_rebookable"": false, ""is_new_listing"": false, ""is_fully_refundable"": true, ""is_host_highly_rated"": false, ""is_business_travel_ready"": false}";"{""weekly_factor"": 0.8, ""monthly_factor"": 0.6}";6198;"";"{""is_superhost"": false}"
26019876;Paris Opera Sunny Studio;entire_home;Paris;Pigalle - Saint-Georges;48.8750581561;2.33256542732;2;"[""https://a0.muscache.com/im/pictures/04c2c855-e1be-402c-acba-b8b3c0e2a9ec.jpg?aki_policy=large"", ""https://a0.muscache.com/im/pictures/32b4f3dd-067b-4eef-9f88-7f09b5fb7f14.jpg?aki_policy=large"", ""https://a0.muscache.com/im/pictures/b51ed11a-1388-4585-ada7-e036f49f10e5.jpg?aki_policy=large"", ""https://a0.muscache.com/im/pictures/f6f42d5c-b779-413c-b4d9-44c07b42e656.jpg?aki_policy=large"", ""https://a0.muscache.com/im/pictures/3c406a1b-db79-4ebe-88a6-fcb22404fc95.jpg?aki_policy=large"", ""https://a0.muscache.com/im/pictures/29f642e7-0d32-458c-9d5e-4e6b2d79e134.jpg?aki_policy=large"", ""https://a0.muscache.com/im/pictures/2bf0e732-a5e7-4c82-a590-38b9d3ed8dfe.jpg?aki_policy=large"", ""https://a0.muscache.com/im/pictures/148af1e5-4a56-494f-87d1-c3fd56620a6c.jpg?aki_policy=large"", ""https://a0.muscache.com/im/pictures/7d772acb-c7e7-4408-bd14-fc17ea803e56.jpg?aki_policy=large"", ""https://a0.muscache.com/im/pictures/ad85eac8-5899-4ed0-b512-4865b6c91bfe.jpg?aki_policy=large"", ""https://a0.muscache.com/im/pictures/920fb79b-0785-4f6f-b4eb-19b3ca7fb51f.jpg?aki_policy=large"", ""https://a0.muscache.com/im/pictures/0826c12e-bf78-4296-ba9c-2e38ce7863d9.jpg?aki_policy=large"", ""https://a0.muscache.com/im/pictures/3e6c7224-e74b-44e3-9e5b-c2464e0490b8.jpg?aki_policy=large""]";"{""beds"": 1, ""bedrooms"": 0, ""bathrooms"": 1.0, ""amenity_ids"": [1, 33, 35, 4, 36, 8, 40, 41, 44, 45, 46, 47, 21, 57, 30], ""is_rebookable"": false, ""is_new_listing"": false, ""is_fully_refundable"": true, ""is_host_highly_rated"": true, ""is_business_travel_ready"": false}";"{""weekly_factor"": 0.9, ""monthly_factor"": 0.61}";5279;"";"{""is_superhost"": false}"
27129783;Studio rue de la pompe paris 16;entire_home;Paris;Passy;48.8613082033;2.27741506852;2;"[""https://a0.muscache.com/im/pictures/78b071a6-1042-4806-b88c-a25f6b128b52.jpg?aki_policy=large"", ""https://a0.muscache.com/im/pictures/75b55633-6cde-48d3-8541-952c0b9e2c6b.jpg?aki_policy=large"", ""https://a0.muscache.com/im/pictures/a25a206e-9d7a-4456-aa7e-ee75b2ef5aa0.jpg?aki_policy=large"", ""https://a0.muscache.com/im/pictures/a5edcd8c-e22f-4e9f-a3f6-047c5a02f6f0.jpg?aki_policy=large"", ""https://a0.muscache.com/im/pictures/e335075c-0cf6-4343-916d-7f9f073343b5.jpg?aki_policy=large"", ""https://a0.muscache.com/im/pictures/a16aa66f-83c6-4aa3-8632-a176fb972298.jpg?aki_policy=large"", ""https://a0.muscache.com/im/pictures/d5146905-2247-44f3-86a5-577b14d9b307.jpg?aki_policy=large""]";"{""beds"": 1, ""bedrooms"": 0, ""bathrooms"": 1.0, ""amenity_ids"": [1, 2, 35, 4, 21, 8, 40, 56, 41, 28, 30, 46], ""is_rebookable"": false, ""is_new_listing"": false, ""is_fully_refundable"": true, ""is_host_highly_rated"": false, ""is_business_travel_ready"": false}";"{""weekly_factor"": 1.0, ""monthly_factor"": 1.0}";2269;"";"{""is_superhost"": false}"
26025623;Votre home parisien - Petit déjeuner offert;private_room;Paris;Pigalle - Saint-Georges;48.875931987;2.33569724345;2;"[""https://a0.muscache.com/im/pictures/37609ac4-d2a4-4b13-ad6d-c46818d2eb0e.jpg?aki_policy=large"", ""https://a0.muscache.com/im/pictures/9d679103-ae16-469f-80fe-c9a6c3660936.jpg?aki_policy=large"", ""https://a0.muscache.com/im/pictures/cf8343a7-f65e-450e-8819-2dcddc3a79d1.jpg?aki_policy=large"", ""https://a0.muscache.com/im/pictures/8f145c46-bb55-409f-83c3-9d49e115dd7e.jpg?aki_policy=large"", ""https://a0.muscache.com/im/pictures/a040b1f9-7636-4bba-ba77-c8a6c1dd3aa6.jpg?aki_policy=large"", ""https://a0.muscache.com/im/pictures/f9f1fdb5-1cb1-44e8-a9ad-d6239877ec5d.jpg?aki_policy=large"", ""https://a0.muscache.com/im/pictures/543e145e-d473-4f86-8798-49593815b0ba.jpg?aki_policy=large"", ""https://a0.muscache.com/im/pictures/ca73de7d-a024-427b-8569-08c33356915e.jpg?aki_policy=large"", ""https://a0.muscache.com/im/pictures/399d040a-ae68-4fb9-b8ef-18ad250dab0d.jpg?aki_policy=large"", ""https://a0.muscache.com/im/pictures/7b4f49e7-5eb4-46fb-a681-d25598b09ca5.jpg?aki_policy=large"", ""https://a0.muscache.com/im/pictures/0dda37d0-70e0-4741-8478-8bed9d2b1d64.jpg?aki_policy=large""]";"{""beds"": 1, ""bedrooms"": 1, ""bathrooms"": 1.0, ""amenity_ids"": [128, 1, 2, 4, 5, 77, 15, 16, 21, 85, 86, 87, 30, 35, 100, 37, 39, 103, 40, 45, 110, 111, 112, 51, 115, 55, 61, 127], ""is_rebookable"": false, ""is_new_listing"": false, ""is_fully_refundable"": true, ""is_host_highly_rated"": true, ""is_business_travel_ready"": false}";"{""weekly_factor"": 1.0, ""monthly_factor"": 1.0}";6755;"";"{""is_superhost"": false}"
26049033;Appartement parisien à deux pas du Louvre;entire_home;Paris;Madeleine - Vendôme;48.868157327;2.33330767751;4;"[""https://a0.muscache.com/im/pictures/c7eeb53e-67e7-4855-a8cc-10c634d82f2e.jpg?aki_policy=large"", ""https://a0.muscache.com/im/pictures/87b71af2-d3ad-4a28-8104-7ba9be4ef7f1.jpg?aki_policy=large"", ""https://a0.muscache.com/im/pictures/8231097e-bcb1-4835-80c7-054d5a7bf627.jpg?aki_policy=large"", ""https://a0.muscache.com/im/pictures/162623b4-0eef-47a1-b79e-411effdc9c35.jpg?aki_policy=large"", ""https://a0.muscache.com/im/pictures/6872d56d-50c1-4fe6-8941-1d2116193b0c.jpg?aki_policy=large"", ""https://a0.muscache.com/im/pictures/edfd6a61-c0d0-4458-9e21-91a2537ff9bd.jpg?aki_policy=large"", ""https://a0.muscache.com/im/pictures/a296d5c5-498a-4689-b545-30c61c0323f6.jpg?aki_policy=large"", ""https://a0.muscache.com/im/pictures/e31f2563-c47d-4297-93a8-42941cb127f9.jpg?aki_policy=large"", ""https://a0.muscache.com/im/pictures/6665ff68-b691-45b6-9a01-b1dfbd7b3f75.jpg?aki_policy=large"", ""https://a0.muscache.com/im/pictures/d3d70901-d55e-45db-a25f-a0e89accce71.jpg?aki_policy=large"", ""https://a0.muscache.com/im/pictures/128ec61b-7e46-4c9b-8d4d-17860ac1c90e.jpg?aki_policy=large"", ""https://a0.muscache.com/im/pictures/b6198162-5062-4674-92a3-739f2342869b.jpg?aki_policy=large""]";"{""beds"": 2, ""bedrooms"": 1, ""bathrooms"": 1.0, ""amenity_ids"": [1, 33, 129, 3, 35, 4, 8, 40, 104, 41, 10, 44, 45, 77, 14, 46, 47, 30], ""is_rebookable"": false, ""is_new_listing"": false, ""is_fully_refundable"": true, ""is_host_highly_rated"": false, ""is_business_travel_ready"": false}";"{""weekly_factor"": 0.95, ""monthly_factor"": 0.9}";3441;"";"{""is_superhost"": false}"
26050143;Charmant Studio Paris centre;entire_home;Paris;Gare du Nord - Gare de I'Est;48.8821998823;2.36282789744;3;"[""https://a0.muscache.com/im/pictures/573671f7-3661-4a2f-8d94-5405b641bf7f.jpg?aki_policy=large"", ""https://a0.muscache.com/im/pictures/0e8f738b-ffb8-484a-b1e2-3f7f72d4ca12.jpg?aki_policy=large"", ""https://a0.muscache.com/im/pictures/1456a394-257d-4177-b6b3-d43f730b8cab.jpg?aki_policy=large"", ""https://a0.muscache.com/im/pictures/9b87156f-4359-4919-b08b-196c0e1fda8b.jpg?aki_policy=large"", ""https://a0.muscache.com/im/pictures/5d3c04c7-e86a-4d0a-b826-7eb491ddc18a.jpg?aki_policy=large"", ""https://a0.muscache.com/im/pictures/e9b3b37c-eb7d-4272-bfa6-f37940092d17.jpg?aki_policy=large""]";"{""beds"": 1, ""bedrooms"": 0, ""bathrooms"": 1.0, ""amenity_ids"": [1, 33, 35, 4, 8, 40, 41, 12, 44, 45, 46, 16, 30, 31], ""is_rebookable"": false, ""is_new_listing"": false, ""is_fully_refundable"": true, ""is_host_highly_rated"": false, ""is_business_travel_ready"": false}";"{""weekly_factor"": 0.84, ""monthly_factor"": 1.0}";7376;"";"{""is_superhost"": false}"
26054239;Nouvel appartement Industriel au coeur du Marais;entire_home;Paris;Le Marais;48.8608710229;2.35684998112;6;"[""https://a0.muscache.com/im/pictures/4a405961-7de8-4655-9129-2b37f47dc236.jpg?aki_policy=large"", ""https://a0.muscache.com/im/pictures/6075533a-43d2-4c28-b387-5dcbf3d12c6b.jpg?aki_policy=large"", ""https://a0.muscache.com/im/pictures/11301052-650a-4fe3-80fc-601ce50e8ee2.jpg?aki_policy=large"", ""https://a0.muscache.com/im/pictures/fb6e9120-594b-498a-95bb-59261213409e.jpg?aki_policy=large"", ""https://a0.muscache.com/im/pictures/7b20fb17-b4b3-42db-97ac-306bcd15e235.jpg?aki_policy=large"", ""https://a0.muscache.com/im/pictures/c626fc23-99fa-4569-aab4-ed44caccdd8b.jpg?aki_policy=large"", ""https://a0.muscache.com/im/pictures/82ee266b-d2a4-4288-85bd-87039d48ffbf.jpg?aki_policy=large"", ""https://a0.muscache.com/im/pictures/e8cd7d4a-4669-4586-ace1-16ec15eb34e5.jpg?aki_policy=large"", ""https://a0.muscache.com/im/pictures/d14733b8-c92b-4420-86ef-ab941088b448.jpg?aki_policy=large"", ""https://a0.muscache.com/im/pictures/2c35fdc8-8713-477e-bbe4-7de31bad7d33.jpg?aki_policy=large"", ""https://a0.muscache.com/im/pictures/22a2c147-f6c7-442a-bac6-837db1d02754.jpg?aki_policy=large"", ""https://a0.muscache.com/im/pictures/d7b35524-94a4-4b87-8863-2b660c4a1c6c.jpg?aki_policy=large"", ""https://a0.muscache.com/im/pictures/903faad8-cb3b-442f-a079-3b5fadf1d217.jpg?aki_policy=large"", ""https://a0.muscache.com/im/pictures/1995dc75-c831-4248-adb0-9f4bd274e873.jpg?aki_policy=large"", ""https://a0.muscache.com/im/pictures/fa37f290-3062-4ac7-ba43-15be15d37554.jpg?aki_policy=large"", ""https://a0.muscache.com/im/pictures/440c3bb1-5865-4c6e-ac90-50e1a0ebcde9.jpg?aki_policy=large"", ""https://a0.muscache.com/im/pictures/65d83a4c-820a-41f5-b559-ddebc3af49ea.jpg?aki_policy=large"", ""https://a0.muscache.com/im/pictures/5554c36b-8edf-4763-826a-a159606d2b27.jpg?aki_policy=large"", ""https://a0.muscache.com/im/pictures/fca606ec-24ff-4796-bea3-3682f5c8c9f3.jpg?aki_policy=large"", ""https://a0.muscache.com/im/pictures/4472dc31-cad0-4f84-a1b9-f4de83598fdc.jpg?aki_policy=large"", ""https://a0.muscache.com/im/pictures/90d79311-e365-466e-8159-e64a011e6bac.jpg?aki_policy=large"", ""https://a0.muscache.com/im/pictures/fb41d190-cd0a-4a9f-aa84-6ec958732fd7.jpg?aki_policy=large"", ""https://a0.muscache.com/im/pictures/a9a6f29b-bc9a-4695-b967-22ad346587fe.jpg?aki_policy=large"", ""https://a0.muscache.com/im/pictures/a38d9471-3656-4ffb-a0e5-5d57b669b847.jpg?aki_policy=large"", ""https://a0.muscache.com/im/pictures/2632c633-220c-4af5-a5dd-a1ad19945c0b.jpg?aki_policy=large"", ""https://a0.muscache.com/im/pictures/733f0af6-b882-4e1f-9774-e1d29ca29c16.jpg?aki_policy=large"", ""https://a0.muscache.com/im/pictures/77c0a8ea-cdbf-4c1c-b25e-7d69b8ff4c15.jpg?aki_policy=large"", ""https://a0.muscache.com/im/pictures/fea54fc1-94f9-4130-86ef-162397153d17.jpg?aki_policy=large"", ""https://a0.muscache.com/im/pictures/09a99999-7161-48c9-9dc0-237fa0c123f8.jpg?aki_policy=large"", ""https://a0.muscache.com/im/pictures/c2d9c459-03f4-4432-be3d-d17f56b935fe.jpg?aki_policy=large""]";"{""beds"": 3, ""bedrooms"": 1, ""bathrooms"": 1.0, ""amenity_ids"": [1, 3, 4, 8, 136, 10, 77, 85, 89, 90, 91, 93, 30, 94, 96, 33, 35, 36, 37, 101, 38, 40, 104, 41, 44, 45, 46, 47, 51, 54], ""is_rebookable"": false, ""is_new_listing"": false, ""is_fully_refundable"": true, ""is_host_highly_rated"": true, ""is_business_travel_ready"": false}";"{""weekly_factor"": 1.0, ""monthly_factor"": 1.0}";1046;"";"{""is_superhost"": false}"
26073789;New Atelier Apartment in the heart of Le Marais;entire_home;Paris;3e arrondissement;48.8679181384;2.36036636026;8;"[""https://a0.muscache.com/im/pictures/53e104b0-770b-451e-a913-e6198a571cf5.jpg?aki_policy=large"", ""https://a0.muscache.com/im/pictures/88f42465-6da7-469d-964a-dfc652558c11.jpg?aki_policy=large"", ""https://a0.muscache.com/im/pictures/c09da250-a2f0-4ed7-8a38-90a1fbc0ccf5.jpg?aki_policy=large"", ""https://a0.muscache.com/im/pictures/3f1bc23e-299a-44bf-a74b-27ed497be81d.jpg?aki_policy=large"", ""https://a0.muscache.com/im/pictures/f49617d8-0a72-4f73-b980-1f70cba6d4f1.jpg?aki_policy=large"", ""https://a0.muscache.com/im/pictures/bc58a513-d77c-4c0a-a7f1-34524eab3364.jpg?aki_policy=large"", ""https://a0.muscache.com/im/pictures/f4f63d93-1b41-443b-84f2-4d38687718c8.jpg?aki_policy=large"", ""https://a0.muscache.com/im/pictures/552cf429-3641-45be-94a8-f782a503af5a.jpg?aki_policy=large"", ""https://a0.muscache.com/im/pictures/9336e728-053d-4cc1-a3b5-5058ddcab846.jpg?aki_policy=large"", ""https://a0.muscache.com/im/pictures/4a643f17-a847-42ee-a334-939a9d77816e.jpg?aki_policy=large"", ""https://a0.muscache.com/im/pictures/748c4668-c5a0-42dd-8e2a-16b5adf29ee7.jpg?aki_policy=large"", ""https://a0.muscache.com/im/pictures/5c763b7b-aebb-4758-958f-75cdeda3f819.jpg?aki_policy=large"", ""https://a0.muscache.com/im/pictures/93e1959b-3567-4948-8678-112ae033b6ad.jpg?aki_policy=large"", ""https://a0.muscache.com/im/pictures/c54fba6f-c051-4de0-ab44-9fdfb57d13f7.jpg?aki_policy=large"", ""https://a0.muscache.com/im/pictures/3c3ee655-791a-48e3-b0e8-5c5bae0aafa5.jpg?aki_policy=large"", ""https://a0.muscache.com/im/pictures/cc944c67-3a9c-493d-8ad6-a0877011ab6f.jpg?aki_policy=large"", ""https://a0.muscache.com/im/pictures/1f64a0b3-3c66-4ffe-a10e-e5bcf55c7bbe.jpg?aki_policy=large"", ""https://a0.muscache.com/im/pictures/8f9d8851-2145-495d-89b1-6f36e561cd82.jpg?aki_policy=large"", ""https://a0.muscache.com/im/pictures/4ea1d067-cf51-46fc-b382-66fd6b10438c.jpg?aki_policy=large"", ""https://a0.muscache.com/im/pictures/67beeadc-bf2e-47bb-ad36-449c55713172.jpg?aki_policy=large"", ""https://a0.muscache.com/im/pictures/3a335fe9-045e-4f9c-a1da-25b5a76d453a.jpg?aki_policy=large"", ""https://a0.muscache.com/im/pictures/18e69a2a-8310-41bb-8307-5ece2960c79e.jpg?aki_policy=large"", ""https://a0.muscache.com/im/pictures/eb175419-20da-4f82-9b94-e666b2ac7a4d.jpg?aki_policy=large"", ""https://a0.muscache.com/im/pictures/ed55c1c9-4af6-4fdd-91a6-758a764419ce.jpg?aki_policy=large"", ""https://a0.muscache.com/im/pictures/73f585b1-05bc-4c26-bc23-dad86a9bdb84.jpg?aki_policy=large"", ""https://a0.muscache.com/im/pictures/f8a65a4f-88b7-40ba-a7aa-630ff8226600.jpg?aki_policy=large"", ""https://a0.muscache.com/im/pictures/2c417931-0062-45d3-b0b3-570b6837dc39.jpg?aki_policy=large"", ""https://a0.muscache.com/im/pictures/de67f1d8-6dea-45b6-9e4e-dd9c9ee77f9f.jpg?aki_policy=large"", ""https://a0.muscache.com/im/pictures/707d15ac-12ad-4d9d-806e-b36ee349ab90.jpg?aki_policy=large"", ""https://a0.muscache.com/im/pictures/8dc4b7d7-9eb1-4f54-8d20-11ac3e91fda8.jpg?aki_policy=large""]";"{""beds"": 4, ""bedrooms"": 3, ""bathrooms"": 1.5, ""amenity_ids"": [1, 3, 4, 8, 136, 10, 77, 85, 89, 90, 91, 93, 30, 94, 96, 33, 35, 36, 101, 38, 40, 104, 41, 44, 45, 46, 47, 51, 54, 120], ""is_rebookable"": false, ""is_new_listing"": false, ""is_fully_refundable"": true, ""is_host_highly_rated"": true, ""is_business_travel_ready"": false}";"{""weekly_factor"": 1.0, ""monthly_factor"": 1.0}";1046;"";"{""is_superhost"": false}"
26115764;Suite;private_room;Paris;Buttes-Chaumont - Belleville;48.8741508898;2.38342686781;4;"[""https://a0.muscache.com/im/pictures/abbbd833-40cc-44fc-b54d-a7ac1fd72734.jpg?aki_policy=large"", ""https://a0.muscache.com/im/pictures/ff260367-9738-4baf-9fdb-d6977b7e2747.jpg?aki_policy=large"", ""https://a0.muscache.com/im/pictures/aa1164ec-4924-4743-84f9-1362a216f96e.jpg?aki_policy=large"", ""https://a0.muscache.com/im/pictures/6e94d50b-9d65-48b0-8b42-a4703193c01c.jpg?aki_policy=large"", ""https://a0.muscache.com/im/pictures/f7faba4b-cc18-4f07-b12f-a581f50f13bc.jpg?aki_policy=large"", ""https://a0.muscache.com/im/pictures/38ff393c-182b-444c-8a6f-717a377a5896.jpg?aki_policy=large"", ""https://a0.muscache.com/im/pictures/fd4575af-1c87-467f-a3c5-cb873cc260fa.jpg?aki_policy=large"", ""https://a0.muscache.com/im/pictures/40fb3351-9925-4572-a145-2c283741773a.jpg?aki_policy=large""]";"{""bedrooms"": 1, ""bathrooms"": 1.0, ""amenity_ids"": [1, 129, 2, 4, 5, 72, 136, 10, 77, 86, 87, 35, 37, 39, 103, 40, 41, 44, 45, 46, 47, 116, 117, 118, 120, 121, 122, 123, 124, 125, 126], ""is_rebookable"": false, ""is_new_listing"": false, ""is_fully_refundable"": true, ""is_host_highly_rated"": true, ""is_business_travel_ready"": false}";"{""weekly_factor"": 1.0, ""monthly_factor"": 1.0}";3445;"";"{""is_superhost"": false}"
27578260;Paris : Chambre lit double + cuisine + sdb;private_room;Paris;Père Lachaise - Ménilmontant;48.8563603207;2.40801516707;2;"[""https://a0.muscache.com/im/pictures/850716af-3699-46f9-93d7-1093fc2ed068.jpg?aki_policy=large"", ""https://a0.muscache.com/im/pictures/cb7c07e6-125c-43b4-8d7d-c93c7625b858.jpg?aki_policy=large"", ""https://a0.muscache.com/im/pictures/2a978d8b-c76e-461e-94ec-9a1bf76217f7.jpg?aki_policy=large"", ""https://a0.muscache.com/im/pictures/5dd50109-a022-4fdb-86f4-c03b9a4830e7.jpg?aki_policy=large"", ""https://a0.muscache.com/im/pictures/459deb6d-803b-45c7-8bbf-04fece6d3f4a.jpg?aki_policy=large"", ""https://a0.muscache.com/im/pictures/beaba62e-60dd-4f1f-b3e7-6735e7d3f040.jpg?aki_policy=large"", ""https://a0.muscache.com/im/pictures/1647f338-3680-4c31-bde0-3e71fe7f5097.jpg?aki_policy=large""]";"{""beds"": 1, ""bedrooms"": 1, ""bathrooms"": 1.0, ""amenity_ids"": [33, 35, 4, 21, 8, 40, 11], ""is_rebookable"": false, ""is_new_listing"": false, ""is_fully_refundable"": true, ""is_host_highly_rated"": false, ""is_business_travel_ready"": false}";"{""weekly_factor"": 0.9, ""monthly_factor"": 0.8}";6536;"";"{""is_superhost"": false}"
26151927;Double room in hostel near Gare du Nord;private_room;Paris;Gare du Nord - Gare de I'Est;48.8800612252;2.35099128541;2;"[""https://a0.muscache.com/im/pictures/a605cef5-6e0f-4c39-aedc-bae52dd15274.jpg?aki_policy=large"", ""https://a0.muscache.com/im/pictures/debc04cb-a210-4818-868a-54a39df139b4.jpg?aki_policy=large"", ""https://a0.muscache.com/im/pictures/50e42724-bf4b-4e7d-9ea6-d6bae159d71e.jpg?aki_policy=large"", ""https://a0.muscache.com/im/pictures/e28ff6ce-e198-49c7-bdfb-4f02a23f0e15.jpg?aki_policy=large"", ""https://a0.muscache.com/im/pictures/d8d0f178-3e96-4ef3-9d8b-10e56eb4b5fb.jpg?aki_policy=large"", ""https://a0.muscache.com/im/pictures/5a641dab-78d2-4e19-8c75-dc5e9c202555.jpg?aki_policy=large"", ""https://a0.muscache.com/im/pictures/b253cf45-b223-4ad1-a226-5c20f123757a.jpg?aki_policy=large"", ""https://a0.muscache.com/im/pictures/ee97286f-d069-4004-a787-824937471581.jpg?aki_policy=large"", ""https://a0.muscache.com/im/pictures/ccb6ebdf-1635-441a-a1f6-fe12c10e8c46.jpg?aki_policy=large"", ""https://a0.muscache.com/im/pictures/b30c7e6f-7781-4d55-b1eb-8ae392b47f57.jpg?aki_policy=large"", ""https://a0.muscache.com/im/pictures/e2010c72-48db-4906-b90b-8368b529a80a.jpg?aki_policy=large"", ""https://a0.muscache.com/im/pictures/16fae8bc-664a-4c5c-b5c8-d4e480bacfab.jpg?aki_policy=large"", ""https://a0.muscache.com/im/pictures/2ff9995e-0001-48c8-96cd-eb5b342eeaae.jpg?aki_policy=large"", ""https://a0.muscache.com/im/pictures/c4e85467-ff5f-4668-8091-e97317c03986.jpg?aki_policy=large""]";"{""beds"": 1, ""bedrooms"": 1, ""bathrooms"": 1.0, ""amenity_ids"": [1, 33, 34, 3, 4, 8, 40, 41, 73, 44, 77, 47, 21, 85], ""is_rebookable"": false, ""is_new_listing"": false, ""is_fully_refundable"": true, ""is_host_highly_rated"": false, ""is_business_travel_ready"": false}";"{""weekly_factor"": 1.0, ""monthly_factor"": 1.0}";7697;"";"{""is_superhost"": false}"
26156718;Magnifique appartement luxe tout équipé ,Elysée;entire_home;Paris;Madeleine - Vendôme;48.8721143695;2.31605775187;2;"[""https://a0.muscache.com/im/pictures/e6a0dd59-0b8d-4df8-aa34-ee75b2094a80.jpg?aki_policy=large"", ""https://a0.muscache.com/im/pictures/7ac6d523-36d6-49d6-8108-b78f4b2c6cbf.jpg?aki_policy=large"", ""https://a0.muscache.com/im/pictures/824f8fd8-81db-4ac4-9f5d-e85760e59dc7.jpg?aki_policy=large"", ""https://a0.muscache.com/im/pictures/3852494a-fab5-434b-a615-a13ebdf28beb.jpg?aki_policy=large"", ""https://a0.muscache.com/im/pictures/267d3d91-2017-404f-85bb-1bf834c04ea2.jpg?aki_policy=large"", ""https://a0.muscache.com/im/pictures/f1533bf3-c2cc-4a13-9abe-7e29b701eab3.jpg?aki_policy=large"", ""https://a0.muscache.com/im/pictures/70bf07e4-630a-4939-82e6-d9dc5d4678bc.jpg?aki_policy=large"", ""https://a0.muscache.com/im/pictures/b7186975-c927-45fb-aa2b-aa6c663b68cb.jpg?aki_policy=large"", ""https://a0.muscache.com/im/pictures/fd8257a6-697d-47ce-945a-ed4e5117439e.jpg?aki_policy=large"", ""https://a0.muscache.com/im/pictures/9f670b35-459f-4e3d-8b2c-7644a3f64b2e.jpg?aki_policy=large"", ""https://a0.muscache.com/im/pictures/e5a680ba-c716-44de-8919-c3494fe5db77.jpg?aki_policy=large"", ""https://a0.muscache.com/im/pictures/0b35b961-30b7-448c-a354-520d99dc5fb2.jpg?aki_policy=large"", ""https://a0.muscache.com/im/pictures/b9d4934e-b54b-4012-9747-0d37a2b05065.jpg?aki_policy=large"", ""https://a0.muscache.com/im/pictures/508d1d32-b659-4b5e-87b5-c68ea309d133.jpg?aki_policy=large"", ""https://a0.muscache.com/im/pictures/bb5f7077-6c44-4190-af66-d0e9d2aaeb2c.jpg?aki_policy=large"", ""https://a0.muscache.com/im/pictures/5d169061-fee0-4eb2-9acf-b2f9f9eb24b2.jpg?aki_policy=large"", ""https://a0.muscache.com/im/pictures/38757adb-9cf8-453b-b690-082bfbf221c9.jpg?aki_policy=large"", ""https://a0.muscache.com/im/pictures/8abad39d-33b0-46b6-8a39-f1a2e10252b8.jpg?aki_policy=large"", ""https://a0.muscache.com/im/pictures/9de50643-04b5-4ed1-ad58-eb5f1aa5bd37.jpg?aki_policy=large"", ""https://a0.muscache.com/im/pictures/d8e04a2d-464a-43d4-9981-c1cc57679c48.jpg?aki_policy=large"", ""https://a0.muscache.com/im/pictures/4715700f-4e53-417c-887f-46c69d7e376f.jpg?aki_policy=large"", ""https://a0.muscache.com/im/pictures/9564d844-0523-46b7-91ac-a555e614746d.jpg?aki_policy=large"", ""https://a0.muscache.com/im/pictures/4a4d8df9-bac2-454a-9fb2-e7f4030c7526.jpg?aki_policy=large"", ""https://a0.muscache.com/im/pictures/d1e0bf15-98ab-4b63-ba41-eba22a578ab3.jpg?aki_policy=large"", ""https://a0.muscache.com/im/pictures/669dacd5-7c82-43d4-bb40-bb1024985ce6.jpg?aki_policy=large""]";"{""beds"": 1, ""bedrooms"": 1, ""bathrooms"": 1.0, ""amenity_ids"": [1, 33, 129, 34, 35, 4, 36, 5, 103, 8, 40, 104, 41, 11, 44, 45, 77, 46, 47, 30], ""is_rebookable"": false, ""is_new_listing"": false, ""is_fully_refundable"": true, ""is_host_highly_rated"": false, ""is_business_travel_ready"": false}";"{""weekly_factor"": 1.0, ""monthly_factor"": 1.0}";3027;"";"{""is_superhost"": false}"
26163973;Studio dans paris à côté de bastille;entire_home;Paris;Gare de Lyon;48.846329147;2.38157526287;2;"[""https://a0.muscache.com/im/pictures/87f4a887-9aee-47b5-b970-e205e4ca2916.jpg?aki_policy=large"", ""https://a0.muscache.com/im/pictures/5a2e6a41-7b73-4928-8e74-9f56ef2cc9ae.jpg?aki_policy=large"", ""https://a0.muscache.com/im/pictures/91ee0f09-a4a5-4d6d-ba04-59033ee7e09e.jpg?aki_policy=large"", ""https://a0.muscache.com/im/pictures/99112ecb-8e1c-4df0-a116-0060f972ac74.jpg?aki_policy=large"", ""https://a0.muscache.com/im/pictures/f4ca4019-258a-4847-b765-d98c3f137198.jpg?aki_policy=large"", ""https://a0.muscache.com/im/pictures/637a2924-8f50-4789-878b-70a25d3639ab.jpg?aki_policy=large"", ""https://a0.muscache.com/im/pictures/50ec7e05-673e-4334-87f5-30eb9598917a.jpg?aki_policy=large"", ""https://a0.muscache.com/im/pictures/343aabc1-440b-4975-a7d8-1fed68ff4334.jpg?aki_policy=large""]";"{""beds"": 1, ""bedrooms"": 0, ""bathrooms"": 1.0, ""amenity_ids"": [4, 8, 40, 89, 91, 107, 45, 93, 30, 94, 47], ""is_rebookable"": false, ""is_new_listing"": false, ""is_fully_refundable"": true, ""is_host_highly_rated"": true, ""is_business_travel_ready"": false}";"{""weekly_factor"": 1.0, ""monthly_factor"": 1.0}";842;"";"{""is_superhost"": false}"
26223533;Cute 1 bedroom apt 10min walk from Eiffel Tower;entire_home;Paris;Passy;48.8668472164;2.27667279169;2;"[""https://a0.muscache.com/im/pictures/27edea48-d972-44ed-8317-7f284fda88cd.jpg?aki_policy=large"", ""https://a0.muscache.com/im/pictures/feba6f63-8461-46c3-8857-674d639b55ab.jpg?aki_policy=large"", ""https://a0.muscache.com/im/pictures/e3d03809-259b-4c88-b143-f477ce9ea43b.jpg?aki_policy=large"", ""https://a0.muscache.com/im/pictures/e8378b8d-6220-436e-b28b-3f69e7061028.jpg?aki_policy=large"", ""https://a0.muscache.com/im/pictures/dba9eb25-f48c-4b64-8c8c-3659efa078f9.jpg?aki_policy=large"", ""https://a0.muscache.com/im/pictures/1c3838dd-3b0c-403c-aa09-ec2a9f2b9372.jpg?aki_policy=large""]";"{""beds"": 1, ""bedrooms"": 1, ""bathrooms"": 1.0, ""amenity_ids"": [129, 35, 4, 8, 40, 104, 41, 10, 42, 44, 45, 47, 21, 56, 28, 30], ""is_rebookable"": false, ""is_new_listing"": false, ""is_fully_refundable"": true, ""is_host_highly_rated"": true, ""is_business_travel_ready"": false}";"{""weekly_factor"": 1.0, ""monthly_factor"": 0.7}";4842;"";"{""is_superhost"": false}"
26267951;Saint Paul  & Le Marais  experience;entire_home;Paris;Saint-Paul - Ile Saint-Louis;48.8549895468;2.35696901617;2;"[""https://a0.muscache.com/im/pictures/fcb35a28-f142-4111-bf74-8ec7f06f7451.jpg?aki_policy=large"", ""https://a0.muscache.com/im/pictures/df660653-d774-4b18-aa2b-c58ebf49cb15.jpg?aki_policy=large"", ""https://a0.muscache.com/im/pictures/c0f65bee-eca2-4bb8-9e43-b11d36293761.jpg?aki_policy=large"", ""https://a0.muscache.com/im/pictures/dd4233cd-2802-4ee4-a9da-3ed096eac9ca.jpg?aki_policy=large"", ""https://a0.muscache.com/im/pictures/2dbcf40f-a53e-464b-94af-85eca1ce380d.jpg?aki_policy=large"", ""https://a0.muscache.com/im/pictures/263f71ed-e9c7-4119-9d98-1b19635015eb.jpg?aki_policy=large"", ""https://a0.muscache.com/im/pictures/82edc4b1-9a0b-4696-abf9-ffde9a31e690.jpg?aki_policy=large"", ""https://a0.muscache.com/im/pictures/a2eeb167-ed31-4378-b252-a58d0a72bc9a.jpg?aki_policy=large"", ""https://a0.muscache.com/im/pictures/5a04ff22-6d1f-4f65-a2dd-c7982ae975db.jpg?aki_policy=large"", ""https://a0.muscache.com/im/pictures/5945a2ad-37d0-4997-9b75-892ef1076f5a.jpg?aki_policy=large"", ""https://a0.muscache.com/im/pictures/6e2e3bbe-4f2b-4941-aadf-39e5f05ca5dc.jpg?aki_policy=large"", ""https://a0.muscache.com/im/pictures/ec044b9d-98ea-4d8d-bd6b-f38a779d26d8.jpg?aki_policy=large"", ""https://a0.muscache.com/im/pictures/71ddafc8-a492-465d-afb1-36e767beefe2.jpg?aki_policy=large""]";"{""beds"": 1, ""bedrooms"": 1, ""bathrooms"": 1.0, ""amenity_ids"": [131, 4, 5, 37, 38, 8, 40, 41, 44, 45, 46, 47, 21, 30, 287], ""is_rebookable"": false, ""is_new_listing"": false, ""is_fully_refundable"": true, ""is_host_highly_rated"": true, ""is_business_travel_ready"": false}";"{""weekly_factor"": 0.9, ""monthly_factor"": 0.88}";4704;"";"{""is_superhost"": false}"
26271706;Appartement confortable au cœur de Paris;entire_home;Paris;Châtelet - Les Halles - Beaubourg;48.8626697749;2.35388731851;4;"[""https://a0.muscache.com/im/pictures/56dcb8d0-060a-4c17-9ed4-daf8af2c4885.jpg?aki_policy=large"", ""https://a0.muscache.com/im/pictures/ef4ae113-c5fb-4c95-ab0a-8fcaddbe9f34.jpg?aki_policy=large"", ""https://a0.muscache.com/im/pictures/0c4e3155-2988-416f-9f40-0f5028d412f5.jpg?aki_policy=large"", ""https://a0.muscache.com/im/pictures/7231016f-b9ee-4d15-95d2-9493b4a07749.jpg?aki_policy=large"", ""https://a0.muscache.com/im/pictures/c448d0b6-f001-42fa-a3e8-daa6c705f78c.jpg?aki_policy=large"", ""https://a0.muscache.com/im/pictures/3f2a77a3-5f9b-47b6-b2ef-bd0c6b69165b.jpg?aki_policy=large"", ""https://a0.muscache.com/im/pictures/d4013024-149a-4801-9df8-5cd31ae4fe46.jpg?aki_policy=large"", ""https://a0.muscache.com/im/pictures/b9f33140-1d33-4e21-b6fd-70e2dcf3de64.jpg?aki_policy=large"", ""https://a0.muscache.com/im/pictures/f7e9517d-f374-47d3-9870-87aadb7e3e54.jpg?aki_policy=large""]";"{""beds"": 2, ""bedrooms"": 2, ""bathrooms"": 1.0, ""amenity_ids"": [64, 33, 129, 66, 4, 8, 40, 72, 104, 10, 44, 77, 47, 89, 91, 93, 94, 95], ""is_rebookable"": false, ""is_new_listing"": false, ""is_fully_refundable"": true, ""is_host_highly_rated"": true, ""is_business_travel_ready"": false}";"{""weekly_factor"": 0.8, ""monthly_factor"": 0.7}";5032;"";"{""is_superhost"": false}"
26315397;LAVISH & UPSCALE 140SQM 3BR IN 16TH;private_room;Paris;Passy;48.8570971813;2.28297226564;6;"[""https://a0.muscache.com/im/pictures/ca406a66-8387-4fcd-833a-b7944c4c0af5.jpg?aki_policy=large"", ""https://a0.muscache.com/im/pictures/3a7d2ae6-c4b9-4d40-b762-92ed0820fbad.jpg?aki_policy=large"", ""https://a0.muscache.com/im/pictures/997b4445-ed6e-4111-a03f-ab18486bff16.jpg?aki_policy=large"", ""https://a0.muscache.com/im/pictures/beb1514d-6b63-4df1-b2dc-1525baba8384.jpg?aki_policy=large"", ""https://a0.muscache.com/im/pictures/d237f0e4-570e-453b-9f4a-a7069ab784ee.jpg?aki_policy=large"", ""https://a0.muscache.com/im/pictures/c9ff4ffe-10cd-47a4-b672-6dd29d65eb16.jpg?aki_policy=large"", ""https://a0.muscache.com/im/pictures/4913b9a0-9154-4a9b-b505-d44095174ef0.jpg?aki_policy=large"", ""https://a0.muscache.com/im/pictures/50a1e78d-4822-485a-b815-1cc7ff138205.jpg?aki_policy=large"", ""https://a0.muscache.com/im/pictures/d6f7e6ef-d12d-47bc-b26b-8267d4ee403e.jpg?aki_policy=large"", ""https://a0.muscache.com/im/pictures/34bedc7b-29ce-4631-bd39-384c270fab87.jpg?aki_policy=large"", ""https://a0.muscache.com/im/pictures/00e9749d-c5df-48f0-8df8-14202760e4c6.jpg?aki_policy=large"", ""https://a0.muscache.com/im/pictures/ef287742-dd04-4fa3-ae8c-f6886ee6dc20.jpg?aki_policy=large"", ""https://a0.muscache.com/im/pictures/4a338a68-20bb-439b-94d5-000577189f97.jpg?aki_policy=large"", ""https://a0.muscache.com/im/pictures/daaead29-a2c2-4c05-97f5-b16f0601bc18.jpg?aki_policy=large"", ""https://a0.muscache.com/im/pictures/07aa500d-07f5-421e-90ec-828fba519fbd.jpg?aki_policy=large"", ""https://a0.muscache.com/im/pictures/97a2b852-122d-46d3-b7b1-a59c5c6af75c.jpg?aki_policy=large"", ""https://a0.muscache.com/im/pictures/74f3cccc-78f4-48aa-a340-289cddd76592.jpg?aki_policy=large"", ""https://a0.muscache.com/im/pictures/ebf5e65a-119c-4221-ae45-9b085e51bef3.jpg?aki_policy=large"", ""https://a0.muscache.com/im/pictures/014fa800-174d-4117-9aa6-2c77bf6f5a26.jpg?aki_policy=large"", ""https://a0.muscache.com/im/pictures/95c58b75-5b2b-4885-a305-668b1a05b10a.jpg?aki_policy=large"", ""https://a0.muscache.com/im/pictures/77f72050-fe4e-4614-9656-c004e48cc6ea.jpg?aki_policy=large"", ""https://a0.muscache.com/im/pictures/ed48e337-d96b-48c5-8745-c5f2fa29811d.jpg?aki_policy=large"", ""https://a0.muscache.com/im/pictures/2d0bf7f7-421e-4efd-a774-498a15f2a1fd.jpg?aki_policy=large"", ""https://a0.muscache.com/im/pictures/c9334e4d-410c-48d7-927b-bf6eb32e327d.jpg?aki_policy=large"", ""https://a0.muscache.com/im/pictures/72250bd6-7adc-4574-ad35-0d604617157d.jpg?aki_policy=large"", ""https://a0.muscache.com/im/pictures/03821619-3e73-4f96-9478-62b28c6653eb.jpg?aki_policy=large"", ""https://a0.muscache.com/im/pictures/5f0761ad-d687-45e0-b64e-8b52f6f7abd1.jpg?aki_policy=large"", ""https://a0.muscache.com/im/pictures/1450fbd7-c5c9-4a8a-ae29-2cfc440f1a75.jpg?aki_policy=large"", ""https://a0.muscache.com/im/pictures/326e4633-5a00-465f-b6a4-cf3d3037d9c5.jpg?aki_policy=large"", ""https://a0.muscache.com/im/pictures/4243e515-b042-4b53-9b96-1e00365f1b82.jpg?aki_policy=large""]";"{""beds"": 3, ""bedrooms"": 3, ""bathrooms"": 2.0, ""amenity_ids"": [64, 1, 2, 4, 71, 8, 77, 21, 85, 86, 89, 90, 27, 91, 92, 93, 30, 94, 95, 96, 33, 34, 35, 37, 39, 103, 40, 104, 42, 44, 45, 46, 47, 57], ""is_rebookable"": false, ""is_new_listing"": false, ""is_fully_refundable"": true, ""is_host_highly_rated"": false, ""is_business_travel_ready"": false}";"{""weekly_factor"": 1.0, ""monthly_factor"": 0.76}";2748;"";"{""is_superhost"": false}"
26320790;LUXUEUX APPARTEMENT/ARC DE TRIOMPHE/CHAMPS-ELYSÉES;entire_home;Paris;Passy;48.8741400358;2.28112428226;4;"[""https://a0.muscache.com/im/pictures/757258c9-f520-4210-aadb-c46a45cddb36.jpg?aki_policy=large"", ""https://a0.muscache.com/im/pictures/83dc3345-02de-4020-8887-c70b15b288cd.jpg?aki_policy=large"", ""https://a0.muscache.com/im/pictures/3d66c5dd-e627-42b7-b8e1-8b5a2055696e.jpg?aki_policy=large"", ""https://a0.muscache.com/im/pictures/4d999a51-4dd1-4e03-b4b3-0010665e6a99.jpg?aki_policy=large"", ""https://a0.muscache.com/im/pictures/584c4682-3022-4271-b3c7-e09a4a550b58.jpg?aki_policy=large"", ""https://a0.muscache.com/im/pictures/66b0375d-2339-405f-956b-14be68a45cb7.jpg?aki_policy=large"", ""https://a0.muscache.com/im/pictures/b286ce4d-d1cf-4f5b-b6d1-20113ecf0f39.jpg?aki_policy=large"", ""https://a0.muscache.com/im/pictures/b25bd33b-d399-41d0-863a-c413e02213c9.jpg?aki_policy=large"", ""https://a0.muscache.com/im/pictures/72071594-e048-4094-a1c3-5604600421cc.jpg?aki_policy=large"", ""https://a0.muscache.com/im/pictures/180c0be1-d78b-4919-a230-86eb039eacb4.jpg?aki_policy=large""]";"{""beds"": 2, ""bedrooms"": 2, ""bathrooms"": 1.0, ""amenity_ids"": [1, 129, 4, 8, 10, 77, 21, 85, 86, 89, 90, 27, 91, 93, 30, 94, 96, 33, 35, 100, 40, 104, 41, 107, 44, 45, 47], ""is_rebookable"": false, ""is_new_listing"": false, ""is_fully_refundable"": true, ""is_host_highly_rated"": true, ""is_business_travel_ready"": false}";"{""weekly_factor"": 1.0, ""monthly_factor"": 1.0}";1449;"";"{""is_superhost"": false}"
26333152;charmant 2 pièces calme et lumineux dernier étage;entire_home;Paris-20E-Arrondissement;Père Lachaise - Ménilmontant;48.8609172323;2.40196161596;3;"[""https://a0.muscache.com/im/pictures/50c3fbc2-5993-4a97-a918-cb718fd5acd3.jpg?aki_policy=large"", ""https://a0.muscache.com/im/pictures/a09ee406-0f9d-453a-ae08-7c1728f2f894.jpg?aki_policy=large"", ""https://a0.muscache.com/im/pictures/0d740a15-e2e7-4aad-9670-38430faa0579.jpg?aki_policy=large"", ""https://a0.muscache.com/im/pictures/15f59dc6-307c-4e53-90f4-1330354d0628.jpg?aki_policy=large"", ""https://a0.muscache.com/im/pictures/7b8cb6cc-89f6-4485-abb1-70f7e37efa4d.jpg?aki_policy=large"", ""https://a0.muscache.com/im/pictures/88910716-5fd9-4601-b68e-750241c20f03.jpg?aki_policy=large"", ""https://a0.muscache.com/im/pictures/322d0ad0-43d8-4359-9bf9-be1a27e10c46.jpg?aki_policy=large"", ""https://a0.muscache.com/im/pictures/a8429541-c8c3-46a5-88ff-e0db6d814599.jpg?aki_policy=large"", ""https://a0.muscache.com/im/pictures/eff228c3-17a8-4843-b3b0-4f641dc34be4.jpg?aki_policy=large"", ""https://a0.muscache.com/im/pictures/a319887b-4340-48d9-a5f8-ccf2deda8ae0.jpg?aki_policy=large"", ""https://a0.muscache.com/im/pictures/5cce865f-1992-4433-9133-feeef1b4b7a8.jpg?aki_policy=large"", ""https://a0.muscache.com/im/pictures/32c3d183-d555-44bc-9e01-713292f254d9.jpg?aki_policy=large"", ""https://a0.muscache.com/im/pictures/7ca2612c-6146-461a-908a-6423ec3ab469.jpg?aki_policy=large"", ""https://a0.muscache.com/im/pictures/061e116f-89cd-49f5-aae3-50243ad74054.jpg?aki_policy=large"", ""https://a0.muscache.com/im/pictures/2c9478d7-6e66-4a20-a7ca-1b0c8b231fef.jpg?aki_policy=large"", ""https://a0.muscache.com/im/pictures/5838b669-8313-453b-a196-e9719aa1d266.jpg?aki_policy=large"", ""https://a0.muscache.com/im/pictures/c53b2a33-693e-491d-b1c5-c9b5c5da1d8c.jpg?aki_policy=large"", ""https://a0.muscache.com/im/pictures/5e22cdcb-553f-4330-a4c1-6e26ccdb1580.jpg?aki_policy=large"", ""https://a0.muscache.com/im/pictures/57c15a04-34d6-44e0-aef7-22479aff42ec.jpg?aki_policy=large"", ""https://a0.muscache.com/im/pictures/937ba30b-f99a-4bed-9fd8-95d899123802.jpg?aki_policy=large""]";"{""beds"": 2, ""bedrooms"": 1, ""bathrooms"": 1.0, ""amenity_ids"": [1, 129, 2, 4, 8, 10, 77, 16, 21, 85, 86, 89, 90, 91, 93, 30, 94, 95, 96, 33, 34, 37, 38, 40, 104, 41, 107, 44, 45, 46, 57, 61], ""is_rebookable"": false, ""is_new_listing"": false, ""is_fully_refundable"": true, ""is_host_highly_rated"": true, ""is_business_travel_ready"": false}";"{""weekly_factor"": 1.0, ""monthly_factor"": 0.8}";2509;"";"{""is_superhost"": false}"
26373765;Refurbished 1 bedroom apartment close Eiffel Tour;entire_home;Paris;Tour Eiffel - Champ de Mars;48.8596810829;2.30817860945;2;"[""https://a0.muscache.com/im/pictures/08d17e18-68a2-42c4-b9ad-fdf4a9e4f436.jpg?aki_policy=large"", ""https://a0.muscache.com/im/pictures/348095dd-4fd4-4c4d-9cbc-cce2e85cc4fb.jpg?aki_policy=large"", ""https://a0.muscache.com/im/pictures/7004aba9-b581-4ced-869f-7b436803a07f.jpg?aki_policy=large"", ""https://a0.muscache.com/im/pictures/c7bc340b-ebc9-4ae1-9c98-a812f4f3f836.jpg?aki_policy=large"", ""https://a0.muscache.com/im/pictures/facb1557-9f9a-422d-9e3a-803b7faaeb9b.jpg?aki_policy=large"", ""https://a0.muscache.com/im/pictures/1411eca8-3096-444b-bbdb-3af40274e0ae.jpg?aki_policy=large"", ""https://a0.muscache.com/im/pictures/a95dd018-4345-4b34-ab68-cd351b749a55.jpg?aki_policy=large"", ""https://a0.muscache.com/im/pictures/b96bc1ae-8e56-4543-8abd-86b4efb63148.jpg?aki_policy=large"", ""https://a0.muscache.com/im/pictures/ea29aeb5-1874-4cc7-af76-5910df9e2295.jpg?aki_policy=large"", ""https://a0.muscache.com/im/pictures/6af4f6e9-147e-4638-875a-083dd164f271.jpg?aki_policy=large"", ""https://a0.muscache.com/im/pictures/c0b54cc2-b96e-4f92-8b47-96faa417aec8.jpg?aki_policy=large"", ""https://a0.muscache.com/im/pictures/0a3d440a-43ae-4896-a8ea-b6fb5b2af6ad.jpg?aki_policy=large""]";"{""beds"": 1, ""bedrooms"": 1, ""bathrooms"": 1.0, ""amenity_ids"": [1, 33, 129, 34, 35, 4, 8, 40, 104, 41, 44, 77, 46, 21, 30], ""is_rebookable"": false, ""is_new_listing"": false, ""is_fully_refundable"": true, ""is_host_highly_rated"": true, ""is_business_travel_ready"": false}";"{""weekly_factor"": 1.0, ""monthly_factor"": 1.0}";1048;"";"{""is_superhost"": false}"
26383293;“AMAZING FAMILY HOUSE” Rooftop PARIS 6 bdrs/5 bths;entire_home;Paris;Buttes-Chaumont - Belleville;48.8735344035;2.39543907768;14;"[""https://a0.muscache.com/im/pictures/d1606094-8ca3-46f8-99c3-8bf314c467b7.jpg?aki_policy=large"", ""https://a0.muscache.com/im/pictures/107832953/e8cf633d_original.jpg?aki_policy=large"", ""https://a0.muscache.com/im/pictures/da09ef8a-3d7c-4c67-a472-c09bb4cda240.jpg?aki_policy=large"", ""https://a0.muscache.com/im/pictures/107714895/a5a3573a_original.jpg?aki_policy=large"", ""https://a0.muscache.com/im/pictures/d00f5dad-629a-4e3e-a6d1-292470449377.jpg?aki_policy=large"", ""https://a0.muscache.com/im/pictures/0b009b46-e5a9-4b9c-a0ef-c7fd75bc8fc4.jpg?aki_policy=large"", ""https://a0.muscache.com/im/pictures/bae54353-a2e2-4181-9b22-b9f17d998e3d.jpg?aki_policy=large"", ""https://a0.muscache.com/im/pictures/e44249ca-26fa-430f-b41f-b225e7edc14a.jpg?aki_policy=large"", ""https://a0.muscache.com/im/pictures/13369770/b4340960_original.jpg?aki_policy=large"", ""https://a0.muscache.com/im/pictures/13369235/40585afb_original.jpg?aki_policy=large"", ""https://a0.muscache.com/im/pictures/2e6372d4-fa62-4a59-ad75-354cf87d03e3.jpg?aki_policy=large"", ""https://a0.muscache.com/im/pictures/1724495b-294f-4357-afba-1b6db6d443b5.jpg?aki_policy=large"", ""https://a0.muscache.com/im/pictures/13372586/03a153e2_original.jpg?aki_policy=large"", ""https://a0.muscache.com/im/pictures/32ec4dd4-a2ef-40c3-ac61-629621f4bcde.jpg?aki_policy=large"", ""https://a0.muscache.com/im/pictures/13371572/f706c4af_original.jpg?aki_policy=large"", ""https://a0.muscache.com/im/pictures/a1c94d81-b9ab-4a50-aac8-46e7f3312a35.jpg?aki_policy=large"", ""https://a0.muscache.com/im/pictures/76dbc958-61f0-47e6-9253-bb5f7e52f806.jpg?aki_policy=large"", ""https://a0.muscache.com/im/pictures/a43100e7-5e48-4fc3-8b58-127e23273321.jpg?aki_policy=large"", ""https://a0.muscache.com/im/pictures/3b29c4b6-4c98-487a-a700-16d8d76a9fef.jpg?aki_policy=large"", ""https://a0.muscache.com/im/pictures/f90efd55-9222-4e2b-9ccb-53d2df047716.jpg?aki_policy=large"", ""https://a0.muscache.com/im/pictures/13372513/5b578936_original.jpg?aki_policy=large"", ""https://a0.muscache.com/im/pictures/1fc3d83b-eba2-40a0-8a6c-a4b5c76dbcf8.jpg?aki_policy=large"", ""https://a0.muscache.com/im/pictures/13371151/1a8987b7_original.jpg?aki_policy=large"", ""https://a0.muscache.com/im/pictures/60eb9d0e-7b20-4fb0-b632-01e4f2ec5088.jpg?aki_policy=large"", ""https://a0.muscache.com/im/pictures/e7b86e6c-3bc6-4ec1-b54f-e220bc0b7ec1.jpg?aki_policy=large"", ""https://a0.muscache.com/im/pictures/d2c32b0f-9fc5-4ce1-901e-44751a8ad757.jpg?aki_policy=large"", ""https://a0.muscache.com/im/pictures/d2dee9d9-0c93-4460-affa-5f70f079a2fa.jpg?aki_policy=large"", ""https://a0.muscache.com/im/pictures/e5a912ca-9990-4d9a-a12e-12a27d1cae21.jpg?aki_policy=large"", ""https://a0.muscache.com/im/pictures/8fecae4b-971b-4328-8da5-de8c57868e3c.jpg?aki_policy=large"", ""https://a0.muscache.com/im/pictures/7946af2b-7a54-44f0-ae38-e75cfa7e5666.jpg?aki_policy=large""]";"{""beds"": 10, ""bedrooms"": 6, ""bathrooms"": 5.0, ""amenity_ids"": [64, 1, 65, 3, 4, 8, 72, 10, 77, 14, 15, 85, 89, 90, 91, 92, 93, 30, 94, 31, 95, 96, 33, 35, 100, 39, 103, 40, 41, 43, 107, 44, 45, 46, 47, 51, 53, 57, 61, 62], ""is_rebookable"": false, ""is_new_listing"": false, ""is_fully_refundable"": true, ""is_host_highly_rated"": true, ""is_business_travel_ready"": false}";"{""weekly_factor"": 1.0, ""monthly_factor"": 1.0}";4346;"";"{""is_superhost"": false}"
26383844;Stunning View on the Eiffel Tower Flat;entire_home;Paris;Tour Eiffel - Champ de Mars;48.8576094796;2.30360548415;5;"[""https://a0.muscache.com/im/pictures/21fbf443-a29b-4d23-965f-2a28a556c5a7.jpg?aki_policy=large"", ""https://a0.muscache.com/im/pictures/9e29b3c8-42cb-4407-bfd2-2a3c5a723ed4.jpg?aki_policy=large"", ""https://a0.muscache.com/im/pictures/f48d39c9-7c1e-4360-bb8b-9a4ab2d3b147.jpg?aki_policy=large"", ""https://a0.muscache.com/im/pictures/08b5aa9e-aaf8-43d8-b31d-ae439a2731a7.jpg?aki_policy=large"", ""https://a0.muscache.com/im/pictures/0099397e-6ca2-42b7-a3a7-c78b9ac9934b.jpg?aki_policy=large"", ""https://a0.muscache.com/im/pictures/ba56839d-bf14-4c2f-8c09-1334278acafc.jpg?aki_policy=large"", ""https://a0.muscache.com/im/pictures/e947c48f-70d1-4b37-914b-17808f6e27d5.jpg?aki_policy=large"", ""https://a0.muscache.com/im/pictures/872d7232-0cc5-4e81-833f-88b9a2c90b10.jpg?aki_policy=large"", ""https://a0.muscache.com/im/pictures/65216871-753f-471c-afb6-efc6f7a2d077.jpg?aki_policy=large"", ""https://a0.muscache.com/im/pictures/e095fc34-9789-4094-9de9-fef11ada341a.jpg?aki_policy=large"", ""https://a0.muscache.com/im/pictures/1dbe754e-7931-4e63-be44-cfd8661a4811.jpg?aki_policy=large"", ""https://a0.muscache.com/im/pictures/016bd382-42a9-46e2-914b-0afd7f910d3b.jpg?aki_policy=large"", ""https://a0.muscache.com/im/pictures/b71363c4-c6b3-4da9-a956-96bad3a25308.jpg?aki_policy=large"", ""https://a0.muscache.com/im/pictures/4d706674-ee94-4105-a6f5-e3fb1d383a52.jpg?aki_policy=large"", ""https://a0.muscache.com/im/pictures/8d90bc7a-9253-4e66-9ab2-2a26471fee85.jpg?aki_policy=large"", ""https://a0.muscache.com/im/pictures/1a9d9192-91f6-4cff-a860-68eaf6f540ba.jpg?aki_policy=large"", ""https://a0.muscache.com/im/pictures/d1936d4a-e3d0-4e64-8d0d-7ef0ca8b1b57.jpg?aki_policy=large"", ""https://a0.muscache.com/im/pictures/b8afea7a-d117-40d9-a345-8c59ff7e989d.jpg?aki_policy=large"", ""https://a0.muscache.com/im/pictures/eef63a50-6cc1-4a50-acc5-dfaa01e6d010.jpg?aki_policy=large"", ""https://a0.muscache.com/im/pictures/21edab2a-004a-49f4-805c-4bd6cf34b076.jpg?aki_policy=large"", ""https://a0.muscache.com/im/pictures/2591ff2f-2178-4d59-bf24-aad748b2c5ae.jpg?aki_policy=large"", ""https://a0.muscache.com/im/pictures/e3d63c69-5533-41bd-8103-39c915f6a4bd.jpg?aki_policy=large"", ""https://a0.muscache.com/im/pictures/5ea03545-8d5d-4db5-b103-dc0b89929ea4.jpg?aki_policy=large"", ""https://a0.muscache.com/im/pictures/2d1554da-02ff-4d37-8d47-a7d91089f51e.jpg?aki_policy=large"", ""https://a0.muscache.com/im/pictures/1b12fec5-52b7-41b1-be85-cf3873fdccb2.jpg?aki_policy=large"", ""https://a0.muscache.com/im/pictures/7840b751-d078-4fe1-a281-14c25f614864.jpg?aki_policy=large"", ""https://a0.muscache.com/im/pictures/bd0c3c05-64bf-4e73-9544-2f69da5ad4fc.jpg?aki_policy=large"", ""https://a0.muscache.com/im/pictures/67dffa85-3b5e-42b3-8666-f398285430f6.jpg?aki_policy=large"", ""https://a0.muscache.com/im/pictures/e2aba913-eebf-4f57-b051-197a370c7fce.jpg?aki_policy=large"", ""https://a0.muscache.com/im/pictures/18118e0d-28f5-4afb-a4f1-c30814fd1630.jpg?aki_policy=large""]";"{""beds"": 3, ""bedrooms"": 3, ""bathrooms"": 2.0, ""amenity_ids"": [1, 33, 34, 35, 4, 8, 40, 41, 44, 45, 46, 16, 21, 30], ""is_rebookable"": false, ""is_new_listing"": false, ""is_fully_refundable"": true, ""is_host_highly_rated"": false, ""is_business_travel_ready"": false}";"{""weekly_factor"": 0.7, ""monthly_factor"": 0.5}";7333;"";"{""is_superhost"": false}"
26404680;SALE! Luxurious 2Bed w/Balcony and Wow Eiffel View;entire_home;Paris;Tour Eiffel - Champ de Mars;48.8577;2.300471;6;"[""https://a0.muscache.com/im/pictures/880c1d82-c65e-457c-afa3-275d1608c031.jpg?aki_policy=large"", ""https://a0.muscache.com/im/pictures/5d8a80e5-ae6f-478b-b8d5-c38b66e3f225.jpg?aki_policy=large"", ""https://a0.muscache.com/im/pictures/25fc057b-da7e-4267-915d-88c8ddff18ea.jpg?aki_policy=large"", ""https://a0.muscache.com/im/pictures/e780fa41-0372-4d56-a6d4-1740703da8b6.jpg?aki_policy=large"", ""https://a0.muscache.com/im/pictures/48757fc4-2bc8-4807-ad28-9c95a07dbed3.jpg?aki_policy=large"", ""https://a0.muscache.com/im/pictures/2297d61f-f4a6-47ef-b425-01837142d38b.jpg?aki_policy=large"", ""https://a0.muscache.com/im/pictures/6771c737-aecf-4824-9957-3a15e125d4b1.jpg?aki_policy=large"", ""https://a0.muscache.com/im/pictures/6f691815-b4cc-45f4-83e3-f9f61c4fe831.jpg?aki_policy=large"", ""https://a0.muscache.com/im/pictures/79c80903-be11-4cb8-a52b-274caa2051ca.jpg?aki_policy=large"", ""https://a0.muscache.com/im/pictures/587f989a-ec1a-45a7-adc8-e35fefc74d72.jpg?aki_policy=large"", ""https://a0.muscache.com/im/pictures/f0803b61-b030-4e40-a94a-854056abfeb0.jpg?aki_policy=large"", ""https://a0.muscache.com/im/pictures/87ff65d3-3ca2-4d48-bc89-182ed6aba5f9.jpg?aki_policy=large"", ""https://a0.muscache.com/im/pictures/b0aa78ef-2da5-4b19-90ba-c4f8c09e4481.jpg?aki_policy=large"", ""https://a0.muscache.com/im/pictures/6ed860b1-7e71-453c-ade1-a42776349444.jpg?aki_policy=large"", ""https://a0.muscache.com/im/pictures/5e670fe7-1650-417b-aeaa-a4b45e9d316f.jpg?aki_policy=large"", ""https://a0.muscache.com/im/pictures/9cf5491a-bc35-40ff-a3a7-8372dbc53403.jpg?aki_policy=large"", ""https://a0.muscache.com/im/pictures/7aaa92e2-f4f7-4014-807b-51fd03e3abbb.jpg?aki_policy=large"", ""https://a0.muscache.com/im/pictures/019ea83e-d122-4eb5-905c-f280dfd1fd51.jpg?aki_policy=large"", ""https://a0.muscache.com/im/pictures/21ba03b2-7279-4cc3-b622-8dc820e047b0.jpg?aki_policy=large"", ""https://a0.muscache.com/im/pictures/3557594b-4fd9-4ea1-abf1-5f6f02eb4764.jpg?aki_policy=large"", ""https://a0.muscache.com/im/pictures/58bdc664-aa09-456b-bb1f-63d01eb23a75.jpg?aki_policy=large"", ""https://a0.muscache.com/im/pictures/beb4d32a-1ccd-48f3-bb9d-fce1707597aa.jpg?aki_policy=large"", ""https://a0.muscache.com/im/pictures/8c2154b0-7790-4aa2-a906-dbf559e477e5.jpg?aki_policy=large"", ""https://a0.muscache.com/im/pictures/10aca33c-913c-4cd5-b28c-21005bcc3048.jpg?aki_policy=large""]";"{""beds"": 6, ""bedrooms"": 2, ""bathrooms"": 2.5, ""amenity_ids"": [64, 1, 129, 4, 5, 71, 8, 77, 21, 85, 86, 89, 90, 91, 92, 93, 30, 94, 95, 96, 33, 34, 35, 36, 100, 103, 40, 104, 41, 44, 45, 46, 47, 57, 61], ""is_rebookable"": false, ""is_new_listing"": false, ""is_fully_refundable"": true, ""is_host_highly_rated"": true, ""is_business_travel_ready"": false}";"{""weekly_factor"": 1.0, ""monthly_factor"": 1.0}";6261;"";"{""is_superhost"": false}"
26445590;"SUPER CENTRAL!! next to le Lourve; 2mins to metro";private_room;Paris;Châtelet - Les Halles - Beaubourg;48.8668488058;2.34850231021;2;"[""https://a0.muscache.com/im/pictures/21d9d2b6-ff4b-402e-a7ad-9be83858f746.jpg?aki_policy=large"", ""https://a0.muscache.com/im/pictures/01181a37-457f-4b16-9e73-2a032ce2eeb0.jpg?aki_policy=large"", ""https://a0.muscache.com/im/pictures/bee34117-8bb0-42c8-8864-12d31aaaf1e6.jpg?aki_policy=large"", ""https://a0.muscache.com/im/pictures/65843230-1e54-43f7-8c29-18ab29783e12.jpg?aki_policy=large"", ""https://a0.muscache.com/im/pictures/6bbe9fbe-a667-4e9e-94b4-5aeac4fb5156.jpg?aki_policy=large"", ""https://a0.muscache.com/im/pictures/6672d48f-9839-4d08-b5ea-95fdee4403a9.jpg?aki_policy=large"", ""https://a0.muscache.com/im/pictures/46f1d1f5-904e-4147-b10f-0fa96d338011.jpg?aki_policy=large"", ""https://a0.muscache.com/im/pictures/1478fc5d-d672-4758-99e9-de92c90fa701.jpg?aki_policy=large"", ""https://a0.muscache.com/im/pictures/d17c6477-6e3a-4c1c-a5ca-48e5e82ee74c.jpg?aki_policy=large"", ""https://a0.muscache.com/im/pictures/aa62a3d0-e157-47c7-8b8a-0f23a74fa951.jpg?aki_policy=large"", ""https://a0.muscache.com/im/pictures/9c7de5f9-8fd3-4f9d-9cdb-86cc4039c5b8.jpg?aki_policy=large"", ""https://a0.muscache.com/im/pictures/603fdfd4-66b1-471f-9723-73973935e7b3.jpg?aki_policy=large"", ""https://a0.muscache.com/im/pictures/7bc8bfb7-e003-42d4-bffd-ad204461d2b6.jpg?aki_policy=large"", ""https://a0.muscache.com/im/pictures/11d1f438-9138-4ded-994d-654aa37285f9.jpg?aki_policy=large"", ""https://a0.muscache.com/im/pictures/239e0b05-d9d7-4734-bcb7-6e5cba16359c.jpg?aki_policy=large"", ""https://a0.muscache.com/im/pictures/f0d505aa-b92a-470d-a158-d11619107c5b.jpg?aki_policy=large"", ""https://a0.muscache.com/im/pictures/3817d5f5-3a2f-499e-a05a-1a508bc3674b.jpg?aki_policy=large"", ""https://a0.muscache.com/im/pictures/247a0adf-c105-4d00-9d68-fe3c98ea5dd4.jpg?aki_policy=large"", ""https://a0.muscache.com/im/pictures/005f379d-0aab-4e71-8481-2f3ea36b612c.jpg?aki_policy=large"", ""https://a0.muscache.com/im/pictures/34b61218-095e-439d-ab4e-f51744957e72.jpg?aki_policy=large"", ""https://a0.muscache.com/im/pictures/6eb2b572-3bc6-46e5-a9ee-f700a2344850.jpg?aki_policy=large"", ""https://a0.muscache.com/im/pictures/f744f5d5-8062-429c-a117-95c6e87445ba.jpg?aki_policy=large"", ""https://a0.muscache.com/im/pictures/b07477ee-e9f5-4c74-a42c-1cc1aa6f6ac5.jpg?aki_policy=large"", ""https://a0.muscache.com/im/pictures/2960c817-4dc4-4b04-a642-d157bb940b10.jpg?aki_policy=large"", ""https://a0.muscache.com/im/pictures/faad2329-7454-46ee-9f9b-2dfd309d03e1.jpg?aki_policy=large"", ""https://a0.muscache.com/im/pictures/8e5428b0-54ce-492a-9e4e-ff24941b5a2f.jpg?aki_policy=large"", ""https://a0.muscache.com/im/pictures/3ded6030-67c1-4bcd-9687-a217292dfee0.jpg?aki_policy=large""]";"{""beds"": 1, ""bedrooms"": 1, ""bathrooms"": 0.5, ""amenity_ids"": [131, 4, 8, 40, 42, 45, 46], ""is_rebookable"": false, ""is_new_listing"": false, ""is_fully_refundable"": true, ""is_host_highly_rated"": true, ""is_business_travel_ready"": false}";"{""weekly_factor"": 1.0, ""monthly_factor"": 1.0}";4899;"";"{""is_superhost"": false}"
26448127;2 Bedroom Apartment Arc de Triomphe;entire_home;*;Passy;48.8714428109;2.28650930607;4;"[""https://a0.muscache.com/im/pictures/6e5f5738-12da-4ade-94bd-1a207b7621d2.jpg?aki_policy=large"", ""https://a0.muscache.com/im/pictures/489cf7c6-9170-4e44-b7ea-261878090316.jpg?aki_policy=large"", ""https://a0.muscache.com/im/pictures/f4c7dd70-f515-4554-b8ec-7110b1367ebd.jpg?aki_policy=large"", ""https://a0.muscache.com/im/pictures/99d4e378-e58c-45d2-8a22-5e331ea1decb.jpg?aki_policy=large"", ""https://a0.muscache.com/im/pictures/83db9ed7-fa89-49b2-a98d-18581ba07116.jpg?aki_policy=large"", ""https://a0.muscache.com/im/pictures/9ba504af-295e-4514-8f85-30dbdee9d460.jpg?aki_policy=large"", ""https://a0.muscache.com/im/pictures/cca62c83-b261-4f33-a41c-d1f77e622927.jpg?aki_policy=large"", ""https://a0.muscache.com/im/pictures/ffa46739-e43f-401c-bc5f-b090289adaf4.jpg?aki_policy=large"", ""https://a0.muscache.com/im/pictures/0e5808ab-0ae1-45da-9a89-046f93093f60.jpg?aki_policy=large"", ""https://a0.muscache.com/im/pictures/c83901db-963b-4aa3-9977-00b9891328f4.jpg?aki_policy=large"", ""https://a0.muscache.com/im/pictures/d04ed6a0-cb93-4283-9902-3b3ca8296865.jpg?aki_policy=large"", ""https://a0.muscache.com/im/pictures/de8fdefe-4a32-4d18-beec-698f88c148cd.jpg?aki_policy=large"", ""https://a0.muscache.com/im/pictures/18cce51a-7d33-4b1e-b32f-f7daa3e955a3.jpg?aki_policy=large"", ""https://a0.muscache.com/im/pictures/4fa63a16-d84f-4f4d-8562-7e4071485fe4.jpg?aki_policy=large"", ""https://a0.muscache.com/im/pictures/71c894be-e7d5-4a0c-8ded-36c671464b73.jpg?aki_policy=large"", ""https://a0.muscache.com/im/pictures/842b8e1d-0ba9-4510-b20b-67c9e0aba5da.jpg?aki_policy=large"", ""https://a0.muscache.com/im/pictures/1f150a4d-6577-4bbb-a4a7-8b448761cac7.jpg?aki_policy=large""]";"{""beds"": 2, ""bedrooms"": 2, ""bathrooms"": 1.0, ""amenity_ids"": [1, 33, 4, 5, 41, 44, 45, 46, 15], ""is_rebookable"": false, ""is_new_listing"": false, ""is_fully_refundable"": true, ""is_host_highly_rated"": false, ""is_business_travel_ready"": false}";"{""weekly_factor"": 1.0, ""monthly_factor"": 1.0}";2441;"";"{""is_superhost"": false}"
26493515;Charming Sunny Loft @ Saint germain des Pres;entire_home;Paris;Saint Germain des Prés - Odéon;48.8557830213;2.32663782803;2;"[""https://a0.muscache.com/im/pictures/5fc885fb-53a7-4d01-a623-024d183f5e0b.jpg?aki_policy=large"", ""https://a0.muscache.com/im/pictures/500c24bd-6c2b-46a5-89bf-d88f242ff639.jpg?aki_policy=large"", ""https://a0.muscache.com/im/pictures/97055eaf-cbc0-4193-8556-621277f42e48.jpg?aki_policy=large"", ""https://a0.muscache.com/im/pictures/4a4410aa-d7c8-417b-967d-4ce1299eabb6.jpg?aki_policy=large"", ""https://a0.muscache.com/im/pictures/a1d9be9a-6d24-4a83-8c31-6a915756e07d.jpg?aki_policy=large"", ""https://a0.muscache.com/im/pictures/05c0f2a7-d807-4420-99af-6042fe7436c7.jpg?aki_policy=large"", ""https://a0.muscache.com/im/pictures/8c9281c4-80d2-45ba-ac93-f80bbe78c532.jpg?aki_policy=large"", ""https://a0.muscache.com/im/pictures/c8630bfb-dbe9-4513-9518-17a818a00839.jpg?aki_policy=large"", ""https://a0.muscache.com/im/pictures/70f1fa2b-c194-468f-ae78-a295854c55e9.jpg?aki_policy=large"", ""https://a0.muscache.com/im/pictures/27a912ae-b786-49a8-b87a-70d0befe024f.jpg?aki_policy=large"", ""https://a0.muscache.com/im/pictures/1e820160-f266-4e1e-8f79-cd0464b8202e.jpg?aki_policy=large"", ""https://a0.muscache.com/im/pictures/acf80c29-6100-4710-9741-12bef9c8744c.jpg?aki_policy=large"", ""https://a0.muscache.com/im/pictures/5fa06715-a702-477d-9b45-3b6cc6081662.jpg?aki_policy=large"", ""https://a0.muscache.com/im/pictures/69b0d40a-b765-4085-886a-bf086325a765.jpg?aki_policy=large""]";"{""beds"": 1, ""bedrooms"": 1, ""bathrooms"": 1.0, ""amenity_ids"": [33, 35, 4, 8, 40, 104, 41, 10, 44, 45, 77, 46, 47, 51, 85, 54, 57, 27, 30], ""is_rebookable"": false, ""is_new_listing"": false, ""is_fully_refundable"": true, ""is_host_highly_rated"": true, ""is_business_travel_ready"": false}";"{""weekly_factor"": 1.0, ""monthly_factor"": 1.0}";114;"";"{""is_superhost"": false}"
26495903;Cosy Studio at Sentier;entire_home;Paris;2e arrondissement;48.8682495126;2.34735870077;2;"[""https://a0.muscache.com/im/pictures/297c9551-fe06-433a-ad2b-7083d1eb6097.jpg?aki_policy=large"", ""https://a0.muscache.com/im/pictures/b1f31e93-1cb6-4caa-bb9d-7ca67a0986fa.jpg?aki_policy=large"", ""https://a0.muscache.com/im/pictures/3d5f89a9-d786-428c-a753-aa56f091ddd7.jpg?aki_policy=large"", ""https://a0.muscache.com/im/pictures/9212fff4-02fa-4c63-bbdf-b931c708dc22.jpg?aki_policy=large"", ""https://a0.muscache.com/im/pictures/e72c5cba-e652-4a33-aa86-5af8c1c39e09.jpg?aki_policy=large"", ""https://a0.muscache.com/im/pictures/db769f88-4c24-4b23-a675-b8f82b064142.jpg?aki_policy=large"", ""https://a0.muscache.com/im/pictures/8d0336ce-533a-4d92-904b-a04b81070cf6.jpg?aki_policy=large"", ""https://a0.muscache.com/im/pictures/d4547c75-4cb0-4e07-8aba-446da484b989.jpg?aki_policy=large"", ""https://a0.muscache.com/im/pictures/ac1fbd00-eaad-4739-852e-3168b324547d.jpg?aki_policy=large""]";"{""beds"": 2, ""bedrooms"": 0, ""bathrooms"": 1.0, ""amenity_ids"": [1, 35, 4, 21, 8, 40, 41, 11, 44, 45, 30, 47], ""is_rebookable"": false, ""is_new_listing"": false, ""is_fully_refundable"": true, ""is_host_highly_rated"": false, ""is_business_travel_ready"": false}";"{""weekly_factor"": 1.0, ""monthly_factor"": 1.0}";4598;"";"{""is_superhost"": false}"
26498121;Appartement avec terrasse au cœur de la verdure;entire_home;Paris;Buttes-Chaumont - Belleville;48.8788259342;2.38373918229;7;"[""https://a0.muscache.com/im/pictures/5df3ba2b-200d-4bbd-862a-06efbe6ffcb4.jpg?aki_policy=large"", ""https://a0.muscache.com/im/pictures/090b473e-0711-4399-91c9-5316b24f2122.jpg?aki_policy=large"", ""https://a0.muscache.com/im/pictures/53e238f2-cf0b-49cc-a779-efe63754f956.jpg?aki_policy=large"", ""https://a0.muscache.com/im/pictures/8e8b76b3-153d-47d7-9207-09d8e2bfd16c.jpg?aki_policy=large"", ""https://a0.muscache.com/im/pictures/a1fc1d14-5f37-4e90-af50-ca3acae32669.jpg?aki_policy=large"", ""https://a0.muscache.com/im/pictures/08da78d2-e043-4d22-aebe-42015751a517.jpg?aki_policy=large"", ""https://a0.muscache.com/im/pictures/0913de3e-dac1-4645-8888-0626a6d02ff0.jpg?aki_policy=large"", ""https://a0.muscache.com/im/pictures/32c45fa5-650d-4e86-a90f-58cd0b5d234d.jpg?aki_policy=large"", ""https://a0.muscache.com/im/pictures/64be9c1f-d768-43d2-bfb6-049eb979276e.jpg?aki_policy=large"", ""https://a0.muscache.com/im/pictures/a63deca4-db4e-430d-adfb-84254428e24d.jpg?aki_policy=large""]";"{""beds"": 5, ""bedrooms"": 4, ""bathrooms"": 2.5, ""amenity_ids"": [64, 1, 129, 2, 66, 4, 8, 72, 9, 77, 21, 85, 89, 90, 91, 92, 93, 30, 94, 31, 95, 96, 33, 34, 98, 101, 103, 40, 104, 41, 44, 45, 46, 110, 47, 56], ""is_rebookable"": false, ""is_new_listing"": false, ""is_fully_refundable"": true, ""is_host_highly_rated"": false, ""is_business_travel_ready"": false}";"{""weekly_factor"": 0.85, ""monthly_factor"": 1.0}";6205;"";"{""is_superhost"": false}"
26508443;Chambre canal St Martin avec vue sur Paris;private_room;Paris;Canal Saint-Martin;48.8747609295;2.36853238243;1;"[""https://a0.muscache.com/im/pictures/a5bf7ed7-f707-43a4-aafb-b8dee627be0f.jpg?aki_policy=large"", ""https://a0.muscache.com/im/pictures/f4b97eb8-bfa4-442a-85cc-cdcffa61bda0.jpg?aki_policy=large"", ""https://a0.muscache.com/im/pictures/e9996816-9d13-4e51-8848-bc3f2d52fb2f.jpg?aki_policy=large"", ""https://a0.muscache.com/im/pictures/8b4c2679-dc23-46a2-b50b-804eeff01926.jpg?aki_policy=large"", ""https://a0.muscache.com/im/pictures/40a68371-d1f0-4489-9924-b48736511cb6.jpg?aki_policy=large"", ""https://a0.muscache.com/im/pictures/95eedb83-0ae3-44cf-92a6-407276e149ec.jpg?aki_policy=large"", ""https://a0.muscache.com/im/pictures/fb79cfc0-0ee4-4629-b121-001677b6b236.jpg?aki_policy=large"", ""https://a0.muscache.com/im/pictures/5df1a171-fa24-46f3-a80d-002f89f21299.jpg?aki_policy=large"", ""https://a0.muscache.com/im/pictures/2dad5abd-6642-4ca3-a89c-c99827ef70c3.jpg?aki_policy=large""]";"{""beds"": 1, ""bedrooms"": 1, ""bathrooms"": 1.0, ""amenity_ids"": [33, 129, 35, 37, 38, 8, 40, 41, 10, 44, 77, 16, 56, 30], ""is_rebookable"": false, ""is_new_listing"": false, ""is_fully_refundable"": true, ""is_host_highly_rated"": false, ""is_business_travel_ready"": false}";"{""weekly_factor"": 1.0, ""monthly_factor"": 0.8}";6569;"";"{""is_superhost"": false}"
26527387;Petit nid douillet du 20eme;entire_home;Paris;Buttes-Chaumont - Belleville;48.875766907;2.40277671602;2;"[""https://a0.muscache.com/im/pictures/0f405253-257f-4c9e-abac-920edccf9779.jpg?aki_policy=large"", ""https://a0.muscache.com/im/pictures/1c930243-646b-4454-942f-8a49b191bc51.jpg?aki_policy=large"", ""https://a0.muscache.com/im/pictures/409394c2-f8a8-4eeb-b7c5-99aae9e4c355.jpg?aki_policy=large"", ""https://a0.muscache.com/im/pictures/65188ade-7a66-4b0d-b202-ce979a309aba.jpg?aki_policy=large""]";"{""beds"": 1, ""bedrooms"": 1, ""bathrooms"": 1.0, ""amenity_ids"": [96, 1, 2, 35, 131, 4, 8, 40, 10, 44, 77, 47, 21, 85, 89, 90, 91, 93, 30, 94], ""is_rebookable"": false, ""is_new_listing"": false, ""is_fully_refundable"": true, ""is_host_highly_rated"": false, ""is_business_travel_ready"": false}";"{""weekly_factor"": 1.0, ""monthly_factor"": 1.0}";676;"";"{""is_superhost"": false}"
26555069;Cocon atypique au coeur du quartier latin;entire_home;Paris;Panthéon;48.8458197501;2.35626493418;3;"[""https://a0.muscache.com/im/pictures/5baa780c-069a-4e12-8b9c-f2f83e3aa348.jpg?aki_policy=large"", ""https://a0.muscache.com/im/pictures/23e52d07-f65d-467f-a051-dd7a67ae9c2b.jpg?aki_policy=large"", ""https://a0.muscache.com/im/pictures/987681e1-f28f-4615-b08b-e71e6e43c920.jpg?aki_policy=large"", ""https://a0.muscache.com/im/pictures/f5efab11-2875-478c-af7e-b8042f327058.jpg?aki_policy=large"", ""https://a0.muscache.com/im/pictures/fb22f481-8777-4398-b90e-19738c596120.jpg?aki_policy=large"", ""https://a0.muscache.com/im/pictures/4e5042a2-94e2-4fe8-96c1-ff73bacd3f8d.jpg?aki_policy=large"", ""https://a0.muscache.com/im/pictures/6cf666b8-f7d6-436a-b6a3-6750bb8d296c.jpg?aki_policy=large"", ""https://a0.muscache.com/im/pictures/defb59af-8335-43f2-b4a6-cdf09697b6a9.jpg?aki_policy=large"", ""https://a0.muscache.com/im/pictures/88777e30-aaae-47f6-a3d6-3203643aa090.jpg?aki_policy=large"", ""https://a0.muscache.com/im/pictures/ea5e4cdd-5387-413a-ac93-77c8d77c207f.jpg?aki_policy=large"", ""https://a0.muscache.com/im/pictures/300b13e7-2a87-4475-8b11-73a4912458fe.jpg?aki_policy=large"", ""https://a0.muscache.com/im/pictures/8170fca9-b191-4ae0-86e2-b5eacdc7810f.jpg?aki_policy=large"", ""https://a0.muscache.com/im/pictures/9de92b8f-d962-4d0f-84d0-013c7ace0144.jpg?aki_policy=large"", ""https://a0.muscache.com/im/pictures/ab79c9a8-ac01-4db5-9955-8b76fcf49c86.jpg?aki_policy=large"", ""https://a0.muscache.com/im/pictures/18409e27-c2ec-4be2-8165-95d909da01c9.jpg?aki_policy=large"", ""https://a0.muscache.com/im/pictures/7317704b-4788-4393-bdb6-6ea6183f8d19.jpg?aki_policy=large"", ""https://a0.muscache.com/im/pictures/5e0503c9-8933-4afc-8c63-6a706f1bed20.jpg?aki_policy=large"", ""https://a0.muscache.com/im/pictures/84847de6-16da-4001-ac93-26124c43e90a.jpg?aki_policy=large"", ""https://a0.muscache.com/im/pictures/cf2ae5f8-3240-4d32-826b-a412428cf139.jpg?aki_policy=large"", ""https://a0.muscache.com/im/pictures/1281e2f7-100c-46fa-9d52-d6681c6c477b.jpg?aki_policy=large"", ""https://a0.muscache.com/im/pictures/7288189f-54b5-47b7-b18d-4e037496711c.jpg?aki_policy=large"", ""https://a0.muscache.com/im/pictures/d0fdd9a4-96ba-4ee3-be5e-e787ad8abeff.jpg?aki_policy=large"", ""https://a0.muscache.com/im/pictures/3d7caff0-2e43-4bba-b6ef-0183bca38a27.jpg?aki_policy=large""]";"{""beds"": 2, ""bedrooms"": 1, ""bathrooms"": 1.0, ""amenity_ids"": [96, 33, 129, 4, 8, 40, 10, 11, 44, 45, 77, 85, 89, 91, 92, 93, 30, 94, 95], ""is_rebookable"": false, ""is_new_listing"": false, ""is_fully_refundable"": true, ""is_host_highly_rated"": false, ""is_business_travel_ready"": false}";"{""weekly_factor"": 1.0, ""monthly_factor"": 1.0}";6567;"";"{""is_superhost"": false}"
26556607;Studio Marais Cocooning;entire_home;Paris-4E-Arrondissement;4e arrondissement;48.8543946812;2.36718922917;2;"[""https://a0.muscache.com/im/pictures/a49504e6-31ba-460e-89ea-c735c09a66c8.jpg?aki_policy=large"", ""https://a0.muscache.com/im/pictures/a7298724-6fff-4f4b-8fff-70b962a35202.jpg?aki_policy=large"", ""https://a0.muscache.com/im/pictures/2ff138ce-7dae-4ae1-b307-78cdfbe88155.jpg?aki_policy=large"", ""https://a0.muscache.com/im/pictures/8ada1cc6-83d9-4475-b597-f8749d1fc1b8.jpg?aki_policy=large"", ""https://a0.muscache.com/im/pictures/4d1e91ce-318b-4b28-af2b-318bd84f0bc3.jpg?aki_policy=large"", ""https://a0.muscache.com/im/pictures/5ec2f0d0-c3e8-41b7-adc0-ae9a83ee3e5d.jpg?aki_policy=large"", ""https://a0.muscache.com/im/pictures/8080c460-5eed-41b7-9798-9847b7a5db75.jpg?aki_policy=large"", ""https://a0.muscache.com/im/pictures/2651a7ab-3e89-407c-9acb-fe800b70aa34.jpg?aki_policy=large"", ""https://a0.muscache.com/im/pictures/30328cff-3f1b-47b7-8f1b-d9727cda7e98.jpg?aki_policy=large"", ""https://a0.muscache.com/im/pictures/ea61d207-e7ff-41f3-b584-1df68fbbc1a2.jpg?aki_policy=large"", ""https://a0.muscache.com/im/pictures/c02e046e-14bd-4c92-b9ea-fa7fff82da0a.jpg?aki_policy=large""]";"{""beds"": 1, ""bedrooms"": 0, ""bathrooms"": 1.0, ""amenity_ids"": [16, 35, 4, 40, 41, 57, 11, 12, 45, 30, 47], ""is_rebookable"": false, ""is_new_listing"": false, ""is_fully_refundable"": true, ""is_host_highly_rated"": false, ""is_business_travel_ready"": false}";"{""weekly_factor"": 1.0, ""monthly_factor"": 1.0}";6967;"";"{""is_superhost"": false}"
26583505;Quiet, spacious and bright flat - Musée Picasso;entire_home;Paris;Le Marais;48.8590872505;2.36181727607;4;"[""https://a0.muscache.com/im/pictures/549cb4cc-b304-4e77-8b23-ce89f1754022.jpg?aki_policy=large"", ""https://a0.muscache.com/im/pictures/44fe77d3-1571-49b6-a924-e678fa5e5d32.jpg?aki_policy=large"", ""https://a0.muscache.com/im/pictures/e68a21a6-95d4-4e0a-bb2b-e8baedd6b9c8.jpg?aki_policy=large"", ""https://a0.muscache.com/im/pictures/8b66327f-5d4d-489e-b215-32e8fef05932.jpg?aki_policy=large"", ""https://a0.muscache.com/im/pictures/5ec31162-415f-47d3-950b-045f25fe841f.jpg?aki_policy=large"", ""https://a0.muscache.com/im/pictures/09e59eb4-b3df-40ec-b291-5846c9c410f1.jpg?aki_policy=large"", ""https://a0.muscache.com/im/pictures/ff629d5f-15d7-4028-a75f-c740f3202622.jpg?aki_policy=large"", ""https://a0.muscache.com/im/pictures/458e9dba-cdbc-4777-8a61-c684319f40fd.jpg?aki_policy=large"", ""https://a0.muscache.com/im/pictures/11948fec-bc0c-4813-967a-5d4037181ca1.jpg?aki_policy=large"", ""https://a0.muscache.com/im/pictures/926f250f-58d9-4685-b29e-d155403dd805.jpg?aki_policy=large""]";"{""beds"": 2, ""bedrooms"": 2, ""bathrooms"": 1.0, ""amenity_ids"": [1, 33, 34, 4, 8, 40, 44, 45, 30, 46], ""is_rebookable"": false, ""is_new_listing"": false, ""is_fully_refundable"": true, ""is_host_highly_rated"": false, ""is_business_travel_ready"": false}";"{""weekly_factor"": 1.0, ""monthly_factor"": 1.0}";3585;"";"{""is_superhost"": false}"
26612229;Beau studio spacieux dans un quartier dynamique;entire_home;Paris;11e arrondissement;48.8508780665;2.3887487465;4;"[""https://a0.muscache.com/im/pictures/7017d6d9-0e4f-4035-a08c-5b3176da2472.jpg?aki_policy=large"", ""https://a0.muscache.com/im/pictures/2a328e82-aeb6-49d0-95f9-8cc86a323838.jpg?aki_policy=large"", ""https://a0.muscache.com/im/pictures/5d21b8f3-0ab1-43cf-8570-b643f76c68a1.jpg?aki_policy=large"", ""https://a0.muscache.com/im/pictures/f32cf6d5-d3f1-44be-bd4e-fbc707fd9caf.jpg?aki_policy=large"", ""https://a0.muscache.com/im/pictures/09417fab-b5ee-4056-a757-88f419e9c68d.jpg?aki_policy=large"", ""https://a0.muscache.com/im/pictures/6df53c89-c5e4-40b0-9b90-e6a06ba658c8.jpg?aki_policy=large"", ""https://a0.muscache.com/im/pictures/62b38331-8f96-4e81-8871-62a52af51765.jpg?aki_policy=large"", ""https://a0.muscache.com/im/pictures/50576ce8-e8e4-4aa5-a276-5717dc390bc8.jpg?aki_policy=large"", ""https://a0.muscache.com/im/pictures/ac514403-b8c5-41fa-bf11-50008aa09ead.jpg?aki_policy=large"", ""https://a0.muscache.com/im/pictures/b8476dfc-2093-44a9-8085-05b160a81e8a.jpg?aki_policy=large""]";"{""beds"": 2, ""bedrooms"": 0, ""bathrooms"": 1.0, ""amenity_ids"": [1, 33, 35, 4, 8, 40, 41, 44, 45, 77, 47, 85, 57, 90, 91, 92, 93, 30, 95], ""is_rebookable"": false, ""is_new_listing"": false, ""is_fully_refundable"": true, ""is_host_highly_rated"": false, ""is_business_travel_ready"": false}";"{""weekly_factor"": 1.0, ""monthly_factor"": 1.0}";78;"";"{""is_superhost"": false}"
26623310;Appartement architecte 100M2 belleville Paris;entire_home;Paris;Buttes-Chaumont - Belleville;48.872513512;2.3795349512;10;"[""https://a0.muscache.com/im/pictures/07dde291-c20c-4d14-98ae-bf6dfa7b9e18.jpg?aki_policy=large"", ""https://a0.muscache.com/im/pictures/baafdba9-ffbf-4a9d-8269-7eb26fcb50b2.jpg?aki_policy=large"", ""https://a0.muscache.com/im/pictures/dc496ff9-ac61-4ff9-abcf-5a0402743167.jpg?aki_policy=large"", ""https://a0.muscache.com/im/pictures/7a7fb487-85d5-4f11-9934-74b53dce38d0.jpg?aki_policy=large"", ""https://a0.muscache.com/im/pictures/3a33d7d7-5e4a-4a26-bd47-b5bc71e6ff19.jpg?aki_policy=large"", ""https://a0.muscache.com/im/pictures/63b3e21c-7336-463f-8b56-f9560d654912.jpg?aki_policy=large"", ""https://a0.muscache.com/im/pictures/a977c453-5646-44fe-9567-a39e46060bf5.jpg?aki_policy=large"", ""https://a0.muscache.com/im/pictures/53f2e6eb-df33-4a65-9ba8-0438d64d74e6.jpg?aki_policy=large"", ""https://a0.muscache.com/im/pictures/7701c79c-2606-48be-b9ce-c263d65d9efe.jpg?aki_policy=large"", ""https://a0.muscache.com/im/pictures/834e761e-8f55-4329-bf30-65e73f1dac75.jpg?aki_policy=large"", ""https://a0.muscache.com/im/pictures/7e9b761e-fac8-4336-a069-a5bf871ed19f.jpg?aki_policy=large"", ""https://a0.muscache.com/im/pictures/17d7802b-ff34-48ea-bbe0-042cf89db4e8.jpg?aki_policy=large"", ""https://a0.muscache.com/im/pictures/059ea1e0-97e6-4888-a4ed-14dce0da203b.jpg?aki_policy=large"", ""https://a0.muscache.com/im/pictures/3f900e47-0733-4c69-800d-aa46088cade2.jpg?aki_policy=large"", ""https://a0.muscache.com/im/pictures/a0f5d11f-48c8-487d-a22d-18e2759f27f1.jpg?aki_policy=large"", ""https://a0.muscache.com/im/pictures/8089710e-8543-4590-9c49-545cb4efb5fc.jpg?aki_policy=large""]";"{""beds"": 5, ""bedrooms"": 4, ""bathrooms"": 2.5, ""amenity_ids"": [129, 4, 8, 10, 77, 21, 85, 23, 89, 91, 92, 93, 30, 94, 95, 96, 33, 34, 35, 36, 101, 38, 103, 40, 104, 42, 44, 47, 57], ""is_rebookable"": false, ""is_new_listing"": false, ""is_fully_refundable"": true, ""is_host_highly_rated"": false, ""is_business_travel_ready"": false}";"{""weekly_factor"": 1.0, ""monthly_factor"": 1.0}";6904;"";"{""is_superhost"": false}"
26702811;Authentic studio-Le Marais;entire_home;Paris;Le Marais;48.8576286436;2.35806842302;2;"[""https://a0.muscache.com/im/pictures/94030dc0-9330-4f4a-a836-19263cb4010c.jpg?aki_policy=large"", ""https://a0.muscache.com/im/pictures/262b238d-4cd4-45ee-93d6-a1d469c83634.jpg?aki_policy=large"", ""https://a0.muscache.com/im/pictures/b2e147f5-4a66-4ce0-8659-1639ea0717b8.jpg?aki_policy=large"", ""https://a0.muscache.com/im/pictures/0512c2e7-7a8e-4c63-8f95-d21f8f180882.jpg?aki_policy=large"", ""https://a0.muscache.com/im/pictures/825bb9b2-9ac6-408d-9c21-c624b0922807.jpg?aki_policy=large"", ""https://a0.muscache.com/im/pictures/a51d472a-0189-4ea1-a501-1ce0a75b64e6.jpg?aki_policy=large"", ""https://a0.muscache.com/im/pictures/6db882ff-a206-467c-88ad-00f2544a718f.jpg?aki_policy=large"", ""https://a0.muscache.com/im/pictures/e248bbd5-fde3-4e7f-85dc-2ee55e17714d.jpg?aki_policy=large"", ""https://a0.muscache.com/im/pictures/113c6bd4-d231-4cc8-b8b6-de6b29162069.jpg?aki_policy=large"", ""https://a0.muscache.com/im/pictures/08c716a2-c4e4-4d26-85ea-739fb9630609.jpg?aki_policy=large"", ""https://a0.muscache.com/im/pictures/e4ee4cda-cbc8-4bcd-9df4-afc27d01798d.jpg?aki_policy=large"", ""https://a0.muscache.com/im/pictures/13350d4c-4aab-460e-bba1-b30f25135902.jpg?aki_policy=large"", ""https://a0.muscache.com/im/pictures/e89f9b01-650e-4700-907c-4d5581dc7e13.jpg?aki_policy=large"", ""https://a0.muscache.com/im/pictures/706ee268-df33-4263-98aa-2a3ee773a816.jpg?aki_policy=large"", ""https://a0.muscache.com/im/pictures/6e7b413a-5882-4943-bee0-c6c081128098.jpg?aki_policy=large"", ""https://a0.muscache.com/im/pictures/8c1c8355-a155-423d-818d-7b496f325624.jpg?aki_policy=large"", ""https://a0.muscache.com/im/pictures/9e30c36c-bc51-49e6-abaa-800e674ea58c.jpg?aki_policy=large"", ""https://a0.muscache.com/im/pictures/9c7d927a-ee4a-4b37-b146-9ebcb7ca7c1b.jpg?aki_policy=large""]";"{""beds"": 1, ""bedrooms"": 0, ""bathrooms"": 1.0, ""amenity_ids"": [1, 35, 4, 37, 8, 40, 41, 44, 45, 47], ""is_rebookable"": false, ""is_new_listing"": false, ""is_fully_refundable"": true, ""is_host_highly_rated"": true, ""is_business_travel_ready"": false}";"{""weekly_factor"": 0.9, ""monthly_factor"": 1.0}";4050;"";"{""is_superhost"": false}"
26626163;Chambre Triple;private_room;Paris;Saint Germain des Prés - Odéon;48.8477910562;2.32408471685;3;"[""https://a0.muscache.com/im/pictures/27fd325f-5e60-485f-b520-1dcc14d8bc75.jpg?aki_policy=large"", ""https://a0.muscache.com/im/pictures/d7f56149-d32a-4664-b556-09f95332cdcc.jpg?aki_policy=large"", ""https://a0.muscache.com/im/pictures/11731076-bc9f-46f1-b750-d395027ad950.jpg?aki_policy=large"", ""https://a0.muscache.com/im/pictures/0a0719fd-ea9c-4cc6-b15f-0b86e42a74ad.jpg?aki_policy=large"", ""https://a0.muscache.com/im/pictures/25405418-9547-4814-9d36-30648cbcd9f8.jpg?aki_policy=large"", ""https://a0.muscache.com/im/pictures/ee9ca512-f2d4-4ad1-9c3e-264d6f7d54cf.jpg?aki_policy=large"", ""https://a0.muscache.com/im/pictures/7560d1f6-0d70-4237-b31b-2345b7770028.jpg?aki_policy=large"", ""https://a0.muscache.com/im/pictures/8a6b6a03-0b22-4f5f-bb3a-48c45471aae4.jpg?aki_policy=large"", ""https://a0.muscache.com/im/pictures/0d916c21-c8d7-4bc9-83c0-e706d15f7255.jpg?aki_policy=large""]";"{""bedrooms"": 1, ""bathrooms"": 1.0, ""amenity_ids"": [128, 1, 2, 4, 77, 21, 85, 86, 87, 30, 35, 37, 101, 39, 103, 40, 41, 44, 45, 110, 47, 111, 112, 51, 115, 55, 61, 127], ""is_rebookable"": false, ""is_new_listing"": false, ""is_fully_refundable"": true, ""is_host_highly_rated"": false, ""is_business_travel_ready"": false}";"{""weekly_factor"": 1.0, ""monthly_factor"": 1.0}";3036;"";"{""is_superhost"": false}"
26656283;MINUTES TO PALAIS ROYAL/LOUVRE& BANKS OF SEINE;entire_home;Paris;Palais Royal;48.8683071022;2.33556368763;4;"[""https://a0.muscache.com/im/pictures/eff2bad6-1604-4a8a-a6ab-a6897ebefa99.jpg?aki_policy=large"", ""https://a0.muscache.com/im/pictures/386303f3-8710-4d5c-a412-dc4eb8d70e33.jpg?aki_policy=large"", ""https://a0.muscache.com/im/pictures/dd75b986-a50e-4a63-b403-4bf6a267ade7.jpg?aki_policy=large"", ""https://a0.muscache.com/im/pictures/e80be003-259a-4540-9a36-60c9bd7b4839.jpg?aki_policy=large"", ""https://a0.muscache.com/im/pictures/2d1a8968-8d99-48fb-b9f6-12c5e280c6ea.jpg?aki_policy=large"", ""https://a0.muscache.com/im/pictures/b7936757-57c1-4748-ba88-8b8a64356045.jpg?aki_policy=large"", ""https://a0.muscache.com/im/pictures/db275402-da3b-4e78-890e-797e608807a0.jpg?aki_policy=large"", ""https://a0.muscache.com/im/pictures/b253a9d0-3c23-467a-ae99-b0cd02f1be60.jpg?aki_policy=large"", ""https://a0.muscache.com/im/pictures/3b94a820-0ee9-4898-b6de-1e06c356e83a.jpg?aki_policy=large"", ""https://a0.muscache.com/im/pictures/842c09e3-eebe-4963-b0ae-c952589f7708.jpg?aki_policy=large"", ""https://a0.muscache.com/im/pictures/4c92f644-4313-4a20-81b9-0fda4a6c18b7.jpg?aki_policy=large"", ""https://a0.muscache.com/im/pictures/b5a23842-1008-4bfc-9d81-071d6962c4a7.jpg?aki_policy=large"", ""https://a0.muscache.com/im/pictures/d6e26991-5c03-4ff4-9df8-0e748c6a30f7.jpg?aki_policy=large"", ""https://a0.muscache.com/im/pictures/534eb84f-a766-469b-a1fb-5bd45c99a485.jpg?aki_policy=large"", ""https://a0.muscache.com/im/pictures/ab712d85-9096-40d7-83fa-c44a0a0051f9.jpg?aki_policy=large"", ""https://a0.muscache.com/im/pictures/d232d719-7537-4e9f-be89-060b007cb912.jpg?aki_policy=large"", ""https://a0.muscache.com/im/pictures/dd138f97-d906-4bec-b7cd-bac1cc99300f.jpg?aki_policy=large"", ""https://a0.muscache.com/im/pictures/b4767256-3a00-44b3-a250-580545855276.jpg?aki_policy=large"", ""https://a0.muscache.com/im/pictures/84023424-d0f0-454e-8f1e-a7acbbb2232b.jpg?aki_policy=large"", ""https://a0.muscache.com/im/pictures/ec3334e5-e203-45dd-947c-f2a422726f9d.jpg?aki_policy=large"", ""https://a0.muscache.com/im/pictures/939fcc7e-8ef7-489f-a834-379411355e1f.jpg?aki_policy=large"", ""https://a0.muscache.com/im/pictures/f252a01b-b7c1-46fb-9590-ceaa9cae85c7.jpg?aki_policy=large"", ""https://a0.muscache.com/im/pictures/fad60c2c-3406-4a40-8ddf-80c59d9c2853.jpg?aki_policy=large""]";"{""beds"": 2, ""bedrooms"": 2, ""bathrooms"": 1.0, ""amenity_ids"": [1, 33, 4, 5, 38, 39, 8, 40, 42, 44, 45, 46, 47, 21, 57, 30], ""is_rebookable"": false, ""is_new_listing"": false, ""is_fully_refundable"": true, ""is_host_highly_rated"": false, ""is_business_travel_ready"": false}";"{""weekly_factor"": 1.0, ""monthly_factor"": 1.0}";3984;"";"{""is_superhost"": false}"
26690763;Luxury flat in the heart of paris - SF2;entire_home;Paris;2e arrondissement;48.8709229687;2.34598923674;6;"[""https://a0.muscache.com/im/pictures/afd060f2-024b-44f3-b4fc-89a6ad39ef30.jpg?aki_policy=large"", ""https://a0.muscache.com/im/pictures/f9e4d721-80e0-4ae0-a609-8e44db77b196.jpg?aki_policy=large"", ""https://a0.muscache.com/im/pictures/b1ece0f7-9354-4bc8-ac5b-a59c9105ebb4.jpg?aki_policy=large"", ""https://a0.muscache.com/im/pictures/48ed6b75-9cd6-48fb-bcdf-98b68e19c1e5.jpg?aki_policy=large"", ""https://a0.muscache.com/im/pictures/b7671e7d-88b8-4a56-83e4-265ded43f322.jpg?aki_policy=large"", ""https://a0.muscache.com/im/pictures/f856ced1-46ab-48b1-943e-7d1a05615f96.jpg?aki_policy=large"", ""https://a0.muscache.com/im/pictures/f0aec7a9-17ea-4812-9a94-df515731e96d.jpg?aki_policy=large"", ""https://a0.muscache.com/im/pictures/73208f7d-0eae-4dec-a22b-a226b850d623.jpg?aki_policy=large"", ""https://a0.muscache.com/im/pictures/a41b3a64-8ea0-4cff-914b-e267e1401701.jpg?aki_policy=large"", ""https://a0.muscache.com/im/pictures/3d78ae1a-1257-459f-9afd-f745fc789340.jpg?aki_policy=large"", ""https://a0.muscache.com/im/pictures/147ae581-1892-4023-bdfc-1e3e9e977407.jpg?aki_policy=large"", ""https://a0.muscache.com/im/pictures/512e2586-6a2d-415b-b0c9-3b86e6d7f800.jpg?aki_policy=large"", ""https://a0.muscache.com/im/pictures/513cba1c-9325-46b4-a188-dce724220ef0.jpg?aki_policy=large"", ""https://a0.muscache.com/im/pictures/dd63800b-8021-4eb7-bc97-a46122439b12.jpg?aki_policy=large"", ""https://a0.muscache.com/im/pictures/2978d5ac-47f4-4d40-b8d4-1abad94296ce.jpg?aki_policy=large"", ""https://a0.muscache.com/im/pictures/fbd234dd-9384-4716-8bca-76e7482d5536.jpg?aki_policy=large"", ""https://a0.muscache.com/im/pictures/149bc8c1-a096-4a8d-9a7d-84b257d4eb43.jpg?aki_policy=large"", ""https://a0.muscache.com/im/pictures/a4aaf9f2-aca8-4d69-9ce1-d9272f108b8b.jpg?aki_policy=large"", ""https://a0.muscache.com/im/pictures/039bac06-86ef-4c20-8f34-a38df46a637e.jpg?aki_policy=large"", ""https://a0.muscache.com/im/pictures/b86891ac-69b3-4a68-bb4d-e2b51a782341.jpg?aki_policy=large"", ""https://a0.muscache.com/im/pictures/2789d9b0-9561-4c4b-82a9-22caf0a19415.jpg?aki_policy=large"", ""https://a0.muscache.com/im/pictures/34d2e446-bb03-4a98-ba74-5502a34f8318.jpg?aki_policy=large""]";"{""beds"": 2, ""bedrooms"": 2, ""bathrooms"": 2.0, ""amenity_ids"": [1, 35, 4, 36, 5, 39, 8, 40, 41, 42, 44, 45, 46, 30], ""is_rebookable"": false, ""is_new_listing"": false, ""is_fully_refundable"": true, ""is_host_highly_rated"": true, ""is_business_travel_ready"": false}";"{""weekly_factor"": 1.0, ""monthly_factor"": 1.0}";6825;"";"{""is_superhost"": false}"
26703938;Maison-loft en plein Paris avec terrasse !;entire_home;Paris;Bastille;48.8559888146;2.38234203737;4;"[""https://a0.muscache.com/im/pictures/7071849b-6c68-452a-a8cf-2e994f15d66f.jpg?aki_policy=large"", ""https://a0.muscache.com/im/pictures/ea5ca017-44df-41fd-aad2-ec9be67f6353.jpg?aki_policy=large"", ""https://a0.muscache.com/im/pictures/7721b00d-fa98-450a-b0fa-d0cdfa92d862.jpg?aki_policy=large"", ""https://a0.muscache.com/im/pictures/cb05b0ab-3093-4045-8ebc-792000e16a00.jpg?aki_policy=large"", ""https://a0.muscache.com/im/pictures/117b6a01-4f37-4c3a-b9ed-da0e36755eba.jpg?aki_policy=large"", ""https://a0.muscache.com/im/pictures/70779d36-c23a-41a6-a633-42443d5fbea8.jpg?aki_policy=large"", ""https://a0.muscache.com/im/pictures/ad46e7d4-0924-4629-b746-578b5ca14307.jpg?aki_policy=large"", ""https://a0.muscache.com/im/pictures/31713773-65eb-4fef-be84-92ee5d707332.jpg?aki_policy=large"", ""https://a0.muscache.com/im/pictures/e86e9583-3e7c-405e-9399-feafd8515fdd.jpg?aki_policy=large""]";"{""beds"": 2, ""bedrooms"": 2, ""bathrooms"": 2.0, ""amenity_ids"": [1, 33, 129, 2, 34, 3, 35, 4, 37, 38, 8, 40, 41, 44, 45, 77, 14, 46, 85, 56, 57, 30], ""is_rebookable"": false, ""is_new_listing"": false, ""is_fully_refundable"": true, ""is_host_highly_rated"": false, ""is_business_travel_ready"": false}";"{""weekly_factor"": 1.0, ""monthly_factor"": 1.0}";5006;"";"{""is_superhost"": false}"
26711467;Design & Cosy apartment Heart of Marais;entire_home;Paris;Le Marais;48.8592850659;2.35632796685;2;"[""https://a0.muscache.com/im/pictures/1483148b-add1-4098-9543-dc2b19538691.jpg?aki_policy=large"", ""https://a0.muscache.com/im/pictures/b272f48b-d5c3-401c-ac3e-6d2add2a0e09.jpg?aki_policy=large"", ""https://a0.muscache.com/im/pictures/541e433f-ed15-48be-a948-d34192e233ec.jpg?aki_policy=large"", ""https://a0.muscache.com/im/pictures/d8cab104-4d30-4960-8729-c730dfc0a201.jpg?aki_policy=large"", ""https://a0.muscache.com/im/pictures/3e2f4aca-fd5a-412c-98d7-3fe5c784588e.jpg?aki_policy=large"", ""https://a0.muscache.com/im/pictures/d66025bf-a04e-406c-89f5-58a636cc3ca9.jpg?aki_policy=large"", ""https://a0.muscache.com/im/pictures/6cef02ca-e299-4817-8761-433cac684811.jpg?aki_policy=large"", ""https://a0.muscache.com/im/pictures/cd874220-15fa-42b6-a5e6-47e6fa8b0734.jpg?aki_policy=large"", ""https://a0.muscache.com/im/pictures/8cd68456-1804-4b86-9141-76e06a52fed1.jpg?aki_policy=large"", ""https://a0.muscache.com/im/pictures/3457e045-d99f-4fcb-a2bd-2d59122bceb8.jpg?aki_policy=large"", ""https://a0.muscache.com/im/pictures/763d8bd2-5f1d-4857-9ddb-cf8b2a6edc8e.jpg?aki_policy=large"", ""https://a0.muscache.com/im/pictures/47d880fa-7d3d-40e2-921c-5c1cbaa0f099.jpg?aki_policy=large""]";"{""beds"": 1, ""bedrooms"": 0, ""bathrooms"": 1.0, ""amenity_ids"": [96, 1, 33, 35, 4, 5, 8, 40, 41, 44, 45, 77, 46, 21, 85, 89, 90, 91, 93, 30, 94], ""is_rebookable"": false, ""is_new_listing"": false, ""is_fully_refundable"": true, ""is_host_highly_rated"": false, ""is_business_travel_ready"": false}";"{""weekly_factor"": 1.0, ""monthly_factor"": 1.0}";1061;"";"{""is_superhost"": false}"
26728638;Suite dans un hôtel 4 Etoiles;private_room;Paris;3e arrondissement;48.8643287805;2.36561104182;2;"[""https://a0.muscache.com/im/pictures/976fca26-2624-4663-bdba-d133e8d04882.jpg?aki_policy=large"", ""https://a0.muscache.com/im/pictures/a91c0ad6-c050-43ec-ad2b-6e6dfa7fb443.jpg?aki_policy=large"", ""https://a0.muscache.com/im/pictures/636c4fcd-4e0b-47c5-8c0f-7a218076101d.jpg?aki_policy=large"", ""https://a0.muscache.com/im/pictures/83e02b2a-dd41-42a2-a4af-6be6b3380819.jpg?aki_policy=large"", ""https://a0.muscache.com/im/pictures/230fbf34-a5d5-4a4d-916c-75ba7b4f7690.jpg?aki_policy=large"", ""https://a0.muscache.com/im/pictures/15557e99-25f0-4385-9cc6-32a9fa7dcde9.jpg?aki_policy=large"", ""https://a0.muscache.com/im/pictures/1c146423-3dae-4d21-9fde-bcf870ad1196.jpg?aki_policy=large"", ""https://a0.muscache.com/im/pictures/18f8791f-07df-44e2-8bf4-6c0827563dae.jpg?aki_policy=large"", ""https://a0.muscache.com/im/pictures/9e9be7d9-3a6c-4475-a181-72cab6c2c0f5.jpg?aki_policy=large"", ""https://a0.muscache.com/im/pictures/237150ac-cac7-4b1c-87cc-90e49e8bba7f.jpg?aki_policy=large"", ""https://a0.muscache.com/im/pictures/d15bcf6a-965a-4023-b1c6-d4a4d35c5e06.jpg?aki_policy=large"", ""https://a0.muscache.com/im/pictures/13355bad-16d4-48d6-bd08-8b380506ff22.jpg?aki_policy=large"", ""https://a0.muscache.com/im/pictures/b7174414-8807-4bac-a1aa-7d89518134c0.jpg?aki_policy=large"", ""https://a0.muscache.com/im/pictures/9aba498e-c646-45ae-a07e-18cdedfbda23.jpg?aki_policy=large"", ""https://a0.muscache.com/im/pictures/1e24be3a-a920-45bc-9cd2-4d582c8d02a2.jpg?aki_policy=large"", ""https://a0.muscache.com/im/pictures/7d25b9d6-4e8c-4db4-b044-9a2440eef862.jpg?aki_policy=large"", ""https://a0.muscache.com/im/pictures/94754097-6a15-440e-a9b6-433f87532df3.jpg?aki_policy=large"", ""https://a0.muscache.com/im/pictures/edba601d-1878-45b1-a213-0fda4ed2e17e.jpg?aki_policy=large"", ""https://a0.muscache.com/im/pictures/99e186cc-d06d-41b9-8c0b-089247722a1e.jpg?aki_policy=large"", ""https://a0.muscache.com/im/pictures/cf110bc9-ac54-4574-9342-eab55aa7e6a4.jpg?aki_policy=large"", ""https://a0.muscache.com/im/pictures/71bc2f60-3897-440b-8ab5-80b9ebeec23a.jpg?aki_policy=large""]";"{""beds"": 1, ""bedrooms"": 1, ""bathrooms"": 1.0, ""amenity_ids"": [1, 35, 4, 36, 5, 38, 39, 103, 40, 41, 10, 44, 45, 77, 46, 15, 47, 16, 51, 21, 55, 56, 57, 30], ""is_rebookable"": false, ""is_new_listing"": false, ""is_fully_refundable"": true, ""is_host_highly_rated"": false, ""is_business_travel_ready"": false}";"{""weekly_factor"": 1.0, ""monthly_factor"": 1.0}";7831;"";"{""is_superhost"": false}"
26748627;Superbe 3 pièces neuf en plein marais.;entire_home;Paris;Le Marais;48.8569406477;2.35561435495;4;"[""https://a0.muscache.com/im/pictures/5eee5820-57fa-460f-875d-8c987cf048a0.jpg?aki_policy=large"", ""https://a0.muscache.com/im/pictures/c46016d8-66d4-4685-a61a-cc71de9ca332.jpg?aki_policy=large"", ""https://a0.muscache.com/im/pictures/17f35682-4011-4a65-92e3-cd1a5fff6aa6.jpg?aki_policy=large"", ""https://a0.muscache.com/im/pictures/749516bf-a360-4877-92dd-ed0f5dffe424.jpg?aki_policy=large"", ""https://a0.muscache.com/im/pictures/c8a94c66-c8da-482b-b256-078bee0f5fa8.jpg?aki_policy=large"", ""https://a0.muscache.com/im/pictures/4b03a153-4422-44c4-acc6-5052c2acde8b.jpg?aki_policy=large""]";"{""beds"": 2, ""bedrooms"": 2, ""bathrooms"": 1.0, ""amenity_ids"": [1, 33, 34, 4, 8, 40, 41, 12, 44, 45, 46, 47, 30], ""is_rebookable"": false, ""is_new_listing"": false, ""is_fully_refundable"": true, ""is_host_highly_rated"": true, ""is_business_travel_ready"": false}";"{""weekly_factor"": 1.0, ""monthly_factor"": 1.0}";530;"";"{""is_superhost"": false}"
26757388;Appartement Caire - Châtelet;entire_home;Paris;2e arrondissement;48.8666348994;2.35040630968;4;"[""https://a0.muscache.com/im/pictures/daf5292f-593b-4c7d-8fc1-8e37ce90d86c.jpg?aki_policy=large"", ""https://a0.muscache.com/im/pictures/2d6a8cb7-95c4-45dd-a1e3-6433ba15b856.jpg?aki_policy=large"", ""https://a0.muscache.com/im/pictures/911d45f8-aa07-4765-8b10-85129b642d31.jpg?aki_policy=large"", ""https://a0.muscache.com/im/pictures/f92233ef-d968-4e10-8887-a9cde433a804.jpg?aki_policy=large"", ""https://a0.muscache.com/im/pictures/1dfbf9c3-021c-451d-9ad0-9525b597b50c.jpg?aki_policy=large"", ""https://a0.muscache.com/im/pictures/47df6920-a594-4091-b37f-0e5c20744448.jpg?aki_policy=large"", ""https://a0.muscache.com/im/pictures/2a5b077c-c794-4d13-ad7a-47b8de36451a.jpg?aki_policy=large"", ""https://a0.muscache.com/im/pictures/b7a3cc2d-a533-4eff-be82-5730832e8a9b.jpg?aki_policy=large"", ""https://a0.muscache.com/im/pictures/63c01c0c-84a2-4036-8840-6f5d6f0ebc14.jpg?aki_policy=large"", ""https://a0.muscache.com/im/pictures/3860dc9f-56f2-471d-af3e-c6e8f7333802.jpg?aki_policy=large"", ""https://a0.muscache.com/im/pictures/651f653a-cfb1-46a9-b21a-be6db09f02a4.jpg?aki_policy=large"", ""https://a0.muscache.com/im/pictures/35b5b893-7954-4184-a2e2-2336f4d41483.jpg?aki_policy=large"", ""https://a0.muscache.com/im/pictures/5b5f1954-9bc7-4fd7-a54b-cbf7e240d5fe.jpg?aki_policy=large"", ""https://a0.muscache.com/im/pictures/a3477532-e5a7-49cc-8a52-71106a252c96.jpg?aki_policy=large"", ""https://a0.muscache.com/im/pictures/4d38b8fc-8328-457f-83bd-fca08d5efe19.jpg?aki_policy=large"", ""https://a0.muscache.com/im/pictures/a10ceee2-6d31-4cf0-b33a-6fe74496b9f1.jpg?aki_policy=large"", ""https://a0.muscache.com/im/pictures/3b1e53a4-3439-4af3-9457-db20e4ab9d6d.jpg?aki_policy=large"", ""https://a0.muscache.com/im/pictures/fd8d0d78-8e3a-4795-8463-f50d063694e1.jpg?aki_policy=large"", ""https://a0.muscache.com/im/pictures/d0d0f034-5c04-4c29-ad4c-d79997ed4708.jpg?aki_policy=large"", ""https://a0.muscache.com/im/pictures/cf40f705-87c6-4444-9884-21d07ece0ef9.jpg?aki_policy=large"", ""https://a0.muscache.com/im/pictures/b773bb7e-7757-4d63-98a2-48f358c32f9c.jpg?aki_policy=large"", ""https://a0.muscache.com/im/pictures/d8bc7753-eedc-4bf2-80de-d459d738ae36.jpg?aki_policy=large"", ""https://a0.muscache.com/im/pictures/2132724f-2495-45ef-961f-b713e262c3fc.jpg?aki_policy=large"", ""https://a0.muscache.com/im/pictures/b9cf9928-00b6-4d09-96fc-1797a9ba1c4b.jpg?aki_policy=large"", ""https://a0.muscache.com/im/pictures/f4e7f38b-aafd-4ff5-963f-2674c69cc5f7.jpg?aki_policy=large"", ""https://a0.muscache.com/im/pictures/7e9c7f1a-927d-43e8-b141-2a938235b541.jpg?aki_policy=large"", ""https://a0.muscache.com/im/pictures/b851e182-c568-465c-8199-ce91259a9ada.jpg?aki_policy=large""]";"{""beds"": 2, ""bedrooms"": 1, ""bathrooms"": 1.0, ""amenity_ids"": [1, 3, 4, 8, 40, 45, 46, 47], ""is_rebookable"": false, ""is_new_listing"": false, ""is_fully_refundable"": true, ""is_host_highly_rated"": false, ""is_business_travel_ready"": false}";"{""weekly_factor"": 1.0, ""monthly_factor"": 1.0}";3057;"";"{""is_superhost"": false}"
26760606;By Arc de Triomphe! Stunning home with garden;entire_home;Paris;Passy;48.8715441805;2.28837839889;7;"[""https://a0.muscache.com/im/pictures/da0a9f6f-0bc8-458f-a2f1-efdd4cdb8e57.jpg?aki_policy=large"", ""https://a0.muscache.com/im/pictures/c15abdbc-ce5f-4ea0-8c14-9d3bf5b909ee.jpg?aki_policy=large"", ""https://a0.muscache.com/im/pictures/a2383a05-7738-4b2a-b3db-d58f01017116.jpg?aki_policy=large"", ""https://a0.muscache.com/im/pictures/ea7efab5-a32e-4fb0-b138-7b90ca2b5092.jpg?aki_policy=large"", ""https://a0.muscache.com/im/pictures/e4eda0b2-ff5f-4871-9869-bf9cfab57cc4.jpg?aki_policy=large"", ""https://a0.muscache.com/im/pictures/7851ca0a-a966-443d-a92f-0d0131e5dbcc.jpg?aki_policy=large"", ""https://a0.muscache.com/im/pictures/d4ab070f-9465-4327-b9f9-65b903906ec1.jpg?aki_policy=large"", ""https://a0.muscache.com/im/pictures/f1a4695b-51b1-4c14-974b-7419f408e5b5.jpg?aki_policy=large"", ""https://a0.muscache.com/im/pictures/cd72ded2-c66d-430c-a89e-f6e8d772dec3.jpg?aki_policy=large"", ""https://a0.muscache.com/im/pictures/269e4855-9a48-4145-835d-bb915b5f90a5.jpg?aki_policy=large"", ""https://a0.muscache.com/im/pictures/7849559f-bced-4bb9-8f2c-5cdf0b971362.jpg?aki_policy=large"", ""https://a0.muscache.com/im/pictures/1ff9bddd-b605-4b28-83bd-21cd745fdf38.jpg?aki_policy=large"", ""https://a0.muscache.com/im/pictures/cd1770d1-d738-40b0-854c-87dccf679d6b.jpg?aki_policy=large"", ""https://a0.muscache.com/im/pictures/b925fbc2-3f4d-42a3-a7ed-a4d23c047c72.jpg?aki_policy=large"", ""https://a0.muscache.com/im/pictures/65986f87-3a88-4177-aa6a-58066b70d86f.jpg?aki_policy=large"", ""https://a0.muscache.com/im/pictures/b6f92b7e-f619-4335-835b-88abdfb7d10c.jpg?aki_policy=large"", ""https://a0.muscache.com/im/pictures/fade32d8-a0cc-4b4d-bddc-dd58a61ccce8.jpg?aki_policy=large"", ""https://a0.muscache.com/im/pictures/2d674050-0549-470d-b9d0-75a910606c19.jpg?aki_policy=large"", ""https://a0.muscache.com/im/pictures/94b631cc-678e-4c6e-85ec-6fe21708799c.jpg?aki_policy=large""]";"{""beds"": 4, ""bedrooms"": 3, ""bathrooms"": 3.0, ""amenity_ids"": [33, 4, 101, 8, 40, 41, 77, 46, 85, 91, 92, 30, 31, 95], ""is_rebookable"": false, ""is_new_listing"": false, ""is_fully_refundable"": true, ""is_host_highly_rated"": true, ""is_business_travel_ready"": false}";"{""weekly_factor"": 1.0, ""monthly_factor"": 1.0}";2197;"";"{""is_superhost"": false}"
26760709;Pour 3, ambiance cosy !;private_room;Paris;Champs-Elysées;48.8775685836;2.29602440606;3;"[""https://a0.muscache.com/im/pictures/7c226c20-dfe7-45cd-8207-9a2a4d701ad1.jpg?aki_policy=large"", ""https://a0.muscache.com/im/pictures/101f30cd-b261-4520-80fa-dad66dfbb16d.jpg?aki_policy=large"", ""https://a0.muscache.com/im/pictures/3b170bc2-be13-4824-98e1-42aa0ba3d29b.jpg?aki_policy=large"", ""https://a0.muscache.com/im/pictures/8fcc1e5c-2068-4e47-b97d-217a67e659a6.jpg?aki_policy=large"", ""https://a0.muscache.com/im/pictures/09289ab7-76ec-4445-85de-ea16a3e5dc7d.jpg?aki_policy=large"", ""https://a0.muscache.com/im/pictures/5408f8ff-15cc-43ec-8ba2-3ba9cf34129d.jpg?aki_policy=large"", ""https://a0.muscache.com/im/pictures/baeef706-9576-44bb-bb07-1cb5f2e978b6.jpg?aki_policy=large"", ""https://a0.muscache.com/im/pictures/e2447d8f-294d-4b66-9af2-d964e3daedac.jpg?aki_policy=large""]";"{""bedrooms"": 1, ""bathrooms"": 1.0, ""amenity_ids"": [1, 2, 35, 5, 37, 39, 103, 40, 9, 77, 51, 86, 55, 87, 30], ""is_rebookable"": false, ""is_new_listing"": false, ""is_fully_refundable"": true, ""is_host_highly_rated"": false, ""is_business_travel_ready"": false}";"{""weekly_factor"": 1.0, ""monthly_factor"": 1.0}";7699;"";"{""is_superhost"": false}"
26760757;Chambre en colocation;private_room;Paris;Monceau;48.8801063716;2.30730857296;1;"[""https://a0.muscache.com/im/pictures/fc976a01-9af0-444d-98fa-cd62d524caa7.jpg?aki_policy=large"", ""https://a0.muscache.com/im/pictures/8e83139d-bee4-452f-8134-aefe45569834.jpg?aki_policy=large""]";"{""beds"": 1, ""bedrooms"": 1, ""bathrooms"": 1.0, ""amenity_ids"": [1, 33, 35, 4, 21, 8, 40, 44, 45, 30, 46, 47], ""is_rebookable"": false, ""is_new_listing"": false, ""is_fully_refundable"": true, ""is_host_highly_rated"": true, ""is_business_travel_ready"": false}";"{""weekly_factor"": 1.0, ""monthly_factor"": 1.0}";1028;"";"{""is_superhost"": false}"
26766239;L'ETOILE★GRAND 2 PIÈCES★LEYCAHOME;entire_home;Paris;Ternes;48.8780508855;2.29185498192;4;"[""https://a0.muscache.com/im/pictures/b1ac07e2-2148-4442-b9cc-7180f1e0b386.jpg?aki_policy=large"", ""https://a0.muscache.com/im/pictures/19157ee7-e2cd-4260-9236-a749d6b91a1f.jpg?aki_policy=large"", ""https://a0.muscache.com/im/pictures/cac1a88a-e002-43d9-b91a-d8977b1baa9f.jpg?aki_policy=large"", ""https://a0.muscache.com/im/pictures/6a7ce1ed-8835-4b4c-9bd8-c656de55d81c.jpg?aki_policy=large"", ""https://a0.muscache.com/im/pictures/4ce6df45-b439-4ca0-bf28-09ee53f51c85.jpg?aki_policy=large"", ""https://a0.muscache.com/im/pictures/cb6c86ea-b621-4eef-ab58-bb748539ee9b.jpg?aki_policy=large"", ""https://a0.muscache.com/im/pictures/5b2c98df-8462-4d60-8ab9-411f5b753741.jpg?aki_policy=large"", ""https://a0.muscache.com/im/pictures/62f8f849-ee64-4106-ab1e-79ff2babe2a9.jpg?aki_policy=large"", ""https://a0.muscache.com/im/pictures/13236e01-5b2d-4727-92d4-dadb61d8e291.jpg?aki_policy=large"", ""https://a0.muscache.com/im/pictures/3886e591-68cb-448f-a7af-3af39f79f8e4.jpg?aki_policy=large"", ""https://a0.muscache.com/im/pictures/dbea8c63-dbff-424d-b50f-edb7e79defce.jpg?aki_policy=large"", ""https://a0.muscache.com/im/pictures/bbd95a0c-c488-4fe3-9a0e-0bf5dd586811.jpg?aki_policy=large"", ""https://a0.muscache.com/im/pictures/cdc2d162-772f-45f7-b0f3-4a42bb1245f9.jpg?aki_policy=large"", ""https://a0.muscache.com/im/pictures/3bd6f9f1-d94a-4349-9c69-2f1e1dd0aa35.jpg?aki_policy=large"", ""https://a0.muscache.com/im/pictures/35d447f6-7faa-4019-8b44-19c7bb465649.jpg?aki_policy=large"", ""https://a0.muscache.com/im/pictures/c7eddc37-68d8-4254-a2e1-89116fc6fec7.jpg?aki_policy=large"", ""https://a0.muscache.com/im/pictures/deea698a-1164-43a8-9f59-e0a267025734.jpg?aki_policy=large"", ""https://a0.muscache.com/im/pictures/1c83d639-d9dd-437b-8c2d-7a9861fc6211.jpg?aki_policy=large"", ""https://a0.muscache.com/im/pictures/0f127dc1-03ab-4c8a-869d-131fd46eb4b8.jpg?aki_policy=large"", ""https://a0.muscache.com/im/pictures/087bf232-d9d7-498c-90a4-6e0ac1a530a9.jpg?aki_policy=large"", ""https://a0.muscache.com/im/pictures/04f5560f-dc7f-4b42-9b09-1aadbeb11d1b.jpg?aki_policy=large"", ""https://a0.muscache.com/im/pictures/c3735087-4393-4557-8938-31f9c4aba8f2.jpg?aki_policy=large"", ""https://a0.muscache.com/im/pictures/3a35721f-d2c4-4d0e-ba07-2972b63a75a4.jpg?aki_policy=large"", ""https://a0.muscache.com/im/pictures/cbc83734-6525-43fc-902f-cc4e99fefb6b.jpg?aki_policy=large"", ""https://a0.muscache.com/im/pictures/093ab2c4-e5d7-44b5-b0f4-f62e37a4b713.jpg?aki_policy=large"", ""https://a0.muscache.com/im/pictures/7b3b4b78-7461-4741-8dc9-54ea31ebf985.jpg?aki_policy=large"", ""https://a0.muscache.com/im/pictures/abcf747b-f435-48ba-819e-5b540e8760a4.jpg?aki_policy=large"", ""https://a0.muscache.com/im/pictures/bb4d6d36-4edf-4ce3-a34b-a4ba8d43d3da.jpg?aki_policy=large"", ""https://a0.muscache.com/im/pictures/b8d61e87-a0ef-46e2-a45f-cf4694d87475.jpg?aki_policy=large""]";"{""beds"": 2, ""bedrooms"": 1, ""bathrooms"": 1.5, ""amenity_ids"": [1, 33, 35, 4, 37, 38, 8, 40, 41, 10, 44, 45, 46, 47, 51, 55, 30, 287], ""is_rebookable"": false, ""is_new_listing"": false, ""is_fully_refundable"": true, ""is_host_highly_rated"": true, ""is_business_travel_ready"": false}";"{""weekly_factor"": 1.0, ""monthly_factor"": 1.0}";250;"";"{""is_superhost"": false}"
26769990;Appartement pour 8 sur Les Grands Boulevards;entire_home;Paris;Opéra - Grands Boulevards;48.8712673603;2.34082723001;8;"[""https://a0.muscache.com/im/pictures/395ffff6-3f8c-45ee-9b45-76f75f437350.jpg?aki_policy=large"", ""https://a0.muscache.com/im/pictures/f967d893-1877-4ba8-b47b-326d68d04bba.jpg?aki_policy=large"", ""https://a0.muscache.com/im/pictures/ac061682-2bf0-405b-81c1-363fa554caee.jpg?aki_policy=large"", ""https://a0.muscache.com/im/pictures/ded8d0e2-7349-4305-b0b2-4aefa8c6e4c0.jpg?aki_policy=large"", ""https://a0.muscache.com/im/pictures/b7d8ec7b-60b4-4dbc-9a81-11baffeedd72.jpg?aki_policy=large"", ""https://a0.muscache.com/im/pictures/dae43e70-8049-4838-ac56-93167554f730.jpg?aki_policy=large"", ""https://a0.muscache.com/im/pictures/369c3487-c0de-4f79-b184-cd0e92254864.jpg?aki_policy=large"", ""https://a0.muscache.com/im/pictures/86ec0251-80a5-4302-8d5f-0a9d594605cb.jpg?aki_policy=large"", ""https://a0.muscache.com/im/pictures/9b9d9e9e-feb1-45b0-96ae-050cfc81c4bc.jpg?aki_policy=large"", ""https://a0.muscache.com/im/pictures/c4728c54-9295-4453-8b7a-3359bb6ee0d0.jpg?aki_policy=large"", ""https://a0.muscache.com/im/pictures/f1b7d3fc-fd6e-465e-9110-ccd6b937ff48.jpg?aki_policy=large"", ""https://a0.muscache.com/im/pictures/fc735f7a-8445-467d-92d1-653fd727a869.jpg?aki_policy=large"", ""https://a0.muscache.com/im/pictures/03449705-948a-42f4-a021-e40ec1a26013.jpg?aki_policy=large"", ""https://a0.muscache.com/im/pictures/48a69bd1-40ca-4698-ad0d-bf14d1094caf.jpg?aki_policy=large"", ""https://a0.muscache.com/im/pictures/81da85fc-ac94-404e-a5d5-b0fd2b245604.jpg?aki_policy=large"", ""https://a0.muscache.com/im/pictures/0840ee19-71b0-41fa-95b9-18f4a1d271df.jpg?aki_policy=large"", ""https://a0.muscache.com/im/pictures/3859e0dd-f777-4cd5-b70d-144c59fddedd.jpg?aki_policy=large"", ""https://a0.muscache.com/im/pictures/2f5e31b9-c6ae-48a4-8037-38c8aecf1243.jpg?aki_policy=large"", ""https://a0.muscache.com/im/pictures/6a31e33f-7c2f-44cc-b717-4a4d5d6352c3.jpg?aki_policy=large"", ""https://a0.muscache.com/im/pictures/2dd69252-9f79-430f-a22d-aae009eea202.jpg?aki_policy=large"", ""https://a0.muscache.com/im/pictures/7440293b-134c-4280-b851-3e6375af361d.jpg?aki_policy=large"", ""https://a0.muscache.com/im/pictures/a2dc8d84-3ae3-48e0-b06a-170bd0f2e2ea.jpg?aki_policy=large"", ""https://a0.muscache.com/im/pictures/c7f18675-7d64-4326-87c7-08a8ef90fdd6.jpg?aki_policy=large"", ""https://a0.muscache.com/im/pictures/4f23eb9a-197a-45c8-a82a-80046225ba47.jpg?aki_policy=large"", ""https://a0.muscache.com/im/pictures/aae9e02b-db10-4bf6-92ad-ad0a7e9b200c.jpg?aki_policy=large"", ""https://a0.muscache.com/im/pictures/0db69306-037b-457b-8895-e4ddfb70740e.jpg?aki_policy=large"", ""https://a0.muscache.com/im/pictures/ef360597-732f-48b1-b686-c8434a6caf0f.jpg?aki_policy=large"", ""https://a0.muscache.com/im/pictures/6502a3f4-bd6e-4c06-86d2-a12fe8a59b07.jpg?aki_policy=large"", ""https://a0.muscache.com/im/pictures/c29635c1-1bcf-463a-bf2f-4cb1183fc748.jpg?aki_policy=large"", ""https://a0.muscache.com/im/pictures/236fe75c-ec3b-4f0f-b966-5332dae93f7d.jpg?aki_policy=large""]";"{""beds"": 6, ""bedrooms"": 2, ""bathrooms"": 2.0, ""amenity_ids"": [1, 65, 129, 67, 4, 8, 73, 10, 77, 21, 85, 86, 89, 90, 91, 92, 93, 30, 94, 95, 287, 96, 33, 34, 98, 35, 36, 38, 103, 40, 104, 41, 42, 44, 45, 46, 47, 60], ""is_rebookable"": false, ""is_new_listing"": false, ""is_fully_refundable"": true, ""is_host_highly_rated"": true, ""is_business_travel_ready"": false}";"{""weekly_factor"": 0.98, ""monthly_factor"": 0.95}";2849;"";"{""is_superhost"": false}"
26773018;Appartement partagé à Paris;shared_room;Paris;Opéra - Grands Boulevards;48.8711265191;2.34822157083;2;"[""https://a0.muscache.com/im/pictures/a40245e6-575c-4f9a-98ad-96749f75cb67.jpg?aki_policy=large"", ""https://a0.muscache.com/im/pictures/f5caaf6c-5e3c-4f2e-a337-d8c35f23e7c4.jpg?aki_policy=large"", ""https://a0.muscache.com/im/pictures/9ac32244-db71-4d78-b53d-e937dd4b719f.jpg?aki_policy=large"", ""https://a0.muscache.com/im/pictures/e4917255-0b7d-4157-9284-5611dbd22ed2.jpg?aki_policy=large"", ""https://a0.muscache.com/im/pictures/fbb8cace-a011-4e5e-ba91-5e020540e397.jpg?aki_policy=large"", ""https://a0.muscache.com/im/pictures/44f41bd9-ca1a-4f60-9c4b-84d36ddb8599.jpg?aki_policy=large"", ""https://a0.muscache.com/im/pictures/5176c3eb-99e0-4614-95f9-20fa557ff596.jpg?aki_policy=large"", ""https://a0.muscache.com/im/pictures/511e9b91-0bd2-41a3-b59d-d3b81a625a6a.jpg?aki_policy=large"", ""https://a0.muscache.com/im/pictures/49ef4b42-78ab-44dc-a24d-f79245629e9d.jpg?aki_policy=large"", ""https://a0.muscache.com/im/pictures/847afa66-6338-468d-ae73-7456f40393c9.jpg?aki_policy=large"", ""https://a0.muscache.com/im/pictures/49ce4534-6963-42c4-9608-748b352d2e0c.jpg?aki_policy=large"", ""https://a0.muscache.com/im/pictures/95d59021-f12d-4993-a9a8-08c139765e13.jpg?aki_policy=large""]";"{""beds"": 2, ""bedrooms"": 1, ""bathrooms"": 1.0, ""amenity_ids"": [33, 129, 8, 40, 41, 46, 47], ""is_rebookable"": false, ""is_new_listing"": false, ""is_fully_refundable"": true, ""is_host_highly_rated"": false, ""is_business_travel_ready"": false}";"{""weekly_factor"": 1.0, ""monthly_factor"": 1.0}";5918;"";"{""is_superhost"": false}"
26782117;New Studio in great location;entire_home;Paris;Père Lachaise - Ménilmontant;48.8666615904;2.38570016506;2;"[""https://a0.muscache.com/im/pictures/6940d0e0-ec8d-495d-bc97-52851acabb0a.jpg?aki_policy=large"", ""https://a0.muscache.com/im/pictures/20757a23-7950-47a4-96f6-6d87a4668603.jpg?aki_policy=large"", ""https://a0.muscache.com/im/pictures/f1079e98-8354-449f-ae4e-927528de1a21.jpg?aki_policy=large"", ""https://a0.muscache.com/im/pictures/bebbd389-e68f-4d02-96a8-9e6326b42eb7.jpg?aki_policy=large"", ""https://a0.muscache.com/im/pictures/cffa4934-cc70-4990-9524-d8b7ad741348.jpg?aki_policy=large"", ""https://a0.muscache.com/im/pictures/82e117ba-666f-4bb1-9e73-6b388e0e2681.jpg?aki_policy=large"", ""https://a0.muscache.com/im/pictures/93da5c0a-ca56-45bc-abc2-3e24e4216059.jpg?aki_policy=large"", ""https://a0.muscache.com/im/pictures/dd704aba-e76b-45e3-ae98-05de52771bef.jpg?aki_policy=large"", ""https://a0.muscache.com/im/pictures/e6441525-23c0-49af-863f-baa21fc0060d.jpg?aki_policy=large"", ""https://a0.muscache.com/im/pictures/670d5360-54bc-48be-8b44-0e084057eff0.jpg?aki_policy=large"", ""https://a0.muscache.com/im/pictures/73789014-ca05-45d1-9988-7eeff8c2fceb.jpg?aki_policy=large"", ""https://a0.muscache.com/im/pictures/901bbe77-6b89-4eee-b6d0-40fc8044933c.jpg?aki_policy=large""]";"{""beds"": 1, ""bedrooms"": 0, ""bathrooms"": 1.0, ""amenity_ids"": [1, 129, 4, 5, 8, 40, 44, 45, 77, 30, 46, 47], ""is_rebookable"": false, ""is_new_listing"": false, ""is_fully_refundable"": true, ""is_host_highly_rated"": true, ""is_business_travel_ready"": false}";"{""weekly_factor"": 1.0, ""monthly_factor"": 1.0}";4980;"";"{""is_superhost"": false}"
26795751;120SQM FAMILY MONTROGUEL DUPLEX OOZING LOCAL CHARM;entire_home;Paris;2e arrondissement;48.8691646253;2.34772344748;5;"[""https://a0.muscache.com/im/pictures/9a0376f9-6a61-4524-ba20-306da2841f77.jpg?aki_policy=large"", ""https://a0.muscache.com/im/pictures/d27b586c-c559-4367-9702-b2d0cdf5810f.jpg?aki_policy=large"", ""https://a0.muscache.com/im/pictures/70efd1da-c55f-42fc-bf60-33d38d9a3c31.jpg?aki_policy=large"", ""https://a0.muscache.com/im/pictures/99600430-5575-4925-8a82-ccfe43140097.jpg?aki_policy=large"", ""https://a0.muscache.com/im/pictures/9ab607dc-a744-4482-b894-827f76518c02.jpg?aki_policy=large"", ""https://a0.muscache.com/im/pictures/94739e2d-2ad2-4298-89fe-9693a95205d3.jpg?aki_policy=large"", ""https://a0.muscache.com/im/pictures/a5903c3f-827a-4f2b-984d-fe8289df2445.jpg?aki_policy=large"", ""https://a0.muscache.com/im/pictures/6761e167-958f-41eb-b0f0-dea590315705.jpg?aki_policy=large"", ""https://a0.muscache.com/im/pictures/99c80992-0388-4bf2-b58f-a68eaacd90fd.jpg?aki_policy=large"", ""https://a0.muscache.com/im/pictures/3e831e14-8a60-47eb-b9f8-3d78dece485b.jpg?aki_policy=large"", ""https://a0.muscache.com/im/pictures/19b0147e-1eba-44a0-be75-4189d8132c9c.jpg?aki_policy=large"", ""https://a0.muscache.com/im/pictures/c08daafd-9435-438e-9ab1-ff11fe27e2ab.jpg?aki_policy=large"", ""https://a0.muscache.com/im/pictures/199044ce-f4ee-4805-9615-a98177b0e65a.jpg?aki_policy=large"", ""https://a0.muscache.com/im/pictures/b0d0a6ce-f160-42c7-bdb2-aee64c121a4c.jpg?aki_policy=large"", ""https://a0.muscache.com/im/pictures/db0a2694-f3dc-4a72-a76a-c2a2a6cd52b5.jpg?aki_policy=large"", ""https://a0.muscache.com/im/pictures/ed29cd71-b1bd-4ea6-9ce8-d5ca23b8c648.jpg?aki_policy=large"", ""https://a0.muscache.com/im/pictures/ddb4ace0-d2be-4177-913c-287102fb3467.jpg?aki_policy=large"", ""https://a0.muscache.com/im/pictures/3496be99-de6c-41f2-a088-06b0fbc1d740.jpg?aki_policy=large"", ""https://a0.muscache.com/im/pictures/93598013-ca3f-40c1-8a43-2eda80629698.jpg?aki_policy=large"", ""https://a0.muscache.com/im/pictures/75ded96e-c2f1-4a66-89d1-ea46fa944c24.jpg?aki_policy=large"", ""https://a0.muscache.com/im/pictures/8b3220eb-d6a7-4da7-88d2-5c69e3639b64.jpg?aki_policy=large"", ""https://a0.muscache.com/im/pictures/5ec85b6a-1706-47ef-aa84-a62b10b0d7f2.jpg?aki_policy=large"", ""https://a0.muscache.com/im/pictures/0cb177e2-89f9-426f-9884-4e5829036333.jpg?aki_policy=large"", ""https://a0.muscache.com/im/pictures/68500f91-640b-402d-9fee-117a732356c2.jpg?aki_policy=large"", ""https://a0.muscache.com/im/pictures/3319bb72-a88d-4a98-97ad-7c906ac516e9.jpg?aki_policy=large"", ""https://a0.muscache.com/im/pictures/48ce87ea-dccf-4f8d-beb4-cfcc28433c14.jpg?aki_policy=large"", ""https://a0.muscache.com/im/pictures/b9e1ed3b-5935-4eb1-8b83-83e169364c83.jpg?aki_policy=large"", ""https://a0.muscache.com/im/pictures/d4e42d77-9de1-4713-ab07-56c5e133aa06.jpg?aki_policy=large"", ""https://a0.muscache.com/im/pictures/65e00ceb-a274-43e2-9f7a-b2fdcb82d2f7.jpg?aki_policy=large"", ""https://a0.muscache.com/im/pictures/2c467381-6cdb-4278-b7ab-0754e1287955.jpg?aki_policy=large""]";"{""beds"": 3, ""bedrooms"": 3, ""bathrooms"": 2.0, ""amenity_ids"": [64, 1, 2, 4, 71, 8, 77, 21, 85, 86, 89, 90, 27, 91, 92, 93, 30, 94, 96, 33, 34, 100, 39, 103, 40, 104, 42, 44, 45, 46, 47, 57], ""is_rebookable"": false, ""is_new_listing"": false, ""is_fully_refundable"": true, ""is_host_highly_rated"": false, ""is_business_travel_ready"": false}";"{""weekly_factor"": 1.0, ""monthly_factor"": 1.0}";3984;"";"{""is_superhost"": false}"
26798869;02 - Best Montorgueil Flat 1;entire_home;Paris city;Notre Dame - Ile de La Cité;48.8570620494;2.35127649111;11;"[""https://a0.muscache.com/im/pictures/beeb67db-78f0-48f3-a082-13bce7e65fd2.jpg?aki_policy=large"", ""https://a0.muscache.com/im/pictures/d1158e2a-67ad-4662-9a7d-919da5f6f4fb.jpg?aki_policy=large"", ""https://a0.muscache.com/im/pictures/1ae2a93c-37c4-4f3b-bca7-e77e19ce49b9.jpg?aki_policy=large"", ""https://a0.muscache.com/im/pictures/7eb69a76-85f3-4783-b236-564cd92d91d6.jpg?aki_policy=large"", ""https://a0.muscache.com/im/pictures/0c925e70-b39f-4e34-93ac-085184a46b13.jpg?aki_policy=large"", ""https://a0.muscache.com/im/pictures/52390dd8-1cf9-4879-9901-4c3f8b5046f6.jpg?aki_policy=large"", ""https://a0.muscache.com/im/pictures/9b3da554-b2b5-45c2-a79f-c69df63af476.jpg?aki_policy=large"", ""https://a0.muscache.com/im/pictures/cc9b6bbc-ade9-4e27-9091-8b9decb41c80.jpg?aki_policy=large"", ""https://a0.muscache.com/im/pictures/0a565570-65fa-49fa-90ae-eec38bc16909.jpg?aki_policy=large"", ""https://a0.muscache.com/im/pictures/54176ecf-4975-48af-af48-4832760a3a39.jpg?aki_policy=large"", ""https://a0.muscache.com/im/pictures/4ffd5e4f-906e-4d7c-966b-dc092c520fc7.jpg?aki_policy=large"", ""https://a0.muscache.com/im/pictures/56f34d51-b667-453b-b688-2c5e2d0bc016.jpg?aki_policy=large"", ""https://a0.muscache.com/im/pictures/d8b2c659-3574-4ee7-a6fe-130ed4abbe33.jpg?aki_policy=large"", ""https://a0.muscache.com/im/pictures/4aa00390-eb43-48cc-adff-4fd52eba2f1c.jpg?aki_policy=large"", ""https://a0.muscache.com/im/pictures/3144393f-5d14-4ac2-821f-79f4686c005f.jpg?aki_policy=large"", ""https://a0.muscache.com/im/pictures/c13430d2-902b-4a72-b265-4c8efbc25826.jpg?aki_policy=large"", ""https://a0.muscache.com/im/pictures/b2993c38-449c-4e78-a0ab-42317b3ccb7f.jpg?aki_policy=large"", ""https://a0.muscache.com/im/pictures/c75adcc0-3ef1-418d-873c-9a84f1ca85c2.jpg?aki_policy=large""]";"{""beds"": 6, ""bedrooms"": 2, ""bathrooms"": 1.5, ""amenity_ids"": [64, 1, 3, 4, 71, 8, 40, 43, 45, 30, 46], ""is_rebookable"": false, ""is_new_listing"": false, ""is_fully_refundable"": false, ""is_host_highly_rated"": false, ""is_business_travel_ready"": false}";"{""weekly_factor"": 1.0, ""monthly_factor"": 1.0}";4070;"";"{""is_superhost"": false}"
26803940;Canal St. Martin - Loft Debongout.;entire_home;Paris;Canal Saint-Martin;48.8743634606;2.36182494514;4;"[""https://a0.muscache.com/im/pictures/5d52f8ea-98e5-4a21-afab-1a7e82c299e1.jpg?aki_policy=large"", ""https://a0.muscache.com/im/pictures/140b9ddf-4e50-41c4-9c40-e9c4ad5a7f2d.jpg?aki_policy=large"", ""https://a0.muscache.com/im/pictures/2f9d95af-a72b-4e38-91ef-f0e36c84c77d.jpg?aki_policy=large"", ""https://a0.muscache.com/im/pictures/5d443816-05c2-45bb-844e-3920c665e112.jpg?aki_policy=large"", ""https://a0.muscache.com/im/pictures/847e6489-c6e3-49d1-be46-c5b32d67f0ef.jpg?aki_policy=large"", ""https://a0.muscache.com/im/pictures/cfa4c9d7-c5ca-479d-9069-c85b2d77f104.jpg?aki_policy=large"", ""https://a0.muscache.com/im/pictures/b591445b-bd00-4d16-89bf-74658a581037.jpg?aki_policy=large"", ""https://a0.muscache.com/im/pictures/55f693f5-b11f-4b32-9ca2-2b92680f4bfe.jpg?aki_policy=large"", ""https://a0.muscache.com/im/pictures/6f6ce96f-d2dd-4afd-bc29-33492e7ddf78.jpg?aki_policy=large"", ""https://a0.muscache.com/im/pictures/0981c3a4-451d-46a0-bd9d-8c23c57a48bb.jpg?aki_policy=large"", ""https://a0.muscache.com/im/pictures/ebc9b202-a94c-45af-ba1c-0cb7564fd972.jpg?aki_policy=large"", ""https://a0.muscache.com/im/pictures/df2e8e95-4a8b-4b72-a753-03c00007157d.jpg?aki_policy=large"", ""https://a0.muscache.com/im/pictures/45e23d94-ccce-4e80-a1d8-a76835403d06.jpg?aki_policy=large"", ""https://a0.muscache.com/im/pictures/bbc9bad8-42ac-47df-b877-6407a9acd61c.jpg?aki_policy=large""]";"{""beds"": 2, ""bedrooms"": 2, ""bathrooms"": 1.0, ""amenity_ids"": [33, 34, 131, 4, 8, 40, 41, 44, 45, 77, 46, 57, 30], ""is_rebookable"": false, ""is_new_listing"": false, ""is_fully_refundable"": true, ""is_host_highly_rated"": false, ""is_business_travel_ready"": false}";"{""weekly_factor"": 1.0, ""monthly_factor"": 1.0}";5281;"";"{""is_superhost"": false}"
26826330;Appartement chaleureux dans le Marais (pour 2);entire_home;Paris;Le Marais;48.859273358;2.35670515153;2;"[""https://a0.muscache.com/im/pictures/c6977c16-fe72-4ba7-8fb9-a860a036630f.jpg?aki_policy=large"", ""https://a0.muscache.com/im/pictures/c1738027-6839-45bf-84ec-813bef43da72.jpg?aki_policy=large"", ""https://a0.muscache.com/im/pictures/2412b287-357d-4f9c-8564-866d506c554c.jpg?aki_policy=large"", ""https://a0.muscache.com/im/pictures/ed879398-c52c-4c82-a752-1d705eefebd8.jpg?aki_policy=large"", ""https://a0.muscache.com/im/pictures/fd7fb486-d3de-4ee0-812d-474a7e4b5864.jpg?aki_policy=large"", ""https://a0.muscache.com/im/pictures/7149f0cb-dcdb-4841-a7ba-1206473e4f25.jpg?aki_policy=large"", ""https://a0.muscache.com/im/pictures/7db001f7-b803-4086-ad3a-79710eccd86c.jpg?aki_policy=large"", ""https://a0.muscache.com/im/pictures/0f6dbfe3-d596-4d2d-b804-b93e9e1706e4.jpg?aki_policy=large"", ""https://a0.muscache.com/im/pictures/050b227f-162e-47c2-9d81-512d083cb730.jpg?aki_policy=large"", ""https://a0.muscache.com/im/pictures/fa15663e-e92e-4837-9fce-8b8dae998c1e.jpg?aki_policy=large"", ""https://a0.muscache.com/im/pictures/30535aef-6335-4e56-84c3-f750728631bb.jpg?aki_policy=large"", ""https://a0.muscache.com/im/pictures/f3d3bf93-3a20-4d3e-956a-39836249d250.jpg?aki_policy=large"", ""https://a0.muscache.com/im/pictures/2636a6f0-52eb-4503-a38d-8873a46ddc7e.jpg?aki_policy=large""]";"{""beds"": 1, ""bedrooms"": 1, ""bathrooms"": 1.0, ""amenity_ids"": [1, 35, 4, 8, 40, 44], ""is_rebookable"": false, ""is_new_listing"": false, ""is_fully_refundable"": true, ""is_host_highly_rated"": true, ""is_business_travel_ready"": false}";"{""weekly_factor"": 1.0, ""monthly_factor"": 1.0}";2773;"";"{""is_superhost"": false}"
26826435;Charming & authentic 1 BD/1BTH near rue de Buci;entire_home;Paris;Saint Germain des Prés - Odéon;48.8546624429;2.33761752778;2;"[""https://a0.muscache.com/im/pictures/eac0e5c0-05aa-4949-b0e8-b8dab7ad9cec.jpg?aki_policy=large"", ""https://a0.muscache.com/im/pictures/9ecc4865-7f47-4c7a-bd2f-78cdcd065736.jpg?aki_policy=large"", ""https://a0.muscache.com/im/pictures/353eeb18-c4ea-49f3-af4c-6b64e283227b.jpg?aki_policy=large"", ""https://a0.muscache.com/im/pictures/a8f0fc36-ddf9-4a6e-86c3-82c9134c95ac.jpg?aki_policy=large"", ""https://a0.muscache.com/im/pictures/8072c3b8-ebb7-4dae-8dc6-9bdafdd05336.jpg?aki_policy=large"", ""https://a0.muscache.com/im/pictures/f92ad503-c2ac-4562-b244-bd008d380a24.jpg?aki_policy=large"", ""https://a0.muscache.com/im/pictures/8f471141-e1ab-4c8c-a4d8-501af75b19cc.jpg?aki_policy=large"", ""https://a0.muscache.com/im/pictures/0306f024-a709-4f77-8b8b-797eb4b85bbb.jpg?aki_policy=large"", ""https://a0.muscache.com/im/pictures/6ff465a6-39c5-4822-81fa-c9f2b85c23e4.jpg?aki_policy=large"", ""https://a0.muscache.com/im/pictures/f8f075f8-f79a-4c48-9dfb-f1ac6c3fe687.jpg?aki_policy=large"", ""https://a0.muscache.com/im/pictures/b244eaa1-39b9-43c1-b952-c914d6d7311c.jpg?aki_policy=large"", ""https://a0.muscache.com/im/pictures/26b695b1-2dc2-41db-a4ae-36949e577ced.jpg?aki_policy=large"", ""https://a0.muscache.com/im/pictures/884d9e31-e3bd-4e73-b2e4-29802e4d0325.jpg?aki_policy=large"", ""https://a0.muscache.com/im/pictures/2f849687-55d7-4e68-9b28-bd7f8ac191cf.jpg?aki_policy=large"", ""https://a0.muscache.com/im/pictures/884d4834-af1a-47ee-979f-f7c6385a306b.jpg?aki_policy=large"", ""https://a0.muscache.com/im/pictures/28db4cb2-dbde-49c1-8173-22f0290684d1.jpg?aki_policy=large"", ""https://a0.muscache.com/im/pictures/56522dbd-b957-49e2-ac65-eba80c59edce.jpg?aki_policy=large"", ""https://a0.muscache.com/im/pictures/4f6896d7-a37a-42f6-bb0e-9d46df90731d.jpg?aki_policy=large"", ""https://a0.muscache.com/im/pictures/f0c5f824-0154-441a-b805-5b8f3062ad11.jpg?aki_policy=large"", ""https://a0.muscache.com/im/pictures/8b72b85b-f170-48b3-bd1c-47c8054587fb.jpg?aki_policy=large"", ""https://a0.muscache.com/im/pictures/38a71571-ee61-4690-8a2d-b73324acc604.jpg?aki_policy=large"", ""https://a0.muscache.com/im/pictures/64e76ec3-a97f-4036-9112-a4fedcf4e52d.jpg?aki_policy=large"", ""https://a0.muscache.com/im/pictures/07475d0b-0c70-47f0-8895-31a97f8e06ca.jpg?aki_policy=large"", ""https://a0.muscache.com/im/pictures/396d475a-abce-458d-a463-02a4e3dcedb6.jpg?aki_policy=large"", ""https://a0.muscache.com/im/pictures/d62f0833-363c-444f-a746-044bca4a6379.jpg?aki_policy=large""]";"{""beds"": 1, ""bedrooms"": 1, ""bathrooms"": 1.0, ""amenity_ids"": [1, 33, 129, 34, 35, 4, 8, 40, 41, 10, 44, 45, 77, 46, 47, 30], ""is_rebookable"": false, ""is_new_listing"": false, ""is_fully_refundable"": true, ""is_host_highly_rated"": true, ""is_business_travel_ready"": false}";"{""weekly_factor"": 1.0, ""monthly_factor"": 1.0}";6686;"";"{""is_superhost"": false}"
26870487;10' EIFFEL TOWER !;entire_home;Paris;Commerce - Dupleix;48.8461731272;2.2886276454;2;"[""https://a0.muscache.com/im/pictures/6f6d41fc-ced6-464b-a88e-9e7046a3113b.jpg?aki_policy=large"", ""https://a0.muscache.com/im/pictures/181920a7-386d-441d-b9e9-fb022d258a38.jpg?aki_policy=large"", ""https://a0.muscache.com/im/pictures/fa7592b1-8d45-497b-9ed5-4a43a5427790.jpg?aki_policy=large"", ""https://a0.muscache.com/im/pictures/1fec3f74-501a-40de-b88e-e7e65de44282.jpg?aki_policy=large"", ""https://a0.muscache.com/im/pictures/37c69783-b682-451d-9f68-98a9d61f11d8.jpg?aki_policy=large"", ""https://a0.muscache.com/im/pictures/918d8288-7cda-4480-8769-f8cbe1810023.jpg?aki_policy=large"", ""https://a0.muscache.com/im/pictures/82469cea-5c3f-4680-b5fe-4cf4952dae11.jpg?aki_policy=large"", ""https://a0.muscache.com/im/pictures/c7549041-c79e-46e5-a10d-6bb377fe1350.jpg?aki_policy=large"", ""https://a0.muscache.com/im/pictures/9df8e10d-dd34-4cf1-b599-72a66eeeefc3.jpg?aki_policy=large""]";"{""beds"": 1, ""bedrooms"": 1, ""bathrooms"": 1.0, ""amenity_ids"": [98, 131, 4, 8, 40, 41, 10, 44, 77, 47, 21, 90, 91, 30, 94, 95], ""is_rebookable"": false, ""is_new_listing"": false, ""is_fully_refundable"": true, ""is_host_highly_rated"": true, ""is_business_travel_ready"": false}";"{""weekly_factor"": 0.95, ""monthly_factor"": 0.9}";5084;"";"{""is_superhost"": false}"
26882246;"partage chambre 12m"" et grand lit à porte maillot";shared_room;Paris;Ternes;48.8820295276;2.28632669526;1;"[""https://a0.muscache.com/im/pictures/06152d85-5dfb-498d-bfb0-47c96ef65308.jpg?aki_policy=large"", ""https://a0.muscache.com/im/pictures/2843c592-488b-4ada-adee-0d5565c7c493.jpg?aki_policy=large"", ""https://a0.muscache.com/im/pictures/73f1315a-4a86-4013-a262-753960b3a803.jpg?aki_policy=large"", ""https://a0.muscache.com/im/pictures/954892df-30d0-4e5c-be8e-2019203b6bc5.jpg?aki_policy=large"", ""https://a0.muscache.com/im/pictures/28b91ae5-3999-4a99-8744-482537293c05.jpg?aki_policy=large"", ""https://a0.muscache.com/im/pictures/f7cf9b8d-44b6-49cd-8bed-f71274532ef7.jpg?aki_policy=large"", ""https://a0.muscache.com/im/pictures/3e93986b-c871-4c93-bb7a-ad0d3a7e9dec.jpg?aki_policy=large"", ""https://a0.muscache.com/im/pictures/4276bc2a-0667-40a2-97c9-ff3509bca33e.jpg?aki_policy=large"", ""https://a0.muscache.com/im/pictures/f6357a36-f360-4852-915d-e6cb5504dcf7.jpg?aki_policy=large"", ""https://a0.muscache.com/im/pictures/d538dc8b-13d9-4da4-ac91-8d464f5afad7.jpg?aki_policy=large""]";"{""beds"": 1, ""bedrooms"": 1, ""bathrooms"": 1.0, ""amenity_ids"": [32, 1, 35, 131, 4, 8, 40, 10, 42, 11, 12, 77, 30], ""is_rebookable"": false, ""is_new_listing"": false, ""is_fully_refundable"": true, ""is_host_highly_rated"": false, ""is_business_travel_ready"": false}";"{""weekly_factor"": 1.0, ""monthly_factor"": 1.0}";2988;"";"{""is_superhost"": false}"
26898118;Charming room in the Marais;private_room;Paris;Le Marais;48.8583032652;2.36669729283;2;"[""https://a0.muscache.com/im/pictures/66709ac2-e269-45d6-a262-4912b01642a8.jpg?aki_policy=large"", ""https://a0.muscache.com/im/pictures/c793409f-ae3b-48f2-b376-69fdd0b7b8bf.jpg?aki_policy=large"", ""https://a0.muscache.com/im/pictures/b0bdd997-4afd-4c2d-8221-d26a1d3cfc71.jpg?aki_policy=large"", ""https://a0.muscache.com/im/pictures/6fc59c68-99ea-4a6d-9b2e-92641f5c3b08.jpg?aki_policy=large"", ""https://a0.muscache.com/im/pictures/52b2ed25-626f-4d4a-a034-db31dd30857a.jpg?aki_policy=large""]";"{""beds"": 1, ""bedrooms"": 1, ""bathrooms"": 1.0, ""amenity_ids"": [1, 33, 129, 4, 8, 40, 44, 77, 30, 46, 47], ""is_rebookable"": false, ""is_new_listing"": false, ""is_fully_refundable"": true, ""is_host_highly_rated"": true, ""is_business_travel_ready"": false}";"{""weekly_factor"": 1.0, ""monthly_factor"": 1.0}";3799;"";"{""is_superhost"": true}"
26970833;602 Magnifique Apartement  Marais-Grand Boulevard;entire_home;Paris;3e arrondissement;48.8673045827;2.35351052177;8;"[""https://a0.muscache.com/im/pictures/1e66f626-7d7c-4509-a92b-86db0c3c197e.jpg?aki_policy=large"", ""https://a0.muscache.com/im/pictures/bcdebee3-bae8-4910-95fd-4da2d757749b.jpg?aki_policy=large"", ""https://a0.muscache.com/im/pictures/62df91ed-7bbd-4548-aa04-46e07fd2f0ad.jpg?aki_policy=large"", ""https://a0.muscache.com/im/pictures/2a39196e-7bcb-492b-8896-42ceb5b0600d.jpg?aki_policy=large"", ""https://a0.muscache.com/im/pictures/ae647694-5e8e-40b3-a542-06779b45f624.jpg?aki_policy=large"", ""https://a0.muscache.com/im/pictures/f45d70a2-adaa-4452-b998-c7ed82f00d66.jpg?aki_policy=large"", ""https://a0.muscache.com/im/pictures/75b1b845-c0ea-4902-b2fb-840982e3b823.jpg?aki_policy=large"", ""https://a0.muscache.com/im/pictures/4e428a46-c645-46ba-babe-fdf95edb1827.jpg?aki_policy=large"", ""https://a0.muscache.com/im/pictures/d01de3e8-9445-4b94-ae20-820374626696.jpg?aki_policy=large"", ""https://a0.muscache.com/im/pictures/a44e1d85-b83b-4042-9646-aec57a8a75a4.jpg?aki_policy=large""]";"{""beds"": 2, ""bedrooms"": 2, ""bathrooms"": 2.0, ""amenity_ids"": [1, 4, 8, 40, 41, 42, 45, 77, 46, 21, 85, 86, 87, 57, 89, 90, 93, 30, 94], ""is_rebookable"": false, ""is_new_listing"": false, ""is_fully_refundable"": true, ""is_host_highly_rated"": false, ""is_business_travel_ready"": false}";"{""weekly_factor"": 1.0, ""monthly_factor"": 1.0}";6129;"";"{""is_superhost"": false}"
27016784;Family Voltaire;entire_home;Paris;11e arrondissement;48.852161993;2.39222735079;6;"[""https://a0.muscache.com/im/pictures/f5f368cd-ae92-49ca-ba1e-3789e4feced9.jpg?aki_policy=large"", ""https://a0.muscache.com/im/pictures/57f129ba-503f-4642-9bad-568a17b4aace.jpg?aki_policy=large"", ""https://a0.muscache.com/im/pictures/77e4aec6-0537-4759-b24d-7ae6b5ffebb0.jpg?aki_policy=large"", ""https://a0.muscache.com/im/pictures/63bc9552-572b-4cc7-92e3-4bc7a2e9d5b8.jpg?aki_policy=large"", ""https://a0.muscache.com/im/pictures/f6ee5741-1fd6-4334-95fa-3133871980c2.jpg?aki_policy=large"", ""https://a0.muscache.com/im/pictures/ed11adf8-b5c1-45d0-bbcc-573608311c65.jpg?aki_policy=large"", ""https://a0.muscache.com/im/pictures/8a98bd8e-62eb-46fc-84b1-0848bafec7d5.jpg?aki_policy=large"", ""https://a0.muscache.com/im/pictures/be4b6a31-2c82-4c17-820a-dfaf6af5f71e.jpg?aki_policy=large"", ""https://a0.muscache.com/im/pictures/0a4a66d4-0fa3-432e-ba6a-27e1cf5b1599.jpg?aki_policy=large"", ""https://a0.muscache.com/im/pictures/ffc8cea9-ce00-4325-b188-d3f3525d5a18.jpg?aki_policy=large"", ""https://a0.muscache.com/im/pictures/ca28d95b-5119-4f1f-9c7a-ccdb3877ed79.jpg?aki_policy=large"", ""https://a0.muscache.com/im/pictures/742c9118-23c0-4804-9c0e-4f1e40888c1b.jpg?aki_policy=large"", ""https://a0.muscache.com/im/pictures/a1a5f431-cda8-4a98-8a7e-a95ad5716cce.jpg?aki_policy=large"", ""https://a0.muscache.com/im/pictures/8494876d-d2e6-4e68-a7dc-03906ac95c98.jpg?aki_policy=large"", ""https://a0.muscache.com/im/pictures/9bc41ab8-a9b9-4e66-99a5-30ee7cdbc14c.jpg?aki_policy=large"", ""https://a0.muscache.com/im/pictures/11e6ca71-b0ab-4b2c-ab50-2163ad0ea495.jpg?aki_policy=large"", ""https://a0.muscache.com/im/pictures/60ea8e78-bc61-4823-aabe-9d109a16a9da.jpg?aki_policy=large"", ""https://a0.muscache.com/im/pictures/5a5a98cd-1ba1-4306-bae1-f65338917d1b.jpg?aki_policy=large"", ""https://a0.muscache.com/im/pictures/cf591653-048e-4b6f-98a3-0085914a264e.jpg?aki_policy=large"", ""https://a0.muscache.com/im/pictures/6bff8d7d-6ace-4cf0-9cdc-f985a72df41f.jpg?aki_policy=large"", ""https://a0.muscache.com/im/pictures/a3e69764-1861-4ae4-958f-6ead306ed4ff.jpg?aki_policy=large"", ""https://a0.muscache.com/im/pictures/07189ae8-5f65-47a3-b05b-cd1414e82da1.jpg?aki_policy=large"", ""https://a0.muscache.com/im/pictures/a5761c05-ea05-4c77-b559-897370a25fa8.jpg?aki_policy=large"", ""https://a0.muscache.com/im/pictures/f49cafe8-5a8d-4da3-b463-f2fbc3b1c7d0.jpg?aki_policy=large"", ""https://a0.muscache.com/im/pictures/6f3da4eb-f931-4410-996e-d17398d39ac5.jpg?aki_policy=large"", ""https://a0.muscache.com/im/pictures/5b78da9e-36d4-45fc-a992-ec619e11abf7.jpg?aki_policy=large"", ""https://a0.muscache.com/im/pictures/61735671-6682-42ea-ad39-815c008a88a2.jpg?aki_policy=large"", ""https://a0.muscache.com/im/pictures/c108563c-770d-41d8-b430-84fa70a390cb.jpg?aki_policy=large"", ""https://a0.muscache.com/im/pictures/9300b27b-1de5-4706-9e43-24dc6f9e66a2.jpg?aki_policy=large"", ""https://a0.muscache.com/im/pictures/d2a095c5-7efe-4a0c-bdf7-714c765367e0.jpg?aki_policy=large""]";"{""beds"": 3, ""bedrooms"": 3, ""bathrooms"": 2.0, ""amenity_ids"": [1, 33, 2, 34, 4, 21, 8, 45, 30, 46], ""is_rebookable"": false, ""is_new_listing"": true, ""is_fully_refundable"": false, ""is_host_highly_rated"": true, ""is_business_travel_ready"": false}";"{""weekly_factor"": 1.0, ""monthly_factor"": 1.0}";4183;"";"{""is_superhost"": false}"
27030906;Paris: Appartement à 2mn à pied des Champs Elysées;entire_home;Paris;Champs-Elysées;48.8713771134;2.31220422499;4;"[""https://a0.muscache.com/im/pictures/619a8484-a7f4-4b9c-9152-f554e4ec6051.jpg?aki_policy=large"", ""https://a0.muscache.com/im/pictures/8cc329bb-36b7-45cb-99bd-e8ba1a7499ac.jpg?aki_policy=large"", ""https://a0.muscache.com/im/pictures/117b4c49-b9cc-425b-9ea5-61de482d62c3.jpg?aki_policy=large"", ""https://a0.muscache.com/im/pictures/cae2d904-5c4a-4c5a-9dba-743ec69e92a1.jpg?aki_policy=large"", ""https://a0.muscache.com/im/pictures/10ea26f9-a9be-4d94-8419-16b51ccbd9e4.jpg?aki_policy=large"", ""https://a0.muscache.com/im/pictures/6a2621fd-2114-4184-8ad9-455b59a77869.jpg?aki_policy=large"", ""https://a0.muscache.com/im/pictures/98df41d7-3199-4cb5-ad58-a4ecf416ddb9.jpg?aki_policy=large""]";"{""beds"": 2, ""bedrooms"": 2, ""bathrooms"": 1.5, ""amenity_ids"": [1, 33, 2, 34, 4, 8, 40, 41, 44, 45, 77, 21, 85, 86, 88, 57, 30], ""is_rebookable"": false, ""is_new_listing"": false, ""is_fully_refundable"": true, ""is_host_highly_rated"": false, ""is_business_travel_ready"": false}";"{""weekly_factor"": 0.64, ""monthly_factor"": 1.0}";5326;"";"{""is_superhost"": false}"
27046394;Beau studio proche du Canal Saint Martin;entire_home;Paris;République;48.8703164623;2.36841634091;2;"[""https://a0.muscache.com/im/pictures/2aa96275-3760-4927-a8d5-658da16688eb.jpg?aki_policy=large"", ""https://a0.muscache.com/im/pictures/ba800fb7-c18a-4b2b-80d3-6972457f2963.jpg?aki_policy=large"", ""https://a0.muscache.com/im/pictures/311e3ba0-5293-48d9-988d-663d10634adc.jpg?aki_policy=large"", ""https://a0.muscache.com/im/pictures/d9c40bac-f499-455e-89a7-4483dfc1069e.jpg?aki_policy=large"", ""https://a0.muscache.com/im/pictures/b9dc225e-ab34-4fc1-bbbe-4656e3b7b0a7.jpg?aki_policy=large"", ""https://a0.muscache.com/im/pictures/9b9eaa9d-7d3f-4c03-b864-49f0cab8f026.jpg?aki_policy=large"", ""https://a0.muscache.com/im/pictures/ddeab6f2-b073-4e8d-9788-fb8761c21ca6.jpg?aki_policy=large"", ""https://a0.muscache.com/im/pictures/7eb1e8df-8253-453a-a1ef-beb26ba275bf.jpg?aki_policy=large""]";"{""beds"": 1, ""bedrooms"": 0, ""bathrooms"": 1.0, ""amenity_ids"": [1, 33, 34, 35, 8, 40, 41, 44, 77, 47, 85, 57, 90, 91, 92, 93, 30, 95], ""is_rebookable"": false, ""is_new_listing"": false, ""is_fully_refundable"": true, ""is_host_highly_rated"": false, ""is_business_travel_ready"": false}";"{""weekly_factor"": 1.0, ""monthly_factor"": 1.0}";740;"";"{""is_superhost"": false}"
27073982;Cosy 1BR - Bastille/Nation;entire_home;Paris;11e arrondissement;48.8546643161;2.38732809143;4;"[""https://a0.muscache.com/im/pictures/1401e024-66cc-42f7-b929-5ca450a7e425.jpg?aki_policy=large"", ""https://a0.muscache.com/im/pictures/54043e0a-53ec-4fba-b257-6c52dfb6615f.jpg?aki_policy=large"", ""https://a0.muscache.com/im/pictures/333f7605-34cb-406f-bc8e-e0b73697a414.jpg?aki_policy=large"", ""https://a0.muscache.com/im/pictures/c6811740-1bce-49f2-9628-22e96d2e28ec.jpg?aki_policy=large"", ""https://a0.muscache.com/im/pictures/6338ca69-c3ea-4da7-b6a5-bec99d033b67.jpg?aki_policy=large"", ""https://a0.muscache.com/im/pictures/b109305e-ceb8-4a0c-851e-7de02865b215.jpg?aki_policy=large"", ""https://a0.muscache.com/im/pictures/bc7edb20-5d25-4faa-8262-6b979281f0cc.jpg?aki_policy=large"", ""https://a0.muscache.com/im/pictures/db669ae1-70d3-4c8a-a7c1-d3bd692fcf2d.jpg?aki_policy=large"", ""https://a0.muscache.com/im/pictures/b0b3a676-9c3a-40f1-a4cb-74116429ca0a.jpg?aki_policy=large"", ""https://a0.muscache.com/im/pictures/6b83739f-c29d-400a-b81e-f0b4b7508814.jpg?aki_policy=large"", ""https://a0.muscache.com/im/pictures/74f7cd20-3bd8-4ee1-ba08-bff13a67c0c4.jpg?aki_policy=large"", ""https://a0.muscache.com/im/pictures/e23049e6-3d75-44fb-8485-89c1f0cd1e41.jpg?aki_policy=large"", ""https://a0.muscache.com/im/pictures/6f3dc770-f7f9-40b4-a3a3-6bdafd36df78.jpg?aki_policy=large"", ""https://a0.muscache.com/im/pictures/8c4aff9c-2e76-445e-bdbf-955a4d76b4f3.jpg?aki_policy=large"", ""https://a0.muscache.com/im/pictures/36104188-3f1b-4c3e-a3b4-3240773da887.jpg?aki_policy=large"", ""https://a0.muscache.com/im/pictures/8396b2e0-d5ad-427f-a814-6ce20ff96977.jpg?aki_policy=large"", ""https://a0.muscache.com/im/pictures/6d4787a6-99e9-42b0-8153-07561804989e.jpg?aki_policy=large"", ""https://a0.muscache.com/im/pictures/4cffa5c9-a85e-4c01-81aa-5391eb7893b6.jpg?aki_policy=large"", ""https://a0.muscache.com/im/pictures/a6ef8941-7a67-4239-ac2f-87272e96d232.jpg?aki_policy=large"", ""https://a0.muscache.com/im/pictures/c3694d2c-fe53-4c41-978b-44303256f8a9.jpg?aki_policy=large"", ""https://a0.muscache.com/im/pictures/d1e74f79-bb2e-41c7-926b-5bfd19eb044b.jpg?aki_policy=large"", ""https://a0.muscache.com/im/pictures/103f07ff-a02c-4a51-be84-fbbd2aa739e7.jpg?aki_policy=large"", ""https://a0.muscache.com/im/pictures/8294e27f-a316-4797-8093-e572eb1b462f.jpg?aki_policy=large""]";"{""beds"": 1, ""bedrooms"": 1, ""bathrooms"": 1.0, ""amenity_ids"": [1, 35, 4, 36, 37, 39, 8, 40, 41, 10, 44, 45, 46, 47, 30], ""is_rebookable"": false, ""is_new_listing"": false, ""is_fully_refundable"": true, ""is_host_highly_rated"": false, ""is_business_travel_ready"": false}";"{""weekly_factor"": 1.0, ""monthly_factor"": 1.0}";817;"";"{""is_superhost"": false}"
27074583;Amazing apartment - 6P/2BR - Canal Saint Martin;entire_home;Paris;10e arrondissement;48.8740637861;2.37265429363;6;"[""https://a0.muscache.com/im/pictures/94e20f93-7c19-4aec-8f83-a2b077a20303.jpg?aki_policy=large"", ""https://a0.muscache.com/im/pictures/5cc403c6-8040-4170-89be-1f5aae5c513c.jpg?aki_policy=large"", ""https://a0.muscache.com/im/pictures/ebb2fc4b-6a04-4128-a6ab-e78d9458ef14.jpg?aki_policy=large"", ""https://a0.muscache.com/im/pictures/7a0be6df-0f8e-4309-92b3-e6ff56340b02.jpg?aki_policy=large"", ""https://a0.muscache.com/im/pictures/6da5d445-b60b-4d98-b2d5-fb536b8e493e.jpg?aki_policy=large"", ""https://a0.muscache.com/im/pictures/994d472f-d23b-4638-a2db-da931f393ed4.jpg?aki_policy=large"", ""https://a0.muscache.com/im/pictures/3b10fe5e-1111-4d53-b1e6-be15412c44b7.jpg?aki_policy=large"", ""https://a0.muscache.com/im/pictures/44cc412f-e2e9-415f-ac77-86150399cabd.jpg?aki_policy=large"", ""https://a0.muscache.com/im/pictures/e77ee163-5d4c-4d32-ac2f-3316f9a51808.jpg?aki_policy=large"", ""https://a0.muscache.com/im/pictures/00570603-f7bb-47a9-8541-02e63f5535b4.jpg?aki_policy=large"", ""https://a0.muscache.com/im/pictures/724ef672-3154-4d6f-b250-588022498b65.jpg?aki_policy=large"", ""https://a0.muscache.com/im/pictures/5db0b727-0425-4a59-a22a-c968407e683c.jpg?aki_policy=large"", ""https://a0.muscache.com/im/pictures/4aea7eea-f26d-428f-9e4c-665ed352130b.jpg?aki_policy=large"", ""https://a0.muscache.com/im/pictures/6f9c7be5-95be-4d16-9e0e-5b61b95289bf.jpg?aki_policy=large"", ""https://a0.muscache.com/im/pictures/7a08620e-24b5-4018-ae42-28ba020c7c10.jpg?aki_policy=large""]";"{""beds"": 3, ""bedrooms"": 2, ""bathrooms"": 2.0, ""amenity_ids"": [1, 33, 35, 4, 8, 40, 41, 44, 45, 46, 47, 57, 30], ""is_rebookable"": false, ""is_new_listing"": false, ""is_fully_refundable"": true, ""is_host_highly_rated"": false, ""is_business_travel_ready"": false}";"{""weekly_factor"": 1.0, ""monthly_factor"": 1.0}";5635;"";"{""is_superhost"": false}"
27106213;Charmant studio de 15 m2 à Gare de Lyon;entire_home;Paris;Bastille;48.8469866853;2.37965898477;2;"[""https://a0.muscache.com/im/pictures/e4bac045-22b9-4650-946f-c2f810de6f4d.jpg?aki_policy=large"", ""https://a0.muscache.com/im/pictures/f63f97e6-824f-4601-bef4-2ced88d4f303.jpg?aki_policy=large"", ""https://a0.muscache.com/im/pictures/d4d47161-22e8-47f1-93b4-b882d41c9bfc.jpg?aki_policy=large"", ""https://a0.muscache.com/im/pictures/bda745e3-b9b7-4f57-b23c-aa9ffa3afb6c.jpg?aki_policy=large"", ""https://a0.muscache.com/im/pictures/3adde7e9-5458-4fbd-bdc7-128eae0c1587.jpg?aki_policy=large"", ""https://a0.muscache.com/im/pictures/4576b5fe-0ec4-4582-90e0-f8e399f46435.jpg?aki_policy=large"", ""https://a0.muscache.com/im/pictures/d3d89f77-8f9f-43bc-bd85-df7f6f2ba899.jpg?aki_policy=large"", ""https://a0.muscache.com/im/pictures/bea4635d-3ce2-4f01-a923-3433e746cb36.jpg?aki_policy=large""]";"{""beds"": 1, ""bedrooms"": 0, ""bathrooms"": 1.0, ""amenity_ids"": [1, 129, 4, 8, 40, 41, 10, 11, 44, 77, 47, 85, 86, 56, 30], ""is_rebookable"": false, ""is_new_listing"": false, ""is_fully_refundable"": true, ""is_host_highly_rated"": false, ""is_business_travel_ready"": false}";"{""weekly_factor"": 0.85, ""monthly_factor"": 0.51}";4161;"";"{""is_superhost"": false}"
27120157;Chambre Privée chez l'habitant;private_room;Paris;Père Lachaise - Ménilmontant;48.859965274;2.40262369474;2;"[""https://a0.muscache.com/im/pictures/4c123898-731c-4fc9-8996-4d51db805f2d.jpg?aki_policy=large"", ""https://a0.muscache.com/im/pictures/a8c0fa18-6d34-4d63-8653-4a83cb6159c5.jpg?aki_policy=large"", ""https://a0.muscache.com/im/pictures/b04d6adb-cf8c-4402-a56d-6d424ee90065.jpg?aki_policy=large"", ""https://a0.muscache.com/im/pictures/1aa1e9c6-05e8-4cc2-a579-9ead3981005a.jpg?aki_policy=large"", ""https://a0.muscache.com/im/pictures/5e4e9197-5c5a-4391-bc0e-1a226167edfd.jpg?aki_policy=large"", ""https://a0.muscache.com/im/pictures/4bc31726-ad32-4af7-b0ab-b47fa63d57b0.jpg?aki_policy=large"", ""https://a0.muscache.com/im/pictures/89e05d4a-0509-4bec-8b71-0652be7eea36.jpg?aki_policy=large"", ""https://a0.muscache.com/im/pictures/1be3e772-706f-4ee0-9b90-9f080bce1be2.jpg?aki_policy=large"", ""https://a0.muscache.com/im/pictures/d171f822-82bc-4818-854b-94299fe79d65.jpg?aki_policy=large"", ""https://a0.muscache.com/im/pictures/23ee674e-3c9e-47e4-9b4e-db5382950d58.jpg?aki_policy=large"", ""https://a0.muscache.com/im/pictures/0c7cd4c7-a7e7-4c35-8173-ae1d843263aa.jpg?aki_policy=large"", ""https://a0.muscache.com/im/pictures/becc1ffa-550c-4089-a028-382cd7f1c8f6.jpg?aki_policy=large"", ""https://a0.muscache.com/im/pictures/dd59543d-a9e5-403b-893d-1bd666c65797.jpg?aki_policy=large""]";"{""beds"": 1, ""bedrooms"": 1, ""bathrooms"": 1.0, ""amenity_ids"": [33, 34, 35, 4, 40, 41, 11, 45, 30], ""is_rebookable"": false, ""is_new_listing"": false, ""is_fully_refundable"": true, ""is_host_highly_rated"": false, ""is_business_travel_ready"": false}";"{""weekly_factor"": 1.0, ""monthly_factor"": 1.0}";1919;"";"{""is_superhost"": false}"
27122024;Cosy Studio Top floor Buttes Chaumont Park;entire_home;Paris;Buttes-Chaumont - Belleville;48.8790960564;2.37841030726;3;"[""https://a0.muscache.com/im/pictures/05e55d54-28b5-4f24-83ca-a625a253e32a.jpg?aki_policy=large"", ""https://a0.muscache.com/im/pictures/08514ddb-f9bc-4203-90a0-cfe52431bb50.jpg?aki_policy=large"", ""https://a0.muscache.com/im/pictures/aac957a1-a74b-4ba8-83a7-e4c25810a939.jpg?aki_policy=large"", ""https://a0.muscache.com/im/pictures/583ecd07-fae1-4c65-a581-c6fad42f9419.jpg?aki_policy=large"", ""https://a0.muscache.com/im/pictures/5a5dfb5d-c1c1-4fdb-96db-145abca4a920.jpg?aki_policy=large"", ""https://a0.muscache.com/im/pictures/6553ec0b-56ba-426c-a215-25d4a4465969.jpg?aki_policy=large"", ""https://a0.muscache.com/im/pictures/7e34a7da-162d-4520-8c0e-32ac4290494a.jpg?aki_policy=large"", ""https://a0.muscache.com/im/pictures/d063708f-265b-4899-b183-6cb7b879f747.jpg?aki_policy=large"", ""https://a0.muscache.com/im/pictures/fb8ac81c-c115-4912-ae4f-054bdc6e3dfd.jpg?aki_policy=large"", ""https://a0.muscache.com/im/pictures/f264d550-a699-4229-a85c-4b0f6d295136.jpg?aki_policy=large"", ""https://a0.muscache.com/im/pictures/90e81e4b-807b-4397-a666-07e6f21969f1.jpg?aki_policy=large"", ""https://a0.muscache.com/im/pictures/386dfcd0-5692-4ea1-b271-85d90faf6a1b.jpg?aki_policy=large"", ""https://a0.muscache.com/im/pictures/dbd6e9f3-f954-4122-ba8f-98e841d0daf1.jpg?aki_policy=large"", ""https://a0.muscache.com/im/pictures/9199e6db-183c-4105-87b0-baae30cea19b.jpg?aki_policy=large""]";"{""beds"": 2, ""bedrooms"": 1, ""bathrooms"": 0.0, ""amenity_ids"": [96, 1, 2, 35, 4, 36, 38, 39, 40, 41, 10, 11, 44, 47, 21, 85, 86, 87, 89, 90, 28, 30], ""is_rebookable"": false, ""is_new_listing"": false, ""is_fully_refundable"": true, ""is_host_highly_rated"": false, ""is_business_travel_ready"": false}";"{""weekly_factor"": 0.95, ""monthly_factor"": 0.9}";6025;"";"{""is_superhost"": false}"
27144751;Magnifique studio - Montorgueil;entire_home;Paris;2e arrondissement;48.8681074199;2.34827320127;4;"[""https://a0.muscache.com/im/pictures/0a05cd5d-c0da-4576-8544-87209a84dce7.jpg?aki_policy=large"", ""https://a0.muscache.com/im/pictures/19b74f0a-bf1e-43c2-891b-77b0a6a9c4bf.jpg?aki_policy=large"", ""https://a0.muscache.com/im/pictures/31ceafb0-9cb5-4d7c-a741-8ffa020df1a4.jpg?aki_policy=large"", ""https://a0.muscache.com/im/pictures/74d83510-084a-49fa-bafe-5b7bf570309b.jpg?aki_policy=large"", ""https://a0.muscache.com/im/pictures/318f5da2-ab72-439e-b8fd-7fd54c5ecc56.jpg?aki_policy=large"", ""https://a0.muscache.com/im/pictures/4bf2fdab-fd9f-4d19-b453-114ee1664b68.jpg?aki_policy=large"", ""https://a0.muscache.com/im/pictures/c42ad3b4-9986-4775-aad5-20648435dd03.jpg?aki_policy=large"", ""https://a0.muscache.com/im/pictures/62d26737-f904-4da1-9548-ca8a7215460a.jpg?aki_policy=large"", ""https://a0.muscache.com/im/pictures/843e1af7-bbdd-4094-811b-a292003d5de2.jpg?aki_policy=large"", ""https://a0.muscache.com/im/pictures/7b42b2e9-1989-4c46-acd5-0fbb368b8dbe.jpg?aki_policy=large"", ""https://a0.muscache.com/im/pictures/5c4b00cf-1a31-445c-bfd2-5aad9347c2f1.jpg?aki_policy=large"", ""https://a0.muscache.com/im/pictures/01c96dc2-7804-43b1-93dc-60ba3bf6a19d.jpg?aki_policy=large"", ""https://a0.muscache.com/im/pictures/e9a228ca-58c0-4258-97f3-c916759899fa.jpg?aki_policy=large"", ""https://a0.muscache.com/im/pictures/fd1d8204-fd87-4087-9031-a8c0675fa72b.jpg?aki_policy=large"", ""https://a0.muscache.com/im/pictures/dae1abea-966a-4fc3-84a1-45c86d62005d.jpg?aki_policy=large"", ""https://a0.muscache.com/im/pictures/78017723-2c7c-4f05-b0c8-3d8aa793fc57.jpg?aki_policy=large"", ""https://a0.muscache.com/im/pictures/58968365-2c1d-4cb6-9b8e-541c38853b55.jpg?aki_policy=large"", ""https://a0.muscache.com/im/pictures/5882bc04-9f3e-40ee-a7d1-96ee2123b114.jpg?aki_policy=large"", ""https://a0.muscache.com/im/pictures/708ce990-c20f-4829-b2a0-87ff9ac294cd.jpg?aki_policy=large"", ""https://a0.muscache.com/im/pictures/47dbf9a8-cc78-431e-a7e9-c0a29c1959c0.jpg?aki_policy=large""]";"{""beds"": 2, ""bedrooms"": 0, ""bathrooms"": 1.0, ""amenity_ids"": [1, 35, 4, 8, 40, 41, 57, 44, 45, 30, 46, 47], ""is_rebookable"": false, ""is_new_listing"": false, ""is_fully_refundable"": true, ""is_host_highly_rated"": true, ""is_business_travel_ready"": false}";"{""weekly_factor"": 1.0, ""monthly_factor"": 1.0}";4275;"";"{""is_superhost"": false}"
27147284;havre de paix pour deux personnes;private_room;Paris;Saint-Michel;48.8487572424;2.34321511675;2;"[""https://a0.muscache.com/im/pictures/64332fe4-49d0-461e-a27e-916360f650cc.jpg?aki_policy=large"", ""https://a0.muscache.com/im/pictures/e99ed067-43a3-474d-a6f5-2a9e32b3c058.jpg?aki_policy=large"", ""https://a0.muscache.com/im/pictures/134bcc97-d191-4f3d-9622-16473b68bce9.jpg?aki_policy=large"", ""https://a0.muscache.com/im/pictures/9c3646d8-29df-4996-bcbf-fe296ea3e895.jpg?aki_policy=large"", ""https://a0.muscache.com/im/pictures/16a6475b-b55c-4bb6-bf5a-0671120f4d79.jpg?aki_policy=large"", ""https://a0.muscache.com/im/pictures/a919c435-fd78-4997-b5d6-16aae9b85109.jpg?aki_policy=large"", ""https://a0.muscache.com/im/pictures/7130e5e6-3826-4636-a505-9a6a3f501eed.jpg?aki_policy=large"", ""https://a0.muscache.com/im/pictures/2087ee4c-8a59-43aa-a30b-6765e321a2df.jpg?aki_policy=large"", ""https://a0.muscache.com/im/pictures/b6dd791a-f9e3-49eb-adcb-947e99cbbe08.jpg?aki_policy=large"", ""https://a0.muscache.com/im/pictures/2ccca415-7052-46d2-8ad0-8219bac4bebf.jpg?aki_policy=large""]";"{""beds"": 1, ""bedrooms"": 1, ""bathrooms"": 1.0, ""amenity_ids"": [128, 1, 2, 4, 5, 136, 77, 15, 86, 87, 35, 100, 37, 39, 103, 40, 45, 46, 110, 111, 112, 51, 115, 116, 117, 118, 55, 120, 121, 122, 123, 124, 61, 125, 126, 127], ""is_rebookable"": false, ""is_new_listing"": false, ""is_fully_refundable"": true, ""is_host_highly_rated"": false, ""is_business_travel_ready"": false}";"{""weekly_factor"": 1.0, ""monthly_factor"": 1.0}";4962;"";"{""is_superhost"": false}"
27154343;Agréable studio proche des jardins du luxembourg;entire_home;Paris;Saint Germain des Prés - Odéon;48.8464239293;2.33186966126;4;"[""https://a0.muscache.com/im/pictures/542bd8e5-b5d9-49f7-a47c-794fffce197e.jpg?aki_policy=large"", ""https://a0.muscache.com/im/pictures/fa76359b-6fb5-47db-9171-b4ccf8e0f7bf.jpg?aki_policy=large"", ""https://a0.muscache.com/im/pictures/e505b478-909f-4fb6-a86a-70d3812267c1.jpg?aki_policy=large"", ""https://a0.muscache.com/im/pictures/ba56dd40-77d8-4fd6-8719-e97f22e98cc3.jpg?aki_policy=large"", ""https://a0.muscache.com/im/pictures/0772fc3b-a674-4bc7-890f-4dbd1b93537a.jpg?aki_policy=large"", ""https://a0.muscache.com/im/pictures/ae2605ef-7ba9-4791-bbf5-9fa93a7743e9.jpg?aki_policy=large"", ""https://a0.muscache.com/im/pictures/1ae2178f-7baf-4c48-b60b-b4030b5392b0.jpg?aki_policy=large"", ""https://a0.muscache.com/im/pictures/67867b28-c5d0-460e-9c94-7b0df2b14b1e.jpg?aki_policy=large"", ""https://a0.muscache.com/im/pictures/1e47c9ae-af69-4ef1-bc2b-81cea0c9f568.jpg?aki_policy=large""]";"{""beds"": 2, ""bedrooms"": 0, ""bathrooms"": 1.0, ""amenity_ids"": [33, 3, 35, 4, 21, 8, 40, 41, 44, 45, 30, 46], ""is_rebookable"": false, ""is_new_listing"": false, ""is_fully_refundable"": true, ""is_host_highly_rated"": true, ""is_business_travel_ready"": false}";"{""weekly_factor"": 0.9, ""monthly_factor"": 0.8}";7709;"";"{""is_superhost"": false}"
27154828;Bed in a 4 bed Female Dormitory in the heart of 9th district of Paris;shared_room;Paris;Gare du Nord - Gare de I'Est;48.8809520383;2.34703540945;1;"[""https://a0.muscache.com/im/pictures/5b7439ca-56e9-421b-a262-328d0422b20b.jpg?aki_policy=large"", ""https://a0.muscache.com/im/pictures/ecca0605-32cf-4e43-a4bd-02687f6efe00.jpg?aki_policy=large"", ""https://a0.muscache.com/im/pictures/de5a5aeb-8b56-4325-aaad-71d375dd5edc.jpg?aki_policy=large"", ""https://a0.muscache.com/im/pictures/dbc8f23b-0231-4b46-bae9-badd5ae67745.jpg?aki_policy=large"", ""https://a0.muscache.com/im/pictures/d04b22d9-589a-46ff-ad15-5531bd4b271e.jpg?aki_policy=large"", ""https://a0.muscache.com/im/pictures/9060f61b-2736-472e-923a-6436c6e6eb3d.jpg?aki_policy=large"", ""https://a0.muscache.com/im/pictures/34511b05-b5e0-45a3-b03a-9f9e6579d46a.jpg?aki_policy=large"", ""https://a0.muscache.com/im/pictures/3f126abe-6ca5-4398-b939-e63b8f94423f.jpg?aki_policy=large"", ""https://a0.muscache.com/im/pictures/e6c6704a-0956-450c-917a-48f057e231e2.jpg?aki_policy=large"", ""https://a0.muscache.com/im/pictures/69b45cc0-68c9-49f0-ae05-92c404ce3400.jpg?aki_policy=large"", ""https://a0.muscache.com/im/pictures/c8456a51-f780-4bf4-8d24-4283a8dae968.jpg?aki_policy=large""]";"{""beds"": 1, ""bedrooms"": 1, ""bathrooms"": 1.0, ""amenity_ids"": [3, 35, 4, 21, 38, 39, 45], ""is_rebookable"": false, ""is_new_listing"": false, ""is_fully_refundable"": true, ""is_host_highly_rated"": false, ""is_business_travel_ready"": false}";"{""weekly_factor"": 1.0, ""monthly_factor"": 1.0}";7178;"";"{""is_superhost"": false}"
27155448;Quadruple room in hotel near Gare du Nord;private_room;Paris;Gare du Nord - Gare de I'Est;48.881289647;2.35200175321;4;"[""https://a0.muscache.com/im/pictures/1e887e05-a85c-4f5b-bf94-68a2391ca9b9.jpg?aki_policy=large"", ""https://a0.muscache.com/im/pictures/362bd1de-5182-4cdd-ad94-f5273f6c6293.jpg?aki_policy=large"", ""https://a0.muscache.com/im/pictures/7357cc7e-c63b-4246-a89b-b9b0ffbd0fbd.jpg?aki_policy=large"", ""https://a0.muscache.com/im/pictures/7efb2ca3-02b2-4256-8dec-6e42aca37324.jpg?aki_policy=large"", ""https://a0.muscache.com/im/pictures/c443fc31-9e79-4ee5-af31-5ef3fafd2135.jpg?aki_policy=large"", ""https://a0.muscache.com/im/pictures/a27f8561-b815-4f84-ab31-195f8e0e6fc0.jpg?aki_policy=large"", ""https://a0.muscache.com/im/pictures/98f0637a-b9f6-4fa8-b5a7-5d7a87e1aafc.jpg?aki_policy=large"", ""https://a0.muscache.com/im/pictures/3751cf29-e993-471b-8660-6d2a1c01e31d.jpg?aki_policy=large"", ""https://a0.muscache.com/im/pictures/6ecf6e56-530d-4350-af36-281ed4f48d4d.jpg?aki_policy=large"", ""https://a0.muscache.com/im/pictures/02229378-ed45-4df9-b360-657974a69df4.jpg?aki_policy=large""]";"{""beds"": 3, ""bedrooms"": 1, ""bathrooms"": 1.0, ""amenity_ids"": [3, 35, 4, 21, 37, 38, 39, 31], ""is_rebookable"": false, ""is_new_listing"": false, ""is_fully_refundable"": true, ""is_host_highly_rated"": false, ""is_business_travel_ready"": false}";"{""weekly_factor"": 1.0, ""monthly_factor"": 1.0}";4580;"";"{""is_superhost"": false}"
27196320;Appartement standing proche de l'Arc de Triomphe;entire_home;Paris;Passy;48.8756880078;2.28541049661;2;"[""https://a0.muscache.com/im/pictures/fcee65b0-4235-4847-81a7-39ac0db0f629.jpg?aki_policy=large"", ""https://a0.muscache.com/im/pictures/c4b55098-ed12-4c75-b128-ab65c0966106.jpg?aki_policy=large""]";"{""beds"": 1, ""bedrooms"": 1, ""bathrooms"": 1.0, ""amenity_ids"": [1, 33, 129, 2, 4, 8, 40, 41, 44, 45, 46, 47, 16, 21, 56, 28, 30], ""is_rebookable"": false, ""is_new_listing"": false, ""is_fully_refundable"": true, ""is_host_highly_rated"": false, ""is_business_travel_ready"": false}";"{""weekly_factor"": 1.0, ""monthly_factor"": 1.0}";3188;"";"{""is_superhost"": false}"
27218152;Studio spacieux et lumineux au cœur de Paris;entire_home;Paris;Nation;48.8545618793;2.40135419755;3;"[""https://a0.muscache.com/im/pictures/d5a7d4b6-0628-49f3-83bb-af58fc6e47cb.jpg?aki_policy=large"", ""https://a0.muscache.com/im/pictures/8c7a079a-8981-4558-bdc2-3b6e0c88f114.jpg?aki_policy=large"", ""https://a0.muscache.com/im/pictures/64f91c08-f287-4b21-96c5-c8ccd1faccf7.jpg?aki_policy=large"", ""https://a0.muscache.com/im/pictures/8ae469ba-7ba5-4c4e-9e55-1bb0386cf948.jpg?aki_policy=large"", ""https://a0.muscache.com/im/pictures/7142ffcd-6e5e-42a2-abf3-65217a08ca61.jpg?aki_policy=large"", ""https://a0.muscache.com/im/pictures/29ab3097-61fd-481b-bd89-5da78ca5cc0d.jpg?aki_policy=large"", ""https://a0.muscache.com/im/pictures/c9cac0c1-86ee-414b-be91-96541ac4f33e.jpg?aki_policy=large"", ""https://a0.muscache.com/im/pictures/4dcb8c3d-5f7a-4dce-af5e-b1401a7a01f2.jpg?aki_policy=large"", ""https://a0.muscache.com/im/pictures/066a895e-e81b-4475-8f3d-54de179a0935.jpg?aki_policy=large"", ""https://a0.muscache.com/im/pictures/eb5c88f4-abbb-49fe-83d0-6e5068d3b3b4.jpg?aki_policy=large"", ""https://a0.muscache.com/im/pictures/55c75f3d-a08c-4e2c-8ec6-2e9f90573afe.jpg?aki_policy=large"", ""https://a0.muscache.com/im/pictures/bb86c366-b5cb-4898-8cb6-534317a5a75c.jpg?aki_policy=large""]";"{""beds"": 2, ""bedrooms"": 0, ""bathrooms"": 1.0, ""amenity_ids"": [33, 34, 3, 35, 4, 8, 40, 41, 44, 45, 47, 21, 30], ""is_rebookable"": false, ""is_new_listing"": false, ""is_fully_refundable"": true, ""is_host_highly_rated"": true, ""is_business_travel_ready"": false}";"{""weekly_factor"": 1.0, ""monthly_factor"": 1.0}";4077;"";"{""is_superhost"": false}"
27259692;Agréable Studio;entire_home;Paris;Nation;48.8469100656;2.4016386253;2;"[""https://a0.muscache.com/im/pictures/e6e1164c-c80c-495b-b708-91e99c6282ed.jpg?aki_policy=large"", ""https://a0.muscache.com/im/pictures/73c6b794-920a-4cc8-9a43-3a7b51249cf9.jpg?aki_policy=large"", ""https://a0.muscache.com/im/pictures/d37c0f8e-da4f-4d4a-afb6-f7406d3dce0a.jpg?aki_policy=large"", ""https://a0.muscache.com/im/pictures/ee5d09ce-259f-44b1-b49e-e6dd789b9164.jpg?aki_policy=large""]";"{""beds"": 1, ""bedrooms"": 0, ""bathrooms"": 1.0, ""amenity_ids"": [33, 21, 8, 27, 44], ""is_rebookable"": false, ""is_new_listing"": false, ""is_fully_refundable"": true, ""is_host_highly_rated"": true, ""is_business_travel_ready"": false}";"{""weekly_factor"": 1.0, ""monthly_factor"": 1.0}";4759;"";"{""is_superhost"": false}"
27260643;Deux pièces avec balcon plein sud - Le Marais;entire_home;Paris;Châtelet - Les Halles - Beaubourg;48.8631144106;2.35295422343;4;"[""https://a0.muscache.com/im/pictures/5a9c4246-e70b-4ab0-bee7-3b166830a7b8.jpg?aki_policy=large"", ""https://a0.muscache.com/im/pictures/a8858a30-eaef-4ebd-b24a-1bde5ce7433e.jpg?aki_policy=large"", ""https://a0.muscache.com/im/pictures/c96dc9b4-6ca4-4a95-bc4f-9ace39507efd.jpg?aki_policy=large"", ""https://a0.muscache.com/im/pictures/5e06b3d8-bc63-48ad-8031-bc92f1fe3a88.jpg?aki_policy=large"", ""https://a0.muscache.com/im/pictures/fb7c5498-387e-4c5b-a76d-f53c9fc29cab.jpg?aki_policy=large"", ""https://a0.muscache.com/im/pictures/bdf5096b-6f7e-4e39-88a6-716e29140da2.jpg?aki_policy=large"", ""https://a0.muscache.com/im/pictures/b1db7011-0352-47ff-9349-fc5196292e0a.jpg?aki_policy=large"", ""https://a0.muscache.com/im/pictures/43da8961-a046-478d-805a-73d741ab795c.jpg?aki_policy=large"", ""https://a0.muscache.com/im/pictures/e67879ed-c122-48c1-b9d9-e14be1f223c2.jpg?aki_policy=large""]";"{""beds"": 1, ""bedrooms"": 1, ""bathrooms"": 1.0, ""amenity_ids"": [16, 33, 34, 51, 4, 54, 8, 40, 41, 45, 77, 30], ""is_rebookable"": false, ""is_new_listing"": false, ""is_fully_refundable"": true, ""is_host_highly_rated"": false, ""is_business_travel_ready"": false}";"{""weekly_factor"": 0.75, ""monthly_factor"": 1.0}";5606;"";"{""is_superhost"": false}"
27282115;Chambre dans un charmant appartement Parisien.;private_room;Paris;République;48.8700543128;2.35493519776;2;"[""https://a0.muscache.com/im/pictures/e8466805-bae5-4011-8f0b-ed88d5cae337.jpg?aki_policy=large"", ""https://a0.muscache.com/im/pictures/62942d0f-59f9-405e-923b-c1e656e86b96.jpg?aki_policy=large"", ""https://a0.muscache.com/im/pictures/c04f198c-3279-4285-bc1a-2c64e24a2599.jpg?aki_policy=large"", ""https://a0.muscache.com/im/pictures/9a0cc1d3-67c5-4006-8707-b5fd444e46b5.jpg?aki_policy=large"", ""https://a0.muscache.com/im/pictures/0dfd1091-7dd8-41df-a53b-909296467e76.jpg?aki_policy=large"", ""https://a0.muscache.com/im/pictures/8dfa4cf9-814c-4e8d-ac7c-675c78bcdd4d.jpg?aki_policy=large"", ""https://a0.muscache.com/im/pictures/0e51d276-e689-415e-9ce8-0a6d31b7e53b.jpg?aki_policy=large"", ""https://a0.muscache.com/im/pictures/627c5b72-5ae5-46af-8c9b-7a9e1114ad26.jpg?aki_policy=large""]";"{""beds"": 1, ""bedrooms"": 1, ""bathrooms"": 1.0, ""amenity_ids"": [33, 34, 4, 8, 40, 41, 11, 44], ""is_rebookable"": false, ""is_new_listing"": false, ""is_fully_refundable"": true, ""is_host_highly_rated"": false, ""is_business_travel_ready"": false}";"{""weekly_factor"": 1.0, ""monthly_factor"": 1.0}";3868;"";"{""is_superhost"": false}"
27359604;CHARMANT & LUMINEUX STUDIO - PROCHE REPUBLIQUE;entire_home;Paris;République;48.8663565901;2.37775477119;2;"[""https://a0.muscache.com/im/pictures/63e31d55-b439-4a47-a90e-3a290f9d46fe.jpg?aki_policy=large"", ""https://a0.muscache.com/im/pictures/2d9d2d62-7310-4ad8-9147-8adb1936969a.jpg?aki_policy=large"", ""https://a0.muscache.com/im/pictures/975b1b73-eb5d-45bc-8121-7dd15347f13a.jpg?aki_policy=large"", ""https://a0.muscache.com/im/pictures/957108ee-73be-441e-9719-086d71b99e2a.jpg?aki_policy=large"", ""https://a0.muscache.com/im/pictures/68fb4600-bca9-4e98-8143-2002e235d5ef.jpg?aki_policy=large"", ""https://a0.muscache.com/im/pictures/e8618e86-818e-4303-991a-02450615edb4.jpg?aki_policy=large"", ""https://a0.muscache.com/im/pictures/307dd87e-bb85-41f6-bb06-52e14c04b033.jpg?aki_policy=large"", ""https://a0.muscache.com/im/pictures/2fe6340f-40bb-418b-8665-9e0f5e1656b5.jpg?aki_policy=large"", ""https://a0.muscache.com/im/pictures/682928f7-2d7b-402b-a65c-1ca7dd47d469.jpg?aki_policy=large"", ""https://a0.muscache.com/im/pictures/c467a40e-09e3-46aa-ae8b-026c9584c1e8.jpg?aki_policy=large"", ""https://a0.muscache.com/im/pictures/91f0f02d-d920-4ab5-b3c4-0c3a13639b8a.jpg?aki_policy=large"", ""https://a0.muscache.com/im/pictures/785d5f53-f184-4cea-9cf8-856376c102a2.jpg?aki_policy=large""]";"{""beds"": 1, ""bedrooms"": 0, ""bathrooms"": 1.0, ""amenity_ids"": [1, 33, 34, 3, 35, 4, 5, 8, 40, 41, 44, 45, 46, 47, 30, 31], ""is_rebookable"": false, ""is_new_listing"": false, ""is_fully_refundable"": true, ""is_host_highly_rated"": false, ""is_business_travel_ready"": false}";"{""weekly_factor"": 1.0, ""monthly_factor"": 0.9}";667;"";"{""is_superhost"": false}"
27379559;Tour Eiffel - Champs-Elysées - 4 personnes;entire_home;Paris;Passy;48.8632377832;2.28459274638;4;"[""https://a0.muscache.com/im/pictures/c362766e-3539-40fc-b51b-f2579aa4d78d.jpg?aki_policy=large"", ""https://a0.muscache.com/im/pictures/24aaf775-7ec7-431c-9077-e4f8053cd10e.jpg?aki_policy=large"", ""https://a0.muscache.com/im/pictures/0db8e376-73f6-4bde-8f66-5865ff5d48a6.jpg?aki_policy=large"", ""https://a0.muscache.com/im/pictures/ed3a5d26-442c-4cf0-82e8-48b723b0a51e.jpg?aki_policy=large"", ""https://a0.muscache.com/im/pictures/0377de15-7ab1-4415-9f25-ff07cdf317ab.jpg?aki_policy=large"", ""https://a0.muscache.com/im/pictures/ea270d6f-4f9d-43f2-beab-5d08a4bc0bf1.jpg?aki_policy=large"", ""https://a0.muscache.com/im/pictures/9a1e1b92-4716-4324-a459-12f08a0a1941.jpg?aki_policy=large"", ""https://a0.muscache.com/im/pictures/c3cc7362-c9af-42a4-8272-db3ce2c2d488.jpg?aki_policy=large"", ""https://a0.muscache.com/im/pictures/87fe7dfd-4bc0-4167-8d9a-fd6a5c6985ae.jpg?aki_policy=large"", ""https://a0.muscache.com/im/pictures/4650b905-e77b-4314-a036-7ebeef40f5e9.jpg?aki_policy=large"", ""https://a0.muscache.com/im/pictures/f1a6d01b-6958-4dcc-9fdd-2668f4d26fa1.jpg?aki_policy=large"", ""https://a0.muscache.com/im/pictures/0192761a-af15-4942-95b0-c2f2a7a0f37d.jpg?aki_policy=large"", ""https://a0.muscache.com/im/pictures/be0e51d4-34f9-402e-bcbd-e9d2ecb4dcaa.jpg?aki_policy=large""]";"{""beds"": 1, ""bedrooms"": 0, ""bathrooms"": 1.0, ""amenity_ids"": [1, 35, 131, 4, 100, 8, 40, 104, 41, 44, 45, 77, 47, 21, 89, 90, 91, 61, 93, 30, 94, 95], ""is_rebookable"": false, ""is_new_listing"": false, ""is_fully_refundable"": true, ""is_host_highly_rated"": true, ""is_business_travel_ready"": false}";"{""weekly_factor"": 0.8, ""monthly_factor"": 0.8}";2119;"";"{""is_superhost"": false}"
27424346;Père Lachaise Trendy;entire_home;Paris;Père Lachaise - Ménilmontant;48.8567211995;2.40497654764;2;"[""https://a0.muscache.com/im/pictures/a6b4dc95-ccc4-48d8-b66a-82239bac879d.jpg?aki_policy=large"", ""https://a0.muscache.com/im/pictures/833d5144-399e-4f7e-a1b3-0f9b3951e574.jpg?aki_policy=large"", ""https://a0.muscache.com/im/pictures/37780b6f-8bfa-43f5-9c68-f598c1d7ce3d.jpg?aki_policy=large"", ""https://a0.muscache.com/im/pictures/e4b7c3f0-7daa-4fa4-8dcf-91e8ce66c922.jpg?aki_policy=large"", ""https://a0.muscache.com/im/pictures/a8eaf36f-ee39-4073-8d0a-acc803bfdbc2.jpg?aki_policy=large"", ""https://a0.muscache.com/im/pictures/905370f7-65df-48b6-8505-af640d6d49be.jpg?aki_policy=large"", ""https://a0.muscache.com/im/pictures/119ead2f-2ce3-4fa7-86d3-31388128f182.jpg?aki_policy=large"", ""https://a0.muscache.com/im/pictures/ed5e3d85-74f8-4e8f-a95b-3732342e5c47.jpg?aki_policy=large"", ""https://a0.muscache.com/im/pictures/8aef760f-970d-4756-a17d-39340c6a4623.jpg?aki_policy=large"", ""https://a0.muscache.com/im/pictures/c1bf37fe-ab2d-420f-b7a8-4f7054b79d30.jpg?aki_policy=large"", ""https://a0.muscache.com/im/pictures/816d0e44-ac39-4835-85c9-39182ffb9352.jpg?aki_policy=large"", ""https://a0.muscache.com/im/pictures/b0a73a20-7fba-4a47-b3e0-167696308cee.jpg?aki_policy=large"", ""https://a0.muscache.com/im/pictures/9ebc916e-9e1f-415e-822a-bbd90a15ad6d.jpg?aki_policy=large"", ""https://a0.muscache.com/im/pictures/e4fe2529-e702-4dad-b86c-fe6dafd16a9c.jpg?aki_policy=large"", ""https://a0.muscache.com/im/pictures/84c978db-907a-4486-bf8f-4b2b31aa305e.jpg?aki_policy=large"", ""https://a0.muscache.com/im/pictures/cc742205-d553-4adc-a0d5-a9e66b15df24.jpg?aki_policy=large"", ""https://a0.muscache.com/im/pictures/8eec8fea-574e-4673-9d0e-c5933ac1bb4a.jpg?aki_policy=large"", ""https://a0.muscache.com/im/pictures/b0addf55-0d61-4eb4-b4d8-1282f41c9083.jpg?aki_policy=large""]";"{""beds"": 1, ""bedrooms"": 1, ""bathrooms"": 1.0, ""amenity_ids"": [1, 129, 2, 4, 8, 10, 77, 21, 85, 86, 89, 90, 91, 93, 30, 94, 95, 96, 33, 40, 104, 44, 45, 46, 47], ""is_rebookable"": false, ""is_new_listing"": true, ""is_fully_refundable"": true, ""is_host_highly_rated"": true, ""is_business_travel_ready"": false}";"{""weekly_factor"": 0.94, ""monthly_factor"": 0.6}";3621;"";"{""is_superhost"": false}"
27447713;NEW - Cozy & central studio;entire_home;Paris;2e arrondissement;48.8694222717;2.34822945327;2;"[""https://a0.muscache.com/im/pictures/0f50daf3-4177-4a5f-ba3c-2a2be5e995bb.jpg?aki_policy=large"", ""https://a0.muscache.com/im/pictures/bb33bb25-8191-4ba0-8ca9-7826df624bea.jpg?aki_policy=large"", ""https://a0.muscache.com/im/pictures/00de0bfd-50f3-47b4-a2f6-5ddb8202dac3.jpg?aki_policy=large"", ""https://a0.muscache.com/im/pictures/ee13ba42-3050-42d5-b697-8efdd70d4d6a.jpg?aki_policy=large"", ""https://a0.muscache.com/im/pictures/0e6eb871-98ae-4756-9626-42de54db9ac5.jpg?aki_policy=large"", ""https://a0.muscache.com/im/pictures/5717a6c2-37d5-4426-8377-36d512cda747.jpg?aki_policy=large"", ""https://a0.muscache.com/im/pictures/d84339e4-dc4e-4654-bb13-6411638b5c77.jpg?aki_policy=large"", ""https://a0.muscache.com/im/pictures/d80ab321-06ba-4251-a2ab-4d5e4f5bc1b2.jpg?aki_policy=large"", ""https://a0.muscache.com/im/pictures/6905de8e-ff53-4e5d-8cd3-9c629e199600.jpg?aki_policy=large"", ""https://a0.muscache.com/im/pictures/879c429b-f572-4f5b-8510-bb20a6500cf4.jpg?aki_policy=large"", ""https://a0.muscache.com/im/pictures/59e34765-4f6b-43db-be29-d055da6775e9.jpg?aki_policy=large"", ""https://a0.muscache.com/im/pictures/c43784ab-a828-4c58-8dfc-a0de661d27a8.jpg?aki_policy=large"", ""https://a0.muscache.com/im/pictures/230d74b7-f612-489d-8894-eebcd01f0784.jpg?aki_policy=large""]";"{""beds"": 1, ""bedrooms"": 0, ""bathrooms"": 1.0, ""amenity_ids"": [1, 2, 35, 4, 36, 37, 39, 8, 40, 41, 44, 45, 46, 47, 113, 85, 86, 30], ""is_rebookable"": false, ""is_new_listing"": true, ""is_fully_refundable"": true, ""is_host_highly_rated"": true, ""is_business_travel_ready"": false}";"{""weekly_factor"": 1.0, ""monthly_factor"": 1.0}";6345;"";"{""is_superhost"": true}"
27468965;LOVELY FLAT (6 person) Bastille -Marais;entire_home;Paris;11e arrondissement;48.8611481998;2.37898308234;6;"[""https://a0.muscache.com/im/pictures/40181a1f-3c94-482d-913f-af5725ecb2e3.jpg?aki_policy=large"", ""https://a0.muscache.com/im/pictures/5dd26204-dc2c-4866-ab12-7a95d35c88a8.jpg?aki_policy=large"", ""https://a0.muscache.com/im/pictures/58cea367-3bd8-4110-a658-39bcb4cc67b1.jpg?aki_policy=large"", ""https://a0.muscache.com/im/pictures/58aaea7b-a5d7-42e3-b8e4-a521176d9934.jpg?aki_policy=large"", ""https://a0.muscache.com/im/pictures/67453422-6d81-482a-816e-867e03ebd2a4.jpg?aki_policy=large"", ""https://a0.muscache.com/im/pictures/23d2a3ad-5cc8-4215-a890-583a9263e049.jpg?aki_policy=large"", ""https://a0.muscache.com/im/pictures/927d48b9-6d18-46d6-a06b-df407f5266ac.jpg?aki_policy=large"", ""https://a0.muscache.com/im/pictures/89df34c2-5e2f-403b-ad92-58d0df00cc93.jpg?aki_policy=large"", ""https://a0.muscache.com/im/pictures/758653c8-1c65-4343-8f07-fddb5278e01a.jpg?aki_policy=large"", ""https://a0.muscache.com/im/pictures/181f0861-d9e0-4d0a-bf59-b3dabad1f9a1.jpg?aki_policy=large"", ""https://a0.muscache.com/im/pictures/0feb8cf9-c87b-4866-8616-ab0083dba9b7.jpg?aki_policy=large"", ""https://a0.muscache.com/im/pictures/4d1067ae-34f6-430f-9c53-2326a6409fef.jpg?aki_policy=large"", ""https://a0.muscache.com/im/pictures/50e8943e-ebcb-4383-8f9e-61ddb2d27ba6.jpg?aki_policy=large"", ""https://a0.muscache.com/im/pictures/0126292c-1430-417b-8a11-f28dc34bbb22.jpg?aki_policy=large"", ""https://a0.muscache.com/im/pictures/179539f2-b60a-4561-a8c9-116c0f87b3b0.jpg?aki_policy=large"", ""https://a0.muscache.com/im/pictures/62802fb9-d857-4e15-9f0a-62d1b7e845fe.jpg?aki_policy=large"", ""https://a0.muscache.com/im/pictures/d7f3fab0-48be-4947-8ef8-239f4cb576d6.jpg?aki_policy=large"", ""https://a0.muscache.com/im/pictures/fd1c7d8e-1ad4-4a38-8210-ca76c4cfc97f.jpg?aki_policy=large"", ""https://a0.muscache.com/im/pictures/33cfd766-a302-4501-9326-9ee8801263bc.jpg?aki_policy=large"", ""https://a0.muscache.com/im/pictures/5ef167b9-5aa7-4131-aa47-ec27a2dcd501.jpg?aki_policy=large"", ""https://a0.muscache.com/im/pictures/c2ab008b-0c33-4781-a52b-a4ce6ae0320e.jpg?aki_policy=large"", ""https://a0.muscache.com/im/pictures/29d9853f-9c26-4d02-8549-04f05ba1848b.jpg?aki_policy=large"", ""https://a0.muscache.com/im/pictures/7d5cfbd4-e345-40f0-bb41-f14d459dce7a.jpg?aki_policy=large"", ""https://a0.muscache.com/im/pictures/2e06c2f4-84df-4fe8-9c6d-b7a01a905857.jpg?aki_policy=large"", ""https://a0.muscache.com/im/pictures/efa70f1a-3eeb-42f6-a3c9-6c2b9aea8e1e.jpg?aki_policy=large"", ""https://a0.muscache.com/im/pictures/bde7c5db-a4f6-4e61-a41a-96ced8a4abc4.jpg?aki_policy=large"", ""https://a0.muscache.com/im/pictures/9f6c62e2-2a12-4bc7-9066-2aadd4c96089.jpg?aki_policy=large"", ""https://a0.muscache.com/im/pictures/d74674ce-7f3a-488f-9f79-5656d78f7f96.jpg?aki_policy=large"", ""https://a0.muscache.com/im/pictures/ac22472a-37e3-4a67-9d5a-b4a42619d50f.jpg?aki_policy=large"", ""https://a0.muscache.com/im/pictures/898017bc-ada5-43c1-8e9c-000602e3e3dc.jpg?aki_policy=large""]";"{""beds"": 3, ""bedrooms"": 1, ""bathrooms"": 1.0, ""amenity_ids"": [1, 35, 4, 39, 8, 40, 104, 10, 42, 44, 45, 77, 46, 51, 54, 57, 30, 287], ""is_rebookable"": false, ""is_new_listing"": false, ""is_fully_refundable"": true, ""is_host_highly_rated"": true, ""is_business_travel_ready"": false}";"{""weekly_factor"": 1.0, ""monthly_factor"": 1.0}";71;"";"{""is_superhost"": false}"
27479862;Bel appartement près du Parc Monceau;entire_home;Paris;Saint-Lazare;48.8808010835;2.31754577664;2;"[""https://a0.muscache.com/im/pictures/3625a56b-5615-4523-9714-fe733b89d555.jpg?aki_policy=large"", ""https://a0.muscache.com/im/pictures/509e390e-b48c-48e2-b53b-8295c725de6e.jpg?aki_policy=large"", ""https://a0.muscache.com/im/pictures/80834931-f5b2-4859-ba32-44acd2d02c9b.jpg?aki_policy=large"", ""https://a0.muscache.com/im/pictures/0e4a7277-8a0d-413e-a7b8-a176c0222e18.jpg?aki_policy=large"", ""https://a0.muscache.com/im/pictures/a2817f0a-e4d5-4305-8047-e79ed299a6ae.jpg?aki_policy=large"", ""https://a0.muscache.com/im/pictures/67d04fa8-aa1a-4d66-9ec5-e45da723d5d5.jpg?aki_policy=large"", ""https://a0.muscache.com/im/pictures/f7645ec7-bc30-4381-9d9b-f9f4c141417b.jpg?aki_policy=large"", ""https://a0.muscache.com/im/pictures/8a3ad73f-7f16-472b-877f-dab2d6671b47.jpg?aki_policy=large"", ""https://a0.muscache.com/im/pictures/d4d485e9-e3f1-445e-84ad-34cf7b8df46e.jpg?aki_policy=large"", ""https://a0.muscache.com/im/pictures/83e55032-f63f-4760-bd72-c83dd504b640.jpg?aki_policy=large""]";"{""beds"": 1, ""bedrooms"": 1, ""bathrooms"": 1.0, ""amenity_ids"": [1, 33, 35, 4, 100, 8, 40, 41, 44, 45, 77, 47, 51, 85, 54, 57, 90, 91, 92, 93, 30, 95], ""is_rebookable"": false, ""is_new_listing"": true, ""is_fully_refundable"": true, ""is_host_highly_rated"": false, ""is_business_travel_ready"": false}";"{""weekly_factor"": 1.0, ""monthly_factor"": 1.0}";3851;"";"{""is_superhost"": false}"
27567736;House of Parisian History;entire_home;Paris;Saint-Michel;48.8509765194;2.34515070136;4;"[""https://a0.muscache.com/im/pictures/0b783c6d-9cac-4b7d-b4b6-9898bacce38f.jpg?aki_policy=large"", ""https://a0.muscache.com/im/pictures/18d490df-c31f-4d4a-b716-3502b359013b.jpg?aki_policy=large"", ""https://a0.muscache.com/im/pictures/4b25fc46-e245-45e3-a375-86a92a8fd3d4.jpg?aki_policy=large"", ""https://a0.muscache.com/im/pictures/704e65e0-26a9-4adb-b56b-22e5d12328d6.jpg?aki_policy=large"", ""https://a0.muscache.com/im/pictures/e449cad7-9ef8-424b-ae78-6ba56e8e9a04.jpg?aki_policy=large"", ""https://a0.muscache.com/im/pictures/c94c7456-8b9a-4928-8f87-a7c10b675387.jpg?aki_policy=large"", ""https://a0.muscache.com/im/pictures/8fac71ca-a05a-4b9f-9eea-3356498dcfe8.jpg?aki_policy=large"", ""https://a0.muscache.com/im/pictures/ce289015-754d-40b5-9fbc-be8697ee8fd0.jpg?aki_policy=large"", ""https://a0.muscache.com/im/pictures/4a191680-70d9-447f-937f-2493884eea35.jpg?aki_policy=large""]";"{""beds"": 2, ""bedrooms"": 1, ""bathrooms"": 1.0, ""amenity_ids"": [33, 129, 34, 35, 4, 39, 8, 40, 41, 44, 46, 47, 16, 30], ""is_rebookable"": false, ""is_new_listing"": false, ""is_fully_refundable"": true, ""is_host_highly_rated"": true, ""is_business_travel_ready"": false}";"{""weekly_factor"": 1.0, ""monthly_factor"": 1.0}";6535;"";"{""is_superhost"": false}"
27570227;APPARTEMENT CONTEMPORAIN - PROXIMITÉ GRANDS BOULEVARDS;entire_home;Paris 10e Arrondissement;Gare du Nord - Gare de I'Est;48.8745371722;2.35290298136;4;"[""https://a0.muscache.com/im/pictures/441aaa61-b235-4736-af69-4529dafccfe9.jpg?aki_policy=large"", ""https://a0.muscache.com/im/pictures/674f85ad-b62f-45be-ae9e-5083aec2d911.jpg?aki_policy=large"", ""https://a0.muscache.com/im/pictures/8b6d9060-4a38-40bf-b9a4-9d7b46deb2be.jpg?aki_policy=large"", ""https://a0.muscache.com/im/pictures/d703370d-66a7-4829-9e94-90a9bed9f099.jpg?aki_policy=large"", ""https://a0.muscache.com/im/pictures/341c14c7-9b50-4c44-9636-de456b4a09fe.jpg?aki_policy=large"", ""https://a0.muscache.com/im/pictures/42008cd3-11bc-47ba-8129-d146113f746a.jpg?aki_policy=large"", ""https://a0.muscache.com/im/pictures/f7fe8dd5-5bca-4252-977e-da3b04f3ea53.jpg?aki_policy=large"", ""https://a0.muscache.com/im/pictures/327c7322-284a-4ab5-8e88-c39d002477f2.jpg?aki_policy=large"", ""https://a0.muscache.com/im/pictures/f4b3884e-b444-43d6-a8a2-9d11689ca661.jpg?aki_policy=large"", ""https://a0.muscache.com/im/pictures/7aeb0367-2a73-4171-b0d3-9db29a9b3d66.jpg?aki_policy=large"", ""https://a0.muscache.com/im/pictures/4fbe3301-d5e6-4b69-a729-257587335605.jpg?aki_policy=large"", ""https://a0.muscache.com/im/pictures/d179c034-40ee-4df4-9a8d-4ce8ff1c3a38.jpg?aki_policy=large"", ""https://a0.muscache.com/im/pictures/a40959c4-f248-4d9c-a090-19f126b672c4.jpg?aki_policy=large"", ""https://a0.muscache.com/im/pictures/d522104a-d14d-423b-bea9-5975148acebb.jpg?aki_policy=large"", ""https://a0.muscache.com/im/pictures/abbf65bf-03d6-4b83-92db-e04fa515f7c0.jpg?aki_policy=large""]";"{""beds"": 2, ""bedrooms"": 2, ""bathrooms"": 1.0, ""amenity_ids"": [1, 2, 3, 35, 4, 36, 8, 40, 41, 44, 45, 46, 47, 21, 30], ""is_rebookable"": false, ""is_new_listing"": true, ""is_fully_refundable"": true, ""is_host_highly_rated"": false, ""is_business_travel_ready"": false}";"{""weekly_factor"": 1.0, ""monthly_factor"": 0.9}";1219;"";"{""is_superhost"": false}"
27593739;Magnifique appartement Place de la Bastille 4p;entire_home;Paris;Bastille;48.853602649;2.37004789224;4;"[""https://a0.muscache.com/im/pictures/9ef5c4b9-f894-4ff9-97bc-090ac570b914.jpg?aki_policy=large"", ""https://a0.muscache.com/im/pictures/cf872df6-7ab8-4a2d-a94f-56aa285c3d9a.jpg?aki_policy=large"", ""https://a0.muscache.com/im/pictures/95b38670-f47e-4b62-9194-240c110e1e9d.jpg?aki_policy=large"", ""https://a0.muscache.com/im/pictures/9543684e-c8f4-4a4a-ab79-5fac6574b0bd.jpg?aki_policy=large"", ""https://a0.muscache.com/im/pictures/10c2baed-f847-456f-91c7-8a93bff0a731.jpg?aki_policy=large"", ""https://a0.muscache.com/im/pictures/24a444e1-e832-45d8-9114-1c1e69c119cf.jpg?aki_policy=large"", ""https://a0.muscache.com/im/pictures/fceee7a1-c012-46da-827d-af9cfcdd2325.jpg?aki_policy=large"", ""https://a0.muscache.com/im/pictures/ecc0d765-e6f0-41ae-8b6d-1ca140f27ce0.jpg?aki_policy=large"", ""https://a0.muscache.com/im/pictures/05b62ff0-7eeb-4b30-a00e-4d4331edddf2.jpg?aki_policy=large"", ""https://a0.muscache.com/im/pictures/104b36d4-1815-4574-9df4-2f5e3e1423c1.jpg?aki_policy=large"", ""https://a0.muscache.com/im/pictures/1800ca1f-f507-4a89-9d05-f8202a1079a1.jpg?aki_policy=large"", ""https://a0.muscache.com/im/pictures/34c71c37-3482-4aaa-bbfe-6e685d2c23d7.jpg?aki_policy=large"", ""https://a0.muscache.com/im/pictures/282162a8-4284-4777-99ba-fbf4744360e1.jpg?aki_policy=large"", ""https://a0.muscache.com/im/pictures/d5b847e7-c28b-462d-831d-b7fbf2979f36.jpg?aki_policy=large"", ""https://a0.muscache.com/im/pictures/23fdfc6e-4c7b-4365-94f3-3470c704b2a6.jpg?aki_policy=large""]";"{""beds"": 2, ""bedrooms"": 1, ""bathrooms"": 1.5, ""amenity_ids"": [1, 33, 3, 35, 4, 21, 8, 40, 41, 44, 45, 30], ""is_rebookable"": false, ""is_new_listing"": false, ""is_fully_refundable"": true, ""is_host_highly_rated"": true, ""is_business_travel_ready"": false}";"{""weekly_factor"": 0.9, ""monthly_factor"": 0.8}";4812;"";"{""is_superhost"": false}"
27595358;Magnifique Chambre au cœur de la capitale;private_room;Paris;Saint Germain des Prés - Odéon;48.8555841288;2.33317664617;2;"[""https://a0.muscache.com/im/pictures/fbb899f8-db2b-4260-9079-438cc9b3cacc.jpg?aki_policy=large"", ""https://a0.muscache.com/im/pictures/799a82a4-fbd7-40c5-8155-d19f16ddcd8f.jpg?aki_policy=large"", ""https://a0.muscache.com/im/pictures/73bb6363-5362-4cf9-9b9a-9080e2e8a176.jpg?aki_policy=large"", ""https://a0.muscache.com/im/pictures/54bfa6fa-1ed3-4340-8ed3-78f6c466d813.jpg?aki_policy=large"", ""https://a0.muscache.com/im/pictures/356c0f9e-18ae-4251-8282-b9859fbff50e.jpg?aki_policy=large"", ""https://a0.muscache.com/im/pictures/62963421-8062-4a45-ab5b-c41d8339121c.jpg?aki_policy=large""]";"{""beds"": 1, ""bedrooms"": 1, ""bathrooms"": 1.0, ""amenity_ids"": [64, 1, 2, 66, 4, 5, 71, 10, 77, 16, 21, 85, 86, 30, 35, 37, 39, 103, 40, 41, 42, 44, 45, 46, 47, 113, 51, 55], ""is_rebookable"": false, ""is_new_listing"": true, ""is_fully_refundable"": true, ""is_host_highly_rated"": false, ""is_business_travel_ready"": false}";"{""weekly_factor"": 1.0, ""monthly_factor"": 1.0}";2951;"";"{""is_superhost"": false}"
27596657;Appartement élégant, Vue 180° Tour Eiffel et Paris;entire_home;Paris;Passy;48.8688728177;2.28407876936;4;"[""https://a0.muscache.com/im/pictures/f7f6e567-0631-4feb-a9ce-535fa6ef3886.jpg?aki_policy=large"", ""https://a0.muscache.com/im/pictures/9d4663e1-d0da-4d78-9f42-15ff8b78ce87.jpg?aki_policy=large"", ""https://a0.muscache.com/im/pictures/dcd3f331-39df-4eb7-99f7-7589d1e20196.jpg?aki_policy=large"", ""https://a0.muscache.com/im/pictures/9ab4ebd7-8fdd-4089-8ea0-7649dac39955.jpg?aki_policy=large"", ""https://a0.muscache.com/im/pictures/ecb42edf-f6d1-4223-869e-a667fda3a092.jpg?aki_policy=large"", ""https://a0.muscache.com/im/pictures/275cbc4a-bba3-4f28-8cbf-87df355c62d9.jpg?aki_policy=large"", ""https://a0.muscache.com/im/pictures/d03e251f-2b62-472e-8055-fbe35d092033.jpg?aki_policy=large"", ""https://a0.muscache.com/im/pictures/7487d2d5-ed1c-4aff-a931-9e19d5ea547f.jpg?aki_policy=large"", ""https://a0.muscache.com/im/pictures/7c201abd-5b3b-4a24-87d7-c83e252394db.jpg?aki_policy=large"", ""https://a0.muscache.com/im/pictures/a55b2361-4f8a-44b8-8315-32ea2880e332.jpg?aki_policy=large"", ""https://a0.muscache.com/im/pictures/35c3f73e-ed36-451d-af27-b7020c5a191e.jpg?aki_policy=large"", ""https://a0.muscache.com/im/pictures/911bb559-583d-4f89-80ed-244a90a57d00.jpg?aki_policy=large"", ""https://a0.muscache.com/im/pictures/923ee5c3-0805-4333-a6aa-a71b11d14fc4.jpg?aki_policy=large"", ""https://a0.muscache.com/im/pictures/12ec54df-ba1f-4e64-96b1-7c557329cb22.jpg?aki_policy=large""]";"{""beds"": 2, ""bedrooms"": 2, ""bathrooms"": 2.0, ""amenity_ids"": [1, 33, 34, 35, 4, 5, 8, 40, 9, 42, 12, 44, 45, 46, 47, 21, 30], ""is_rebookable"": false, ""is_new_listing"": true, ""is_fully_refundable"": true, ""is_host_highly_rated"": false, ""is_business_travel_ready"": false}";"{""weekly_factor"": 1.0, ""monthly_factor"": 1.0}";538;"";"{""is_superhost"": false}"
27614534;Standing chef, perfect fashion;entire_home;Paris;Le Marais;48.8593252505;2.35498184445;2;"[""https://a0.muscache.com/im/pictures/d31d969e-8c99-4355-a813-244d0765b049.jpg?aki_policy=large"", ""https://a0.muscache.com/im/pictures/83fe5193-673c-4bd1-a4a1-1ce279423e4b.jpg?aki_policy=large"", ""https://a0.muscache.com/im/pictures/b6bf50aa-feb1-4088-9696-73ffef99a9ed.jpg?aki_policy=large"", ""https://a0.muscache.com/im/pictures/388c6e5d-dcf9-4064-a3ab-d32bb034c24a.jpg?aki_policy=large""]";"{""beds"": 2, ""bedrooms"": 2, ""bathrooms"": 2.0, ""amenity_ids"": [16, 34, 35, 4, 36, 7, 39, 9, 12, 47], ""is_rebookable"": false, ""is_new_listing"": true, ""is_fully_refundable"": true, ""is_host_highly_rated"": false, ""is_business_travel_ready"": false}";"{""weekly_factor"": 1.0, ""monthly_factor"": 1.0}";40;"";"{""is_superhost"": false}"
27624093;Studio sympathique.;entire_home;Paris;Buttes-Chaumont - Belleville;48.8741228359;2.39077473904;2;"[""https://a0.muscache.com/im/pictures/cbd523d3-ddac-4bbd-97ed-7d062976cab2.jpg?aki_policy=large"", ""https://a0.muscache.com/im/pictures/88a6994d-8eb6-4616-aeb5-71446f211162.jpg?aki_policy=large"", ""https://a0.muscache.com/im/pictures/6d748b68-a8d8-4f1a-80d5-3f9c317d858c.jpg?aki_policy=large"", ""https://a0.muscache.com/im/pictures/ac22b87c-eb4c-44b6-8f24-a966289e0812.jpg?aki_policy=large"", ""https://a0.muscache.com/im/pictures/126b55bf-3cd5-4484-ba40-4eb7ac8178ba.jpg?aki_policy=large"", ""https://a0.muscache.com/im/pictures/5fdee09a-4df2-4685-ba63-e66647dbcad5.jpg?aki_policy=large"", ""https://a0.muscache.com/im/pictures/49dab159-734c-4942-8d91-390e54696646.jpg?aki_policy=large"", ""https://a0.muscache.com/im/pictures/2b4dde15-e754-465c-9390-4db6ee0e52e0.jpg?aki_policy=large"", ""https://a0.muscache.com/im/pictures/2c7c21bd-a86c-4879-9f11-e170eb7e69eb.jpg?aki_policy=large"", ""https://a0.muscache.com/im/pictures/94462c7a-58eb-4959-8912-f5d707c7778c.jpg?aki_policy=large"", ""https://a0.muscache.com/im/pictures/755f5258-4166-4266-9086-c9e0a9164e3f.jpg?aki_policy=large"", ""https://a0.muscache.com/im/pictures/2340d268-460a-4978-afb4-413ab0835616.jpg?aki_policy=large"", ""https://a0.muscache.com/im/pictures/00a7b302-873f-45a2-a27a-ffd971cbf50b.jpg?aki_policy=large"", ""https://a0.muscache.com/im/pictures/99929ddc-e5b2-4037-938b-a504f8999f14.jpg?aki_policy=large"", ""https://a0.muscache.com/im/pictures/bb2984a5-1b7d-4b5a-9593-a97193c2d616.jpg?aki_policy=large""]";"{""beds"": 1, ""bedrooms"": 0, ""bathrooms"": 1.0, ""amenity_ids"": [16, 4, 8, 40, 41, 12, 44, 45, 30, 46], ""is_rebookable"": false, ""is_new_listing"": false, ""is_fully_refundable"": true, ""is_host_highly_rated"": true, ""is_business_travel_ready"": false}";"{""weekly_factor"": 1.0, ""monthly_factor"": 1.0}";3643;"";"{""is_superhost"": true}"
27710087;Saint Denis centre de Paris;entire_home;Paris;2e arrondissement;48.8684448155;2.35217811024;4;"[""https://a0.muscache.com/im/pictures/66821f7d-faa7-4a14-af92-a953e54dabae.jpg?aki_policy=large"", ""https://a0.muscache.com/im/pictures/142b4555-dcac-4cd2-ad95-be97018a2b1f.jpg?aki_policy=large"", ""https://a0.muscache.com/im/pictures/25739e33-5b30-4118-abcc-373b55395cc3.jpg?aki_policy=large"", ""https://a0.muscache.com/im/pictures/ac94efdd-8672-445d-a1a0-2585da824dd6.jpg?aki_policy=large"", ""https://a0.muscache.com/im/pictures/374f5d44-7d84-4ccb-9763-3a6b701abe77.jpg?aki_policy=large"", ""https://a0.muscache.com/im/pictures/1414fb9a-6e87-44fc-ba45-1aedafd8f079.jpg?aki_policy=large"", ""https://a0.muscache.com/im/pictures/5c57a1a7-b588-4baf-91d6-9c7c38afee74.jpg?aki_policy=large"", ""https://a0.muscache.com/im/pictures/0802ae33-ed13-404e-bc12-b3cbb01fc96a.jpg?aki_policy=large""]";"{""beds"": 1, ""bedrooms"": 0, ""bathrooms"": 1.0, ""amenity_ids"": [1, 33, 34, 4, 8, 40, 57, 45, 30, 46], ""is_rebookable"": false, ""is_new_listing"": true, ""is_fully_refundable"": true, ""is_host_highly_rated"": false, ""is_business_travel_ready"": false}";"{""weekly_factor"": 1.0, ""monthly_factor"": 1.0}";5446;"";"{""is_superhost"": false}"
27719620;Le Marais - Superbe 3 pièces;entire_home;Paris;Le Marais;48.862621;2.360926;4;"[""https://a0.muscache.com/im/pictures/d9039ac1-a3e9-47ff-97db-405cad40f9c7.jpg?aki_policy=large"", ""https://a0.muscache.com/im/pictures/ece6d202-7ceb-4e63-91ea-a687f225ad6c.jpg?aki_policy=large"", ""https://a0.muscache.com/im/pictures/123c02d4-622d-48d4-9391-b7652e279767.jpg?aki_policy=large"", ""https://a0.muscache.com/im/pictures/91859a90-364e-40d3-8728-0ce822eb92e3.jpg?aki_policy=large"", ""https://a0.muscache.com/im/pictures/6cb05317-27d7-472c-9a8c-432df4a45b15.jpg?aki_policy=large"", ""https://a0.muscache.com/im/pictures/39517bfb-9d55-44fa-a67f-c496ce1cd42c.jpg?aki_policy=large"", ""https://a0.muscache.com/im/pictures/4072501e-0bca-4e37-9f09-fbe08b236f9c.jpg?aki_policy=large"", ""https://a0.muscache.com/im/pictures/ed4b6784-5c38-49b3-95fe-9784ebbe5dc6.jpg?aki_policy=large"", ""https://a0.muscache.com/im/pictures/836988a5-1161-4831-b04e-06bd21511b9a.jpg?aki_policy=large"", ""https://a0.muscache.com/im/pictures/637976de-ef55-4da3-b6b9-ef9c7c369ad7.jpg?aki_policy=large"", ""https://a0.muscache.com/im/pictures/913adbe0-958d-452c-94bc-4222348e2098.jpg?aki_policy=large"", ""https://a0.muscache.com/im/pictures/b5ec0165-e6ad-4fa9-97b3-0b7ecb020579.jpg?aki_policy=large"", ""https://a0.muscache.com/im/pictures/8b0d7a71-d3a8-483d-b3f8-7d6fdfce182e.jpg?aki_policy=large"", ""https://a0.muscache.com/im/pictures/f942441a-8920-429d-8934-99ed514a73d8.jpg?aki_policy=large"", ""https://a0.muscache.com/im/pictures/dfa60183-1000-49ad-96f5-aee6ccf95d15.jpg?aki_policy=large"", ""https://a0.muscache.com/im/pictures/04f49da5-9f20-4555-9f35-f5457686a127.jpg?aki_policy=large"", ""https://a0.muscache.com/im/pictures/c795037e-7cfc-4def-83c9-282ed0e5031e.jpg?aki_policy=large"", ""https://a0.muscache.com/im/pictures/0a9eb5e4-aac0-47e5-b5cd-ca501754f51b.jpg?aki_policy=large"", ""https://a0.muscache.com/im/pictures/a3c982eb-7a3f-4624-8c28-9ed497ddb750.jpg?aki_policy=large"", ""https://a0.muscache.com/im/pictures/e64ddd46-a1df-4019-bb42-e2a2ea12479a.jpg?aki_policy=large"", ""https://a0.muscache.com/im/pictures/f539843d-46bb-4ec4-9bc9-a5b7014311f9.jpg?aki_policy=large"", ""https://a0.muscache.com/im/pictures/5f79e250-42f8-489d-a06b-aa0b3d2ff3f5.jpg?aki_policy=large"", ""https://a0.muscache.com/im/pictures/157321e9-111c-4df1-9f7e-f179610b9650.jpg?aki_policy=large""]";"{""beds"": 2, ""bedrooms"": 2, ""bathrooms"": 1.0, ""amenity_ids"": [33, 129, 34, 35, 4, 103, 8, 40, 41, 10, 44, 45, 77, 46, 47, 21, 89, 90, 91, 92, 93, 30, 94, 95], ""is_rebookable"": false, ""is_new_listing"": true, ""is_fully_refundable"": true, ""is_host_highly_rated"": true, ""is_business_travel_ready"": false}";"{""weekly_factor"": 1.0, ""monthly_factor"": 1.0}";5618;"";"{""is_superhost"": false}"
27720744;Amazing apartment 10P - Marais/République;entire_home;Paris;3e arrondissement;48.8669177438;2.36407541571;10;"[""https://a0.muscache.com/im/pictures/70464979-56c1-4003-b0dc-45ca80f42537.jpg?aki_policy=large"", ""https://a0.muscache.com/im/pictures/9fff4e72-df9f-42ba-b91c-55c5a752296f.jpg?aki_policy=large"", ""https://a0.muscache.com/im/pictures/d4d84394-806e-4fdd-b0e4-8e4108a13592.jpg?aki_policy=large"", ""https://a0.muscache.com/im/pictures/d43c16c9-e3e5-4fd5-ac03-afc77549297c.jpg?aki_policy=large"", ""https://a0.muscache.com/im/pictures/ed661bb6-287b-4157-9049-e40d43c19ccd.jpg?aki_policy=large"", ""https://a0.muscache.com/im/pictures/3ea2e233-4942-41ee-958f-5f64262979cf.jpg?aki_policy=large"", ""https://a0.muscache.com/im/pictures/9abe8fbd-2137-4131-81a2-43317ca50e6f.jpg?aki_policy=large"", ""https://a0.muscache.com/im/pictures/227c11f8-fbf2-473d-8678-7556b3692ac4.jpg?aki_policy=large"", ""https://a0.muscache.com/im/pictures/e77454bf-78f4-4aa2-ac8e-6d1b71793275.jpg?aki_policy=large"", ""https://a0.muscache.com/im/pictures/97a18ac9-744e-49f4-9395-5a84bd5bf2a9.jpg?aki_policy=large"", ""https://a0.muscache.com/im/pictures/c151a815-a196-4531-8db3-082885dba3c8.jpg?aki_policy=large"", ""https://a0.muscache.com/im/pictures/935fe57d-ccb6-4da9-93bd-5cb382f104e3.jpg?aki_policy=large"", ""https://a0.muscache.com/im/pictures/99112590-eeb1-4c56-8440-ca0cbc6cdc50.jpg?aki_policy=large"", ""https://a0.muscache.com/im/pictures/cd9e94b1-744a-470d-975d-d76d4ac2b27d.jpg?aki_policy=large"", ""https://a0.muscache.com/im/pictures/54b1d695-a682-449c-8ac4-647aaeae43ed.jpg?aki_policy=large"", ""https://a0.muscache.com/im/pictures/56efbbb3-0736-4f1e-93d2-44cef0c0835f.jpg?aki_policy=large"", ""https://a0.muscache.com/im/pictures/e15c9793-1697-46c1-9dc8-2c4ba60298f3.jpg?aki_policy=large"", ""https://a0.muscache.com/im/pictures/15791869-4465-4fc9-993e-d837d698d32d.jpg?aki_policy=large"", ""https://a0.muscache.com/im/pictures/4d59afe2-28f3-4bde-83cc-a0d4e5227ffd.jpg?aki_policy=large"", ""https://a0.muscache.com/im/pictures/294dc054-ae40-4f2a-8203-22bf1a27a52a.jpg?aki_policy=large""]";"{""beds"": 5, ""bedrooms"": 2, ""bathrooms"": 2.0, ""amenity_ids"": [1, 33, 34, 35, 4, 5, 8, 40, 44, 45, 30, 46], ""is_rebookable"": false, ""is_new_listing"": false, ""is_fully_refundable"": true, ""is_host_highly_rated"": false, ""is_business_travel_ready"": false}";"{""weekly_factor"": 0.97, ""monthly_factor"": 0.93}";5210;"";"{""is_superhost"": false}"
27721111;Somptueux appartement près de la Tour Eiffel;entire_home;Paris-16E-Arrondissement;Passy;48.859890029;2.27805888483;3;"[""https://a0.muscache.com/im/pictures/27776b86-91a2-4b1b-905f-142d8e2f1a4b.jpg?aki_policy=large"", ""https://a0.muscache.com/im/pictures/abf54a99-cdef-4548-944f-42b50fefa14d.jpg?aki_policy=large"", ""https://a0.muscache.com/im/pictures/b0387211-ed5c-409b-bc23-43a4c085fd08.jpg?aki_policy=large"", ""https://a0.muscache.com/im/pictures/7afccd3c-7bc7-4dab-981c-0c05499a16e9.jpg?aki_policy=large"", ""https://a0.muscache.com/im/pictures/7b26c96a-b79a-4286-b97d-94ede8f4379a.jpg?aki_policy=large"", ""https://a0.muscache.com/im/pictures/5365e037-7ad7-4934-832b-8b4bacf017cf.jpg?aki_policy=large"", ""https://a0.muscache.com/im/pictures/cfa1755c-181e-48ef-a41d-3d76c130098a.jpg?aki_policy=large"", ""https://a0.muscache.com/im/pictures/1eb1c7ce-c484-4b52-b424-553633adfb4a.jpg?aki_policy=large"", ""https://a0.muscache.com/im/pictures/76adf96f-c0f5-40dc-8c2a-d9517daf389f.jpg?aki_policy=large"", ""https://a0.muscache.com/im/pictures/418c647d-7a37-4fef-8323-0946611cc6ea.jpg?aki_policy=large"", ""https://a0.muscache.com/im/pictures/e97c68ca-ee9d-4301-895d-daf205696c26.jpg?aki_policy=large"", ""https://a0.muscache.com/im/pictures/3058545b-9de9-4bb6-b13d-6cbc7ed25e63.jpg?aki_policy=large"", ""https://a0.muscache.com/im/pictures/3d9df478-5eb6-4ec7-8e9d-fa2583378bb4.jpg?aki_policy=large"", ""https://a0.muscache.com/im/pictures/a45bb7c9-668f-4f17-939e-046fce398139.jpg?aki_policy=large"", ""https://a0.muscache.com/im/pictures/174b1da5-96fd-40f9-a90b-fb9d8f481cb3.jpg?aki_policy=large"", ""https://a0.muscache.com/im/pictures/d8e8bc8f-3e93-4fb6-9d90-87adaf6d9dbc.jpg?aki_policy=large"", ""https://a0.muscache.com/im/pictures/4919b472-f7a5-4b68-954b-b8a6971dcd2f.jpg?aki_policy=large""]";"{""beds"": 2, ""bedrooms"": 2, ""bathrooms"": 1.0, ""amenity_ids"": [96, 1, 35, 4, 101, 8, 40, 41, 44, 45, 77, 46, 47, 85, 57, 90, 91, 92, 93, 30, 95], ""is_rebookable"": false, ""is_new_listing"": false, ""is_fully_refundable"": true, ""is_host_highly_rated"": false, ""is_business_travel_ready"": false}";"{""weekly_factor"": 1.0, ""monthly_factor"": 1.0}";4179;"";"{""is_superhost"": false}"
27740208;New Neat Nest ODEON *Instant Booking* Easy Airport;entire_home;Paris;Saint Germain des Prés - Odéon;48.8525704092;2.3381384498;2;"[""https://a0.muscache.com/im/pictures/1e7cc095-8325-49bb-ae0a-5068c856e7fc.jpg?aki_policy=large"", ""https://a0.muscache.com/im/pictures/73defd07-535b-4169-93cb-ab511f60a6c8.jpg?aki_policy=large"", ""https://a0.muscache.com/im/pictures/60eac7a4-bfda-4227-be81-6202f99eaed1.jpg?aki_policy=large"", ""https://a0.muscache.com/im/pictures/3836c7d8-3775-40f0-bcb8-754d46b2a448.jpg?aki_policy=large"", ""https://a0.muscache.com/im/pictures/59251861-48e2-472b-b823-cf692ecb135f.jpg?aki_policy=large"", ""https://a0.muscache.com/im/pictures/1771aa59-7948-40ab-a03a-82264ec58e60.jpg?aki_policy=large"", ""https://a0.muscache.com/im/pictures/d962b3aa-9dd2-4d35-abc5-a75f9a403052.jpg?aki_policy=large"", ""https://a0.muscache.com/im/pictures/a09b6679-fbe6-48d7-b73d-3d35ac73f0f3.jpg?aki_policy=large"", ""https://a0.muscache.com/im/pictures/d4c3fa8a-131d-4670-90f3-8da41a4b2628.jpg?aki_policy=large"", ""https://a0.muscache.com/im/pictures/ce5c28cc-4332-40ba-9beb-425196d57111.jpg?aki_policy=large"", ""https://a0.muscache.com/im/pictures/cd0b5376-a9e8-4872-95e8-5a1469012154.jpg?aki_policy=large"", ""https://a0.muscache.com/im/pictures/5e2db394-45c5-44e5-b7ad-2ec35e126c3e.jpg?aki_policy=large"", ""https://a0.muscache.com/im/pictures/a45738de-07cc-4be8-89ef-dac5500375cb.jpg?aki_policy=large"", ""https://a0.muscache.com/im/pictures/3bcc1f3b-a577-4195-a092-2a5c9d3877c9.jpg?aki_policy=large"", ""https://a0.muscache.com/im/pictures/1573e7ec-5319-4cb0-aa61-872b26f9f0ab.jpg?aki_policy=large"", ""https://a0.muscache.com/im/pictures/051e30ea-6c8e-495b-b6fa-08eb02bb9322.jpg?aki_policy=large"", ""https://a0.muscache.com/im/pictures/dab4a905-2173-4365-ab96-9e60884e1052.jpg?aki_policy=large"", ""https://a0.muscache.com/im/pictures/a0fb9312-6b9f-44b9-b062-902d86197b7a.jpg?aki_policy=large""]";"{""beds"": 1, ""bedrooms"": 0, ""bathrooms"": 1.0, ""amenity_ids"": [1, 33, 34, 4, 5, 103, 8, 40, 41, 10, 44, 45, 77, 46, 47, 16, 51, 54, 23, 57, 30, 287], ""is_rebookable"": false, ""is_new_listing"": true, ""is_fully_refundable"": true, ""is_host_highly_rated"": false, ""is_business_travel_ready"": false}";"{""weekly_factor"": 1.0, ""monthly_factor"": 1.0}";2020;"";"{""is_superhost"": false}"
27742474;Magnifique appartement parisien, plein de charme !;entire_home;Paris;Père Lachaise - Ménilmontant;48.8620318093;2.3878739001;4;"[""https://a0.muscache.com/im/pictures/e17b55f8-7608-4dbf-8b1a-801d99005370.jpg?aki_policy=large"", ""https://a0.muscache.com/im/pictures/afb4ade5-bde2-493b-9239-1b9fb6207d8c.jpg?aki_policy=large"", ""https://a0.muscache.com/im/pictures/334ab642-d94d-4bda-b34d-bc30951c4f44.jpg?aki_policy=large"", ""https://a0.muscache.com/im/pictures/cc73364b-41f6-483f-a0a7-bc89b4dbf525.jpg?aki_policy=large"", ""https://a0.muscache.com/im/pictures/8d2ce101-5fdf-4056-9b96-2fbc8940f056.jpg?aki_policy=large"", ""https://a0.muscache.com/im/pictures/907f8783-d1b5-4c32-9b73-6cdd68be2ecf.jpg?aki_policy=large""]";"{""beds"": 2, ""bedrooms"": 2, ""bathrooms"": 1.0, ""amenity_ids"": [1, 129, 4, 8, 17, 21, 89, 90, 91, 28, 92, 93, 30, 94, 95, 96, 33, 34, 35, 100, 37, 103, 40, 45, 46, 47, 56], ""is_rebookable"": false, ""is_new_listing"": true, ""is_fully_refundable"": true, ""is_host_highly_rated"": true, ""is_business_travel_ready"": false}";"{""weekly_factor"": 1.0, ""monthly_factor"": 1.0}";44;"";"{""is_superhost"": false}"
27765516;BEAUTIFUL APARTMENT AT CHAMPS ELYSEE;entire_home;Paris;Champs-Elysées;48.8742805912;2.30042578076;2;"[""https://a0.muscache.com/im/pictures/547da188-9e81-483d-9cd7-ca546915bcbb.jpg?aki_policy=large"", ""https://a0.muscache.com/im/pictures/27bc6f4c-16eb-4123-ace1-aabef323dc47.jpg?aki_policy=large"", ""https://a0.muscache.com/im/pictures/ec799d6a-e949-4cc9-b131-ccef41423bba.jpg?aki_policy=large"", ""https://a0.muscache.com/im/pictures/2dacafe6-93b5-4bbc-952b-f692cb67c363.jpg?aki_policy=large"", ""https://a0.muscache.com/im/pictures/9bf5143d-1c8f-4bdd-b326-d71bc5ee008e.jpg?aki_policy=large"", ""https://a0.muscache.com/im/pictures/18d26a40-1ec1-48c0-b19c-d4db81ac818f.jpg?aki_policy=large"", ""https://a0.muscache.com/im/pictures/d7ef995d-fd91-4bdb-ad0d-09c46db80e1f.jpg?aki_policy=large"", ""https://a0.muscache.com/im/pictures/7214b7b1-5b49-4875-be0a-5a15eecd8550.jpg?aki_policy=large"", ""https://a0.muscache.com/im/pictures/cef11495-de2c-42be-ae6c-9b832b226ba5.jpg?aki_policy=large"", ""https://a0.muscache.com/im/pictures/e8436577-3d50-4a5e-bb88-3cd33ef800aa.jpg?aki_policy=large"", ""https://a0.muscache.com/im/pictures/2b92624e-ac0e-411e-976d-4d3e670686e3.jpg?aki_policy=large"", ""https://a0.muscache.com/im/pictures/334d106c-697c-4f89-965b-5ccea2cbf595.jpg?aki_policy=large"", ""https://a0.muscache.com/im/pictures/d956eff0-d55f-484c-9627-ff9b2d876cf8.jpg?aki_policy=large"", ""https://a0.muscache.com/im/pictures/adc096f0-2231-4d49-a06a-6cf80c0f70fe.jpg?aki_policy=large"", ""https://a0.muscache.com/im/pictures/fe5f2af1-9919-4524-b4af-d7645634328a.jpg?aki_policy=large"", ""https://a0.muscache.com/im/pictures/fdbde7ec-b26c-4a43-a859-dc88a400ed76.jpg?aki_policy=large"", ""https://a0.muscache.com/im/pictures/8fab9fc2-58b9-4529-87ab-df956aac399f.jpg?aki_policy=large"", ""https://a0.muscache.com/im/pictures/8431f8e0-d13e-4aae-ae36-95d7910af80c.jpg?aki_policy=large"", ""https://a0.muscache.com/im/pictures/54582076-c6eb-46e4-959c-e773ab805a19.jpg?aki_policy=large"", ""https://a0.muscache.com/im/pictures/78a060ac-916e-468c-ba54-4cb95918b8ca.jpg?aki_policy=large"", ""https://a0.muscache.com/im/pictures/dff58829-bb4f-4cde-860a-a67be69b4aa9.jpg?aki_policy=large"", ""https://a0.muscache.com/im/pictures/1d5e4f6d-cfd0-4ac8-b92b-4d616496f7b9.jpg?aki_policy=large""]";"{""beds"": 2, ""bedrooms"": 1, ""bathrooms"": 1.0, ""amenity_ids"": [1, 33, 35, 4, 21, 8, 40, 57, 44, 45, 30, 46], ""is_rebookable"": false, ""is_new_listing"": true, ""is_fully_refundable"": true, ""is_host_highly_rated"": false, ""is_business_travel_ready"": false}";"{""weekly_factor"": 1.0, ""monthly_factor"": 1.0}";5834;"";"{""is_superhost"": false}"
27793419;Studio entièrement équipé;entire_home;Paris;République;48.8621728263;2.37138165437;2;"[""https://a0.muscache.com/im/pictures/c5d1a23f-d7dd-4fa5-8268-82e1785b13cf.jpg?aki_policy=large"", ""https://a0.muscache.com/im/pictures/76e7eb93-2ed6-4a67-bed2-3a309e2c5456.jpg?aki_policy=large"", ""https://a0.muscache.com/im/pictures/eb5493ca-e597-4d5d-bd3c-2860618efa84.jpg?aki_policy=large"", ""https://a0.muscache.com/im/pictures/28e14053-9555-4fc0-a744-b5f2742fd22c.jpg?aki_policy=large"", ""https://a0.muscache.com/im/pictures/6bdc915a-d60c-43d9-8204-7616069e116b.jpg?aki_policy=large"", ""https://a0.muscache.com/im/pictures/9f4fe4f6-6c3c-423a-833f-584028a27c35.jpg?aki_policy=large"", ""https://a0.muscache.com/im/pictures/c5734667-acdd-4ee7-9bf0-89cfde341911.jpg?aki_policy=large"", ""https://a0.muscache.com/im/pictures/57e2ba26-c110-4501-9f23-75f1327ee528.jpg?aki_policy=large"", ""https://a0.muscache.com/im/pictures/0fb330e4-c371-4580-81d1-32f7c7dad12a.jpg?aki_policy=large"", ""https://a0.muscache.com/im/pictures/07083772-55c9-41f5-b7a4-c71e13bf7b96.jpg?aki_policy=large"", ""https://a0.muscache.com/im/pictures/98b6b213-189f-4e8c-b3ae-053590c471c9.jpg?aki_policy=large"", ""https://a0.muscache.com/im/pictures/571ce596-288f-4794-9d75-ae1639c88333.jpg?aki_policy=large"", ""https://a0.muscache.com/im/pictures/8297ffda-baac-4c3e-b7fe-cce2ae3f16ef.jpg?aki_policy=large""]";"{""beds"": 1, ""bedrooms"": 0, ""bathrooms"": 1.0, ""amenity_ids"": [33, 35, 4, 8, 40, 11, 12, 47, 89, 90, 91, 93, 30], ""is_rebookable"": false, ""is_new_listing"": false, ""is_fully_refundable"": true, ""is_host_highly_rated"": false, ""is_business_travel_ready"": false}";"{""weekly_factor"": 0.85, ""monthly_factor"": 0.75}";5290;"";"{""is_superhost"": false}"
27819145;Superbe appartement 6p avec vue sur le Pantheon;entire_home;Paris;Panthéon;48.8458145267;2.34387899782;6;"[""https://a0.muscache.com/im/pictures/ba4eeaec-8593-4f65-bedf-e07272123044.jpg?aki_policy=large"", ""https://a0.muscache.com/im/pictures/5dd280ea-0b8c-42d8-9c05-24ad909d57ab.jpg?aki_policy=large"", ""https://a0.muscache.com/im/pictures/58201144-3b29-46cd-b56c-5ebf37351842.jpg?aki_policy=large"", ""https://a0.muscache.com/im/pictures/a429a431-3b9c-407f-ac86-3d652805bc6b.jpg?aki_policy=large"", ""https://a0.muscache.com/im/pictures/879fd9fc-a1c8-4160-bec2-59441bfe2a6c.jpg?aki_policy=large"", ""https://a0.muscache.com/im/pictures/29a34337-b2ba-4811-ad1c-8e07de06391e.jpg?aki_policy=large"", ""https://a0.muscache.com/im/pictures/714d65d7-5b10-4c5d-9dd2-23b5fa750d56.jpg?aki_policy=large"", ""https://a0.muscache.com/im/pictures/b13c8df2-8747-4d67-92c7-57953087a3b9.jpg?aki_policy=large"", ""https://a0.muscache.com/im/pictures/da9782a1-0fb0-4487-a3df-9ded2357bb16.jpg?aki_policy=large"", ""https://a0.muscache.com/im/pictures/6c75dd19-db3d-4657-a13a-0bebdae8b73f.jpg?aki_policy=large"", ""https://a0.muscache.com/im/pictures/4ecf7274-851f-46bb-884f-dc41b53baf71.jpg?aki_policy=large"", ""https://a0.muscache.com/im/pictures/d4beba79-1416-4c16-9a64-6727793fc2d0.jpg?aki_policy=large"", ""https://a0.muscache.com/im/pictures/39908db3-3aa6-4b63-a410-90c4479f3be6.jpg?aki_policy=large"", ""https://a0.muscache.com/im/pictures/1a79259c-2a21-44c9-af9b-ad0c0fe5299c.jpg?aki_policy=large"", ""https://a0.muscache.com/im/pictures/0aacfaec-6780-4fa3-b63d-1fb44644a52f.jpg?aki_policy=large""]";"{""beds"": 1, ""bedrooms"": 3, ""bathrooms"": 1.5, ""amenity_ids"": [96, 1, 33, 34, 35, 4, 37, 8, 40, 41, 44, 77, 21, 85, 90, 91, 92, 93, 30, 94, 95], ""is_rebookable"": false, ""is_new_listing"": true, ""is_fully_refundable"": true, ""is_host_highly_rated"": false, ""is_business_travel_ready"": false}";"{""weekly_factor"": 0.9, ""monthly_factor"": 0.8}";5814;"";"{""is_superhost"": false}"
27822870;Studio Arc de Triomphe;private_room;Paris;Champs-Elysées;48.8761182085;2.29343420082;2;"[""https://a0.muscache.com/im/pictures/63fb8ab7-586b-4b2b-91b2-52dad639fad8.jpg?aki_policy=large"", ""https://a0.muscache.com/im/pictures/205aa43b-2f82-43ad-aab2-e00bf961f1f6.jpg?aki_policy=large"", ""https://a0.muscache.com/im/pictures/f2e7ef17-c375-41ec-8a6c-042982083ec6.jpg?aki_policy=large"", ""https://a0.muscache.com/im/pictures/cb8f7bff-61fc-4845-8438-7cb30d2a6455.jpg?aki_policy=large"", ""https://a0.muscache.com/im/pictures/12fb2d12-5993-402a-b6a3-ecc51bcab7d4.jpg?aki_policy=large"", ""https://a0.muscache.com/im/pictures/5d7c1037-b5c3-42ce-bbd3-e22386416577.jpg?aki_policy=large"", ""https://a0.muscache.com/im/pictures/f45ce1d9-af7c-4f76-9b25-488245fb7bc7.jpg?aki_policy=large"", ""https://a0.muscache.com/im/pictures/ba9d3538-d18e-413b-b8a0-ea156cdfe353.jpg?aki_policy=large"", ""https://a0.muscache.com/im/pictures/ce190977-1f23-4616-9e2a-e3951e1cfa42.jpg?aki_policy=large""]";"{""bedrooms"": 1, ""bathrooms"": 1.0, ""amenity_ids"": [1, 2, 4, 5, 10, 11, 77, 15, 85, 86, 87, 89, 90, 91, 30, 35, 39, 103, 40, 41, 44, 45, 46, 47, 51, 55], ""is_rebookable"": false, ""is_new_listing"": true, ""is_fully_refundable"": true, ""is_host_highly_rated"": false, ""is_business_travel_ready"": false}";"{""weekly_factor"": 1.0, ""monthly_factor"": 1.0}";3363;"";"{""is_superhost"": false}"
27843624;Good apartment in paris 11;entire_home;Paris;11e arrondissement;48.8564225125;2.38594596262;2;"[""https://a0.muscache.com/im/pictures/cb39e707-7a9d-4bb5-b2bc-b59dc94a357c.jpg?aki_policy=large"", ""https://a0.muscache.com/im/pictures/b46039b1-644a-4b6c-9e8a-6359867a15d0.jpg?aki_policy=large"", ""https://a0.muscache.com/im/pictures/2c307458-a816-473e-8e91-dc95bbab0417.jpg?aki_policy=large"", ""https://a0.muscache.com/im/pictures/6429d5f3-b37d-48ea-8de4-599396db80cc.jpg?aki_policy=large"", ""https://a0.muscache.com/im/pictures/19b475ca-d30c-4f92-9121-7874785ff836.jpg?aki_policy=large"", ""https://a0.muscache.com/im/pictures/66678f29-e9d3-4d0c-a3f7-854cca886d86.jpg?aki_policy=large"", ""https://a0.muscache.com/im/pictures/a04d381f-6d01-44e2-97a1-5edff325959c.jpg?aki_policy=large"", ""https://a0.muscache.com/im/pictures/5f46a5bc-f790-4b0f-ab46-87c5144984c8.jpg?aki_policy=large"", ""https://a0.muscache.com/im/pictures/af32220b-bcf1-4fe8-9ec4-58bdce26d956.jpg?aki_policy=large"", ""https://a0.muscache.com/im/pictures/aa8646cd-84b0-47d4-b223-3146be2e5667.jpg?aki_policy=large""]";"{""beds"": 1, ""bedrooms"": 1, ""bathrooms"": 1.0, ""amenity_ids"": [1, 129, 2, 4, 8, 136, 77, 85, 86, 89, 91, 93, 30, 94, 96, 103, 40, 296, 41, 109, 46, 111, 113, 116, 120, 121], ""is_rebookable"": false, ""is_new_listing"": false, ""is_fully_refundable"": true, ""is_host_highly_rated"": false, ""is_business_travel_ready"": false}";"{""weekly_factor"": 0.8, ""monthly_factor"": 0.6}";2681;"";"{""is_superhost"": false}"
27915761;Joli 2 pièces atypique - coeur du centre de Paris;entire_home;Paris;Le Marais;48.8646474808;2.35656326313;5;"[""https://a0.muscache.com/im/pictures/5e8515c2-93a6-4ff9-be1a-3a4b780e677b.jpg?aki_policy=large"", ""https://a0.muscache.com/im/pictures/788c2e69-9ec3-4c89-ad38-c9f6393a31d9.jpg?aki_policy=large"", ""https://a0.muscache.com/im/pictures/aaed7528-b7d2-433c-8e4d-a71664930ef2.jpg?aki_policy=large"", ""https://a0.muscache.com/im/pictures/79ca610f-2674-4063-aade-d40834de6772.jpg?aki_policy=large"", ""https://a0.muscache.com/im/pictures/197432b9-9aa9-4fd4-ad53-4dd2fb7f477f.jpg?aki_policy=large"", ""https://a0.muscache.com/im/pictures/04392213-8fa4-4586-b750-e26e65267202.jpg?aki_policy=large"", ""https://a0.muscache.com/im/pictures/ef2c8ef8-6d6b-4ad0-b596-b0a3af2bcba6.jpg?aki_policy=large"", ""https://a0.muscache.com/im/pictures/657570cd-e2c7-4a47-9434-fe8af01d3d7a.jpg?aki_policy=large"", ""https://a0.muscache.com/im/pictures/8c64f814-34b5-4b9a-a651-947a64ce6783.jpg?aki_policy=large"", ""https://a0.muscache.com/im/pictures/fd2e0122-01dd-4e48-9f5d-2e0e16098143.jpg?aki_policy=large""]";"{""beds"": 3, ""bedrooms"": 2, ""bathrooms"": 1.0, ""amenity_ids"": [129, 4, 8, 73, 10, 77, 85, 89, 90, 91, 92, 93, 30, 94, 95, 96, 33, 35, 37, 103, 40, 41, 44, 45, 46, 47], ""is_rebookable"": false, ""is_new_listing"": true, ""is_fully_refundable"": true, ""is_host_highly_rated"": true, ""is_business_travel_ready"": false}";"{""weekly_factor"": 0.95, ""monthly_factor"": 0.9}";1801;"";"{""is_superhost"": false}"
27918931;Beau duplex à deux pas du Trocadero;entire_home;Paris;Tour Eiffel - Champ de Mars;48.863833763;2.28851166222;2;"[""https://a0.muscache.com/im/pictures/0a8d7484-e07b-491c-949e-9a2bcb7007a2.jpg?aki_policy=large"", ""https://a0.muscache.com/im/pictures/d7df3bc6-86c2-4887-994d-449cb4ada12f.jpg?aki_policy=large"", ""https://a0.muscache.com/im/pictures/92f78b86-450d-4b71-807b-ffbbbc7de24e.jpg?aki_policy=large"", ""https://a0.muscache.com/im/pictures/5963e0af-9238-4119-98ef-69dfb650be8d.jpg?aki_policy=large"", ""https://a0.muscache.com/im/pictures/4e8bc2f4-881f-475c-8d60-dd687ff6f052.jpg?aki_policy=large"", ""https://a0.muscache.com/im/pictures/2cfb8292-2efb-47e7-8cc6-fba52a1ab875.jpg?aki_policy=large"", ""https://a0.muscache.com/im/pictures/58d1a2b4-e225-4c1c-b31b-a0300ecafbde.jpg?aki_policy=large"", ""https://a0.muscache.com/im/pictures/ba474b8c-12a1-4006-9661-435dbcdaad18.jpg?aki_policy=large"", ""https://a0.muscache.com/im/pictures/f98ba4f8-bd33-4af1-ab5a-e8fc82bcb82a.jpg?aki_policy=large"", ""https://a0.muscache.com/im/pictures/7d06b166-d029-48c1-9031-5480727b3063.jpg?aki_policy=large"", ""https://a0.muscache.com/im/pictures/9e36ffa0-960e-4f22-b0b9-751efafe8158.jpg?aki_policy=large"", ""https://a0.muscache.com/im/pictures/725caa28-ebe9-496d-b904-1018ff3f3f61.jpg?aki_policy=large""]";"{""beds"": 1, ""bedrooms"": 1, ""bathrooms"": 1.0, ""amenity_ids"": [96, 1, 33, 34, 3, 35, 4, 8, 40, 41, 44, 45, 77, 46, 47, 21, 85, 89, 90, 91, 92, 93, 94, 95], ""is_rebookable"": false, ""is_new_listing"": true, ""is_fully_refundable"": true, ""is_host_highly_rated"": false, ""is_business_travel_ready"": false}";"{""weekly_factor"": 1.0, ""monthly_factor"": 0.9}";7535;"";"{""is_superhost"": false}"
27923662;Louvre Terrasse;entire_home;Paris;Palais Royal;48.8614666899;2.34102202959;4;"[""https://a0.muscache.com/im/pictures/7bb48e14-d82c-481b-8113-032f16ba5784.jpg?aki_policy=large"", ""https://a0.muscache.com/im/pictures/f28460a4-0308-48fc-88ad-5da1cab4efed.jpg?aki_policy=large"", ""https://a0.muscache.com/im/pictures/b29a4b28-9dd1-4486-9f48-9a164f1d905e.jpg?aki_policy=large"", ""https://a0.muscache.com/im/pictures/54244c57-9e84-44a6-afd5-ccec7cb3321c.jpg?aki_policy=large"", ""https://a0.muscache.com/im/pictures/afbd5827-c93d-4ff1-a6f0-b7bc7aa0325c.jpg?aki_policy=large"", ""https://a0.muscache.com/im/pictures/6ca0cb20-1b56-4d7c-84d8-ee20a4cfac5f.jpg?aki_policy=large"", ""https://a0.muscache.com/im/pictures/ced0b671-b7b5-4f1f-a2cb-76d8fb4c27c0.jpg?aki_policy=large"", ""https://a0.muscache.com/im/pictures/669a9a83-aefd-4f93-b4b0-01dbb26a5696.jpg?aki_policy=large"", ""https://a0.muscache.com/im/pictures/415ec335-211c-4590-b720-6e4859956e3c.jpg?aki_policy=large"", ""https://a0.muscache.com/im/pictures/f4d5032b-eb9d-4dad-885e-2814a331e02e.jpg?aki_policy=large"", ""https://a0.muscache.com/im/pictures/7205f878-83c3-4454-b8db-854f51ff7972.jpg?aki_policy=large"", ""https://a0.muscache.com/im/pictures/f655a205-7cd2-468a-9286-9ef217c9825d.jpg?aki_policy=large"", ""https://a0.muscache.com/im/pictures/27deb194-c005-4034-92ee-3f11f4edab77.jpg?aki_policy=large"", ""https://a0.muscache.com/im/pictures/95132921-6940-4d45-a0de-c8a59ef3bc52.jpg?aki_policy=large"", ""https://a0.muscache.com/im/pictures/c31f0d50-35b1-4683-a7be-c1af0279b280.jpg?aki_policy=large"", ""https://a0.muscache.com/im/pictures/7afa7a7c-a0e8-4d1d-907a-2865f63e4283.jpg?aki_policy=large"", ""https://a0.muscache.com/im/pictures/c712eaba-8a77-4c43-aa25-e6b89de342f9.jpg?aki_policy=large"", ""https://a0.muscache.com/im/pictures/cd7463ec-2703-406f-bac4-962fcc1f4657.jpg?aki_policy=large"", ""https://a0.muscache.com/im/pictures/2cf52a1c-1c97-4a32-b5fd-8472cd430551.jpg?aki_policy=large"", ""https://a0.muscache.com/im/pictures/94fabf45-bb80-4cdf-8678-7e960fb6e3a1.jpg?aki_policy=large"", ""https://a0.muscache.com/im/pictures/6d4a11e3-61bd-470f-8cb8-f08c27871b7e.jpg?aki_policy=large""]";"{""beds"": 2, ""bedrooms"": 1, ""bathrooms"": 1.0, ""amenity_ids"": [64, 1, 2, 66, 131, 4, 71, 8, 10, 77, 21, 85, 87, 89, 90, 27, 91, 93, 30, 94, 31, 96, 33, 35, 100, 37, 40, 104, 41, 44, 45, 46, 47, 60], ""is_rebookable"": false, ""is_new_listing"": false, ""is_fully_refundable"": false, ""is_host_highly_rated"": true, ""is_business_travel_ready"": false}";"{""weekly_factor"": 1.0, ""monthly_factor"": 1.0}";4238;"";"{""is_superhost"": false}"
27951174;Magnifique au centre de Paris. Duplex chaleureux.;entire_home;Paris;Châtelet - Les Halles - Beaubourg;48.8593910126;2.34595979749;4;"[""https://a0.muscache.com/im/pictures/3a324269-94b7-4196-81e3-02ba6cc557ee.jpg?aki_policy=large"", ""https://a0.muscache.com/im/pictures/6f9b8af1-6097-4896-8e6e-24b163eddc43.jpg?aki_policy=large"", ""https://a0.muscache.com/im/pictures/b3c789b8-b8fa-473d-a2b0-81e59e5bb32c.jpg?aki_policy=large"", ""https://a0.muscache.com/im/pictures/276c52df-95fc-4dbd-b7cf-63d9b3e0786a.jpg?aki_policy=large"", ""https://a0.muscache.com/im/pictures/d856d7ac-dca6-48c2-a5d6-de8220f0d807.jpg?aki_policy=large"", ""https://a0.muscache.com/im/pictures/6ed9260a-8137-4c9f-bfec-f7debfd00e5f.jpg?aki_policy=large"", ""https://a0.muscache.com/im/pictures/4f81dcf5-2666-40b8-9d53-5c68246efb5b.jpg?aki_policy=large"", ""https://a0.muscache.com/im/pictures/687a68bc-05d5-4868-a7ce-302c9647e722.jpg?aki_policy=large"", ""https://a0.muscache.com/im/pictures/40db2e9c-30a1-4a1f-a52e-9720b83f462e.jpg?aki_policy=large"", ""https://a0.muscache.com/im/pictures/2a99b295-fc1a-4f59-a95f-c9948a308f12.jpg?aki_policy=large"", ""https://a0.muscache.com/im/pictures/42a61cd0-cb93-48dd-82e8-2dd9fbeeb736.jpg?aki_policy=large"", ""https://a0.muscache.com/im/pictures/fb1f97b2-4b82-49ae-a5e0-54c46a5d9afe.jpg?aki_policy=large"", ""https://a0.muscache.com/im/pictures/6544930c-fd41-4464-a675-2852bb704eb7.jpg?aki_policy=large"", ""https://a0.muscache.com/im/pictures/9151c874-51a7-47b5-9586-89adbe757071.jpg?aki_policy=large"", ""https://a0.muscache.com/im/pictures/d9a42b9b-5f22-44ba-9e24-24432bac1777.jpg?aki_policy=large"", ""https://a0.muscache.com/im/pictures/8bbdbdae-e445-46de-bbad-d17a55c4b567.jpg?aki_policy=large"", ""https://a0.muscache.com/im/pictures/c286db7e-6909-401f-85ac-46c127f4b102.jpg?aki_policy=large"", ""https://a0.muscache.com/im/pictures/02ce70c1-e8d3-4148-8034-410b39cb2b3a.jpg?aki_policy=large"", ""https://a0.muscache.com/im/pictures/31f57516-5988-41aa-b964-95385e94b7a6.jpg?aki_policy=large"", ""https://a0.muscache.com/im/pictures/396411e1-4044-4583-a306-e03a1e0a4a47.jpg?aki_policy=large"", ""https://a0.muscache.com/im/pictures/4c3ff495-392f-4f1d-9dec-563d4b773660.jpg?aki_policy=large"", ""https://a0.muscache.com/im/pictures/32fe4435-5aab-455f-a3f3-5fb022d36381.jpg?aki_policy=large"", ""https://a0.muscache.com/im/pictures/3effc013-5dd9-4eea-abc6-6747d5976496.jpg?aki_policy=large"", ""https://a0.muscache.com/im/pictures/0c5f0627-4c12-4b1b-9627-8fe2d2535b05.jpg?aki_policy=large"", ""https://a0.muscache.com/im/pictures/8dedec36-3759-48e2-9578-0c47fc7ac6f8.jpg?aki_policy=large"", ""https://a0.muscache.com/im/pictures/65dfc1e4-2aa4-4416-92d1-dbf2b0e88fe3.jpg?aki_policy=large"", ""https://a0.muscache.com/im/pictures/2b9ad40a-ffa4-4aa4-a593-ae04f212104a.jpg?aki_policy=large"", ""https://a0.muscache.com/im/pictures/82f16a19-2ae2-49f4-bce0-cbca9e1b9e24.jpg?aki_policy=large""]";"{""beds"": 2, ""bedrooms"": 1, ""bathrooms"": 2.0, ""amenity_ids"": [1, 33, 35, 4, 36, 8, 40, 104, 41, 10, 44, 45, 77, 46, 47, 16, 51, 21, 55, 27, 30], ""is_rebookable"": false, ""is_new_listing"": true, ""is_fully_refundable"": true, ""is_host_highly_rated"": true, ""is_business_travel_ready"": false}";"{""weekly_factor"": 1.0, ""monthly_factor"": 1.0}";3768;"";"{""is_superhost"": false}"
27953552;Deux pièces cosy au pied du métro Charonne (11ème);entire_home;Paris;11e arrondissement;48.8556952902;2.38596250668;2;"[""https://a0.muscache.com/im/pictures/383eacd4-9dfb-4c61-ac19-14740acc7602.jpg?aki_policy=large"", ""https://a0.muscache.com/im/pictures/7665b359-aa83-4728-8d3c-60b6780a29a0.jpg?aki_policy=large"", ""https://a0.muscache.com/im/pictures/1ff6d6cd-e3ca-426e-8390-54ab604e0426.jpg?aki_policy=large"", ""https://a0.muscache.com/im/pictures/1e8109c9-e654-42c0-95ac-5369157d41dd.jpg?aki_policy=large"", ""https://a0.muscache.com/im/pictures/67823af0-f703-4fef-ba3b-0161203db6c2.jpg?aki_policy=large"", ""https://a0.muscache.com/im/pictures/a0ced563-14ed-4217-8a2e-df3894a92fa2.jpg?aki_policy=large""]";"{""beds"": 1, ""bedrooms"": 1, ""bathrooms"": 1.5, ""amenity_ids"": [96, 1, 33, 35, 4, 37, 8, 40, 41, 44, 77, 47, 85, 89, 90, 91, 28, 93, 30, 31, 95], ""is_rebookable"": false, ""is_new_listing"": true, ""is_fully_refundable"": true, ""is_host_highly_rated"": false, ""is_business_travel_ready"": false}";"{""weekly_factor"": 0.79, ""monthly_factor"": 0.51}";3790;"";"{""is_superhost"": false}"
27975463;amazing studio in center Pompidou;entire_home;Paris;Châtelet - Les Halles - Beaubourg;48.8631404943;2.35212919258;2;"[""https://a0.muscache.com/im/pictures/8ab8b2d3-e099-43ec-a378-91d170e332e9.jpg?aki_policy=large"", ""https://a0.muscache.com/im/pictures/af13d8c9-5f3b-4325-b93e-3ad6e02591f5.jpg?aki_policy=large"", ""https://a0.muscache.com/im/pictures/c35d75eb-d953-4944-bdb3-2b1b03ff88a9.jpg?aki_policy=large"", ""https://a0.muscache.com/im/pictures/b85259de-d2f9-434e-80ff-40f07ed6f6aa.jpg?aki_policy=large"", ""https://a0.muscache.com/im/pictures/26f2baee-eaac-4578-9290-9c17944469d4.jpg?aki_policy=large"", ""https://a0.muscache.com/im/pictures/94511bd6-9eb2-4af3-827e-5c7c740a0973.jpg?aki_policy=large"", ""https://a0.muscache.com/im/pictures/6b979441-211d-4153-8896-53e0586ca196.jpg?aki_policy=large"", ""https://a0.muscache.com/im/pictures/a0cde17f-934d-4823-81d7-067ef6947123.jpg?aki_policy=large"", ""https://a0.muscache.com/im/pictures/8be47e6f-2b35-4188-8043-8154cbe86ed9.jpg?aki_policy=large"", ""https://a0.muscache.com/im/pictures/5fd53382-302c-43e8-a1cc-bdea1a57721a.jpg?aki_policy=large"", ""https://a0.muscache.com/im/pictures/a749ba0d-5e6b-4ea0-8287-02c7e373e6f4.jpg?aki_policy=large"", ""https://a0.muscache.com/im/pictures/f1d027a5-d329-40a1-86df-d3e1dfadae77.jpg?aki_policy=large"", ""https://a0.muscache.com/im/pictures/1deee6aa-497b-4ea2-ad0f-02576d97e21e.jpg?aki_policy=large"", ""https://a0.muscache.com/im/pictures/08755a50-1a6d-43c6-9a56-49497ac1f3be.jpg?aki_policy=large"", ""https://a0.muscache.com/im/pictures/7be03561-96d6-40bb-8dfc-33986c021a9a.jpg?aki_policy=large"", ""https://a0.muscache.com/im/pictures/e811ba96-295c-40a7-a353-d885eed782da.jpg?aki_policy=large"", ""https://a0.muscache.com/im/pictures/0925cbbd-eb4e-4e5d-a53a-a6470b586eb5.jpg?aki_policy=large"", ""https://a0.muscache.com/im/pictures/aeebbf53-80e0-4b01-8958-1f3143db10db.jpg?aki_policy=large"", ""https://a0.muscache.com/im/pictures/a2e78c09-22df-4a1f-bc86-ba468a7e5a15.jpg?aki_policy=large"", ""https://a0.muscache.com/im/pictures/8a3a745e-ee2e-47fc-bccf-9145553d2e1e.jpg?aki_policy=large"", ""https://a0.muscache.com/im/pictures/fb5a1267-ae8a-4390-8ff5-c116a7ed04bb.jpg?aki_policy=large"", ""https://a0.muscache.com/im/pictures/3e48b9af-affd-4139-adbf-d4c4de415836.jpg?aki_policy=large"", ""https://a0.muscache.com/im/pictures/a2368219-a3dc-4040-abbe-d49089308bd0.jpg?aki_policy=large"", ""https://a0.muscache.com/im/pictures/43121d55-b35c-4b27-9874-b18ac383bea2.jpg?aki_policy=large"", ""https://a0.muscache.com/im/pictures/f644494c-1ec5-4014-930c-b3e210ea4105.jpg?aki_policy=large"", ""https://a0.muscache.com/im/pictures/2342759f-fb21-4075-83be-889c24f60085.jpg?aki_policy=large"", ""https://a0.muscache.com/im/pictures/430c83d2-b1c1-4000-9a96-29040bcbf31a.jpg?aki_policy=large"", ""https://a0.muscache.com/im/pictures/ca3ce594-5c61-4630-b4be-b6d93c8ce10b.jpg?aki_policy=large""]";"{""beds"": 1, ""bedrooms"": 0, ""bathrooms"": 1.0, ""amenity_ids"": [1, 4, 8, 40, 41, 44, 45, 30, 46], ""is_rebookable"": false, ""is_new_listing"": false, ""is_fully_refundable"": true, ""is_host_highly_rated"": true, ""is_business_travel_ready"": false}";"{""weekly_factor"": 1.0, ""monthly_factor"": 1.0}";5489;"";"{""is_superhost"": false}"
27978488;Quintessentially St.Germain~Parisian Allure;entire_home;Paris;Saint Germain des Prés - Odéon;48.854451061;2.33784457267;3;"[""https://a0.muscache.com/im/pictures/9ba60165-fe11-459c-bdb1-0e95194230f9.jpg?aki_policy=large"", ""https://a0.muscache.com/im/pictures/424ba8d3-14a8-4f27-a77d-e0d3c810d1e5.jpg?aki_policy=large"", ""https://a0.muscache.com/im/pictures/49657ee2-f7e8-4593-bc06-b2f34672ea53.jpg?aki_policy=large"", ""https://a0.muscache.com/im/pictures/f466d341-a747-45a7-9faf-65cc6cd3ccbf.jpg?aki_policy=large"", ""https://a0.muscache.com/im/pictures/b7198a8a-dd2a-4621-955e-66eed3afd957.jpg?aki_policy=large"", ""https://a0.muscache.com/im/pictures/c644909f-1b31-4b89-b55a-7f3fbd2b8bea.jpg?aki_policy=large"", ""https://a0.muscache.com/im/pictures/dbbcb0aa-832d-47eb-9665-fa345c714e8b.jpg?aki_policy=large"", ""https://a0.muscache.com/im/pictures/a5fe6f68-2ba1-401b-b483-e559723065bd.jpg?aki_policy=large"", ""https://a0.muscache.com/im/pictures/3910c7b3-1c5b-4a7c-b960-fa4e1e988e57.jpg?aki_policy=large"", ""https://a0.muscache.com/im/pictures/a0d8b6ee-8ecb-45ee-9cb1-f78d75c41db5.jpg?aki_policy=large"", ""https://a0.muscache.com/im/pictures/18390e6d-a257-4274-b0fe-4dac61b25137.jpg?aki_policy=large"", ""https://a0.muscache.com/im/pictures/4bd515af-9d47-4512-a68d-15d07164deb7.jpg?aki_policy=large"", ""https://a0.muscache.com/im/pictures/807f068d-4bbc-4080-b985-72bf6b2666fb.jpg?aki_policy=large"", ""https://a0.muscache.com/im/pictures/f1395cad-9458-4372-b10f-24a4e8736afd.jpg?aki_policy=large"", ""https://a0.muscache.com/im/pictures/de3abb6a-cead-4c46-8c7b-2e42d935f79f.jpg?aki_policy=large"", ""https://a0.muscache.com/im/pictures/1e709c96-0867-4491-97a4-b5f91746b950.jpg?aki_policy=large"", ""https://a0.muscache.com/im/pictures/a8042501-20f2-4b8d-95e3-d167031927a0.jpg?aki_policy=large"", ""https://a0.muscache.com/im/pictures/132b79b4-b59d-4408-881a-f2c963480ece.jpg?aki_policy=large"", ""https://a0.muscache.com/im/pictures/1e967361-f55b-4555-9863-022d3738fda4.jpg?aki_policy=large"", ""https://a0.muscache.com/im/pictures/5f6cec0c-f8e1-44c5-a4a4-575ce1abc080.jpg?aki_policy=large"", ""https://a0.muscache.com/im/pictures/4f5ae1d3-c9f7-4cd9-80dc-3138d94cf437.jpg?aki_policy=large""]";"{""beds"": 2, ""bedrooms"": 1, ""bathrooms"": 1.0, ""amenity_ids"": [64, 1, 2, 4, 71, 8, 77, 85, 86, 89, 90, 27, 91, 92, 93, 30, 94, 95, 96, 33, 34, 35, 39, 103, 40, 104, 42, 44, 45, 46, 57], ""is_rebookable"": false, ""is_new_listing"": true, ""is_fully_refundable"": true, ""is_host_highly_rated"": false, ""is_business_travel_ready"": false}";"{""weekly_factor"": 1.0, ""monthly_factor"": 0.9}";2748;"";"{""is_superhost"": false}"
27980852;Duplex charment et calme;entire_home;Paris;11e arrondissement;48.8495747996;2.3887331668;3;"[""https://a0.muscache.com/im/pictures/c98f9048-76d5-4f97-ba32-58e9bdba0710.jpg?aki_policy=large"", ""https://a0.muscache.com/im/pictures/e5bc3c24-136f-4d94-b116-b92486826c71.jpg?aki_policy=large"", ""https://a0.muscache.com/im/pictures/c6d93a88-2342-4843-b404-38ff8b26071c.jpg?aki_policy=large""]";"{""beds"": 1, ""bedrooms"": 1, ""bathrooms"": 1.0, ""amenity_ids"": [1, 129, 4, 8, 40, 44, 45, 46, 47], ""is_rebookable"": false, ""is_new_listing"": true, ""is_fully_refundable"": true, ""is_host_highly_rated"": false, ""is_business_travel_ready"": false}";"{""weekly_factor"": 1.0, ""monthly_factor"": 1.0}";2886;"";"{""is_superhost"": false}"
27986775;Wonderful and cosy 2/3 rooms - Heart of Paris;entire_home;Paris;République;48.8686378049;2.37701962949;4;"[""https://a0.muscache.com/im/pictures/f36140ad-e09c-4d30-b243-6e4d5308d732.jpg?aki_policy=large"", ""https://a0.muscache.com/im/pictures/2f7eb1f9-7be7-4151-bd14-cef30a7782e1.jpg?aki_policy=large"", ""https://a0.muscache.com/im/pictures/3ef16c57-a9af-44ee-b001-9c122f164c56.jpg?aki_policy=large"", ""https://a0.muscache.com/im/pictures/8441d078-56bb-4dc8-a4c9-e0a12ebb33de.jpg?aki_policy=large"", ""https://a0.muscache.com/im/pictures/81aaef28-ad6f-4f6d-8668-9ba259f3ac79.jpg?aki_policy=large"", ""https://a0.muscache.com/im/pictures/837545dd-35e3-4e09-b8da-c02dd1b68fe0.jpg?aki_policy=large"", ""https://a0.muscache.com/im/pictures/197895f6-371e-4697-bdca-5e9481a007a9.jpg?aki_policy=large"", ""https://a0.muscache.com/im/pictures/6c55558c-8570-445a-b5dc-e8b6fb2fad2b.jpg?aki_policy=large"", ""https://a0.muscache.com/im/pictures/ae3d5b7a-c6ea-4e51-9a8b-54953d58644e.jpg?aki_policy=large"", ""https://a0.muscache.com/im/pictures/8ff79c09-480a-4551-b256-0470e20d9fad.jpg?aki_policy=large"", ""https://a0.muscache.com/im/pictures/8836cc92-a3e4-41ee-9790-ab36e3c272d0.jpg?aki_policy=large"", ""https://a0.muscache.com/im/pictures/c7a8b618-dc70-4b9a-a903-ee8c6c25a129.jpg?aki_policy=large"", ""https://a0.muscache.com/im/pictures/82b24e33-701a-45c3-84e9-df43d00e5d97.jpg?aki_policy=large"", ""https://a0.muscache.com/im/pictures/a474fc8a-c926-4673-bfc2-2bfebf5e4ea0.jpg?aki_policy=large"", ""https://a0.muscache.com/im/pictures/bce24a29-5652-4521-b22f-c373b418aeb2.jpg?aki_policy=large"", ""https://a0.muscache.com/im/pictures/39138e74-2e44-4fc8-baab-61ff288d91ab.jpg?aki_policy=large"", ""https://a0.muscache.com/im/pictures/7e02231a-355d-42a4-b7d6-8a71a1aecd40.jpg?aki_policy=large"", ""https://a0.muscache.com/im/pictures/d812312a-1098-4daa-8ea5-2743f39257bd.jpg?aki_policy=large"", ""https://a0.muscache.com/im/pictures/00f0c7dd-3315-4a1f-b910-5ab7b4b9e1bb.jpg?aki_policy=large"", ""https://a0.muscache.com/im/pictures/ab2e50a1-61d7-451d-a7a9-f79cee23baad.jpg?aki_policy=large"", ""https://a0.muscache.com/im/pictures/b8db764a-a0cb-48d8-985f-faa4de0794c5.jpg?aki_policy=large"", ""https://a0.muscache.com/im/pictures/2e7e7763-5703-4c79-b894-3315c47d7b2d.jpg?aki_policy=large""]";"{""beds"": 2, ""bedrooms"": 1, ""bathrooms"": 1.0, ""amenity_ids"": [96, 1, 33, 4, 5, 39, 8, 40, 41, 44, 45, 46, 47, 57, 89, 90, 91, 93, 30, 94], ""is_rebookable"": false, ""is_new_listing"": false, ""is_fully_refundable"": true, ""is_host_highly_rated"": false, ""is_business_travel_ready"": false}";"{""weekly_factor"": 1.0, ""monthly_factor"": 1.0}";3891;"";"{""is_superhost"": false}"
27987350;Charming Parisian flat in Montorgeuil !!!;entire_home;Paris;Châtelet - Les Halles - Beaubourg;48.8650359548;2.34876675683;4;"[""https://a0.muscache.com/im/pictures/725535e5-beaa-4a1d-b1fc-4889f2969400.jpg?aki_policy=large"", ""https://a0.muscache.com/im/pictures/2fef177b-74b5-499d-a2eb-d7cc69be2c1d.jpg?aki_policy=large"", ""https://a0.muscache.com/im/pictures/8bba8b2b-e873-4c0f-88c7-29a02b48ff17.jpg?aki_policy=large"", ""https://a0.muscache.com/im/pictures/883be631-0539-43eb-a27e-a65c12a7c526.jpg?aki_policy=large"", ""https://a0.muscache.com/im/pictures/bb88d2f3-eaef-4980-b12f-158613c21593.jpg?aki_policy=large"", ""https://a0.muscache.com/im/pictures/ef919216-2c1b-4252-9b8e-4d10b8b38367.jpg?aki_policy=large"", ""https://a0.muscache.com/im/pictures/2544b7a8-225f-46cc-ac96-ced62b5263e9.jpg?aki_policy=large"", ""https://a0.muscache.com/im/pictures/aee9123f-94d8-4fe3-b4d8-447394bda10a.jpg?aki_policy=large"", ""https://a0.muscache.com/im/pictures/2ddfa0a6-42ea-4953-94c3-74f3bc72f70e.jpg?aki_policy=large"", ""https://a0.muscache.com/im/pictures/e9d8a35e-2052-4924-8343-c74442f50124.jpg?aki_policy=large"", ""https://a0.muscache.com/im/pictures/29ad236f-1737-4ace-9d5d-c867b7350276.jpg?aki_policy=large"", ""https://a0.muscache.com/im/pictures/da56f3d5-9e4e-46ce-8861-19314507ebea.jpg?aki_policy=large"", ""https://a0.muscache.com/im/pictures/c2d722e4-cc56-4ffd-9ea1-ce8b50937d7c.jpg?aki_policy=large"", ""https://a0.muscache.com/im/pictures/b234f6f8-5b9e-4c71-ac62-17be4aaa89e7.jpg?aki_policy=large"", ""https://a0.muscache.com/im/pictures/6d9beb40-8d3a-4fb7-bf5d-e7f4637b09cb.jpg?aki_policy=large"", ""https://a0.muscache.com/im/pictures/1eb844cd-ec36-4ca8-b5e8-e3a29c64bb98.jpg?aki_policy=large"", ""https://a0.muscache.com/im/pictures/1bfe2154-e0ac-456f-ac5c-6e340249cf7c.jpg?aki_policy=large"", ""https://a0.muscache.com/im/pictures/8ab46f91-9c25-4149-976f-6cc67fa33ff9.jpg?aki_policy=large"", ""https://a0.muscache.com/im/pictures/da58b650-de81-461f-92b5-7387f79d0848.jpg?aki_policy=large""]";"{""beds"": 1, ""bedrooms"": 1, ""bathrooms"": 1.0, ""amenity_ids"": [1, 35, 4, 36, 40, 41, 12, 44, 45, 30, 46, 47], ""is_rebookable"": false, ""is_new_listing"": false, ""is_fully_refundable"": true, ""is_host_highly_rated"": true, ""is_business_travel_ready"": false}";"{""weekly_factor"": 1.0, ""monthly_factor"": 1.0}";4902;"";"{""is_superhost"": false}"
13652841;Charmant petit studio à Paris 11;entire_home;Paris;11e arrondissement;48.863682;2.380281;2;"[""https://a0.muscache.com/im/pictures/4e429aec-35bb-48c1-9a5f-5420c4f9a91f.jpg?aki_policy=large"", ""https://a0.muscache.com/im/pictures/d8e11bab-917a-4489-8606-c2647ce82262.jpg?aki_policy=large"", ""https://a0.muscache.com/im/pictures/607f1a98-6500-4f45-a5cf-e19207dc7d2a.jpg?aki_policy=large"", ""https://a0.muscache.com/im/pictures/2a286bbe-c843-4d28-9a15-c1e706421243.jpg?aki_policy=large"", ""https://a0.muscache.com/im/pictures/5df325cc-65b9-4df1-b59e-caac9f2e2342.jpg?aki_policy=large""]";"{""beds"": 1, ""bedrooms"": 0, ""bathrooms"": 1.0, ""amenity_ids"": [49, 50, 3, 4, 8, 40, 41, 44, 45, 30], ""is_rebookable"": false, ""is_new_listing"": false, ""is_fully_refundable"": true, ""is_host_highly_rated"": false, ""is_business_travel_ready"": false}";"{""weekly_factor"": 0.95, ""monthly_factor"": 1.0}";2964;"";"{""is_superhost"": false}"
28045926;Live Like a French Artist in Bohemian Paris;entire_home;Paris;Buttes-Chaumont - Belleville;48.8711368242;2.39483442684;2;"[""https://a0.muscache.com/im/pictures/29f948bb-fb56-4500-9f9c-b1212ab92b3f.jpg?aki_policy=large"", ""https://a0.muscache.com/im/pictures/4cccc603-9937-4295-a0f7-8132a2adb324.jpg?aki_policy=large"", ""https://a0.muscache.com/im/pictures/d7a7c5d7-56e4-48c3-b956-e941cf2bc5bc.jpg?aki_policy=large"", ""https://a0.muscache.com/im/pictures/0835e9f3-36b5-4fad-87ed-3a140458e93b.jpg?aki_policy=large"", ""https://a0.muscache.com/im/pictures/59aa963b-1b63-418b-bb93-695044da9649.jpg?aki_policy=large"", ""https://a0.muscache.com/im/pictures/8384c85b-3cfc-44cb-8f78-214a2d363a03.jpg?aki_policy=large"", ""https://a0.muscache.com/im/pictures/bb61d175-0812-4071-9147-976fa24e3b40.jpg?aki_policy=large"", ""https://a0.muscache.com/im/pictures/8c948cb3-9579-4961-812f-e62cac25b5e9.jpg?aki_policy=large"", ""https://a0.muscache.com/im/pictures/6dc14158-3bcb-4b80-9f84-0506833ba1fe.jpg?aki_policy=large"", ""https://a0.muscache.com/im/pictures/16b5ad0e-67ed-491a-84f1-ec522458e016.jpg?aki_policy=large"", ""https://a0.muscache.com/im/pictures/bdb7326e-22ee-4db0-88f7-05ebfe8baf25.jpg?aki_policy=large"", ""https://a0.muscache.com/im/pictures/3373732a-93f6-4014-b8fb-cc4f54977e2f.jpg?aki_policy=large"", ""https://a0.muscache.com/im/pictures/fbca98f9-3dd5-4830-9bd9-dc46ad8b1c45.jpg?aki_policy=large"", ""https://a0.muscache.com/im/pictures/fb7c15af-40e9-46b5-af1d-d1665d86cc50.jpg?aki_policy=large"", ""https://a0.muscache.com/im/pictures/dfe233c3-2656-4459-8ece-84e29e2bb173.jpg?aki_policy=large"", ""https://a0.muscache.com/im/pictures/eda5cb74-770e-43b2-9bee-797c0c2e1563.jpg?aki_policy=large"", ""https://a0.muscache.com/im/pictures/486d654c-5c01-4746-a1ae-4d6eef19c4d8.jpg?aki_policy=large""]";"{""beds"": 1, ""bedrooms"": 0, ""bathrooms"": 1.0, ""amenity_ids"": [4, 8, 40, 47], ""is_rebookable"": false, ""is_new_listing"": true, ""is_fully_refundable"": true, ""is_host_highly_rated"": false, ""is_business_travel_ready"": false}";"{""weekly_factor"": 0.91, ""monthly_factor"": 0.87}";5287;"";"{""is_superhost"": false}"
28093743;Have Fun In Paris With Your Friends Or Family !;entire_home;Paris;Buttes-Chaumont - Belleville;48.8712682208;2.38848368112;7;"[""https://a0.muscache.com/im/pictures/138b06c3-7b76-4567-a7dc-d846612d47c1.jpg?aki_policy=large"", ""https://a0.muscache.com/im/pictures/245889b0-45e4-4d6a-b8af-25fd467ff476.jpg?aki_policy=large"", ""https://a0.muscache.com/im/pictures/f78c81d8-cde6-41ac-8276-015f7f17faa8.jpg?aki_policy=large"", ""https://a0.muscache.com/im/pictures/04062d78-e3a8-4168-8ac6-945e38a3b166.jpg?aki_policy=large"", ""https://a0.muscache.com/im/pictures/b4c047e2-b00d-4ae2-87c3-b822be3ca7de.jpg?aki_policy=large"", ""https://a0.muscache.com/im/pictures/cee9874e-be49-4df6-bc5d-f03bfc376c22.jpg?aki_policy=large"", ""https://a0.muscache.com/im/pictures/5672b2a6-99c6-4e0b-b934-578faaf84f64.jpg?aki_policy=large"", ""https://a0.muscache.com/im/pictures/f3bf9ab3-8c14-4ae3-99bc-2d87a2852523.jpg?aki_policy=large"", ""https://a0.muscache.com/im/pictures/eaa9b4f9-8376-40bb-a006-b7ce46b68810.jpg?aki_policy=large"", ""https://a0.muscache.com/im/pictures/153f2f51-7d84-4aff-9210-440f58c4399f.jpg?aki_policy=large"", ""https://a0.muscache.com/im/pictures/499f14f9-68f8-4da3-b00c-de9f55a895ee.jpg?aki_policy=large"", ""https://a0.muscache.com/im/pictures/dda525c9-d950-495f-bcd9-4b93cc1d7064.jpg?aki_policy=large"", ""https://a0.muscache.com/im/pictures/e2e3d52e-4c4f-42f4-95af-52481d19df6b.jpg?aki_policy=large"", ""https://a0.muscache.com/im/pictures/ababa271-0ea1-4179-b617-583c9ebb0dc4.jpg?aki_policy=large"", ""https://a0.muscache.com/im/pictures/068b6f3c-b536-43a6-9e1c-35e4092ed874.jpg?aki_policy=large""]";"{""beds"": 1, ""bedrooms"": 4, ""bathrooms"": 1.0, ""amenity_ids"": [4, 85, 8, 40, 41, 44, 45, 77, 30, 47], ""is_rebookable"": false, ""is_new_listing"": true, ""is_fully_refundable"": true, ""is_host_highly_rated"": true, ""is_business_travel_ready"": false}";"{""weekly_factor"": 0.91, ""monthly_factor"": 0.87}";3651;"";"{""is_superhost"": false}"
28115949;Comfortable accommodations for 5 next to St Lazare;private_room;Paris;Saint-Lazare;48.8766976118;2.32657756898;5;"[""https://a0.muscache.com/im/pictures/c403cd06-8524-48c2-8cb1-4e8afcbfaa94.jpg?aki_policy=large"", ""https://a0.muscache.com/im/pictures/c72dae46-8a0c-4449-a8dd-5ca7a956749c.jpg?aki_policy=large"", ""https://a0.muscache.com/im/pictures/b2e88031-b336-4a54-b3d0-a2cb9c65743d.jpg?aki_policy=large"", ""https://a0.muscache.com/im/pictures/4c772918-228f-48da-9a83-2a8264024d0d.jpg?aki_policy=large"", ""https://a0.muscache.com/im/pictures/34a9ecab-a9cf-4cf7-ab85-526ee49a61f6.jpg?aki_policy=large"", ""https://a0.muscache.com/im/pictures/2dc6700c-de9a-4c86-929f-8008ac01d89d.jpg?aki_policy=large""]";"{""beds"": 4, ""bedrooms"": 2, ""bathrooms"": 2.0, ""amenity_ids"": [128, 1, 2, 4, 5, 72, 10, 77, 86, 87, 30, 35, 37, 39, 103, 40, 41, 44, 45, 46, 110, 47, 111, 112, 51, 115, 55, 61, 127], ""is_rebookable"": false, ""is_new_listing"": true, ""is_fully_refundable"": true, ""is_host_highly_rated"": true, ""is_business_travel_ready"": false}";"{""weekly_factor"": 1.0, ""monthly_factor"": 1.0}";2882;"";"{""is_superhost"": false}"
28202081;Room near La Fayette Galery;private_room;Paris;Pigalle - Saint-Georges;48.8783476652;2.33827856088;3;"[""https://a0.muscache.com/im/pictures/9391bdeb-399b-45cd-993f-3cba1742887d.jpg?aki_policy=large"", ""https://a0.muscache.com/im/pictures/1f945d83-ab81-475d-894d-d003513fcd1a.jpg?aki_policy=large"", ""https://a0.muscache.com/im/pictures/c8943d37-9571-4e38-9f5d-43e8518d78e3.jpg?aki_policy=large"", ""https://a0.muscache.com/im/pictures/beb22e80-93cc-4924-a17a-13a116dab0d4.jpg?aki_policy=large""]";"{""beds"": 2, ""bedrooms"": 1, ""bathrooms"": 1.0, ""amenity_ids"": [1, 33, 4, 8, 40, 56, 45, 30, 46, 47], ""is_rebookable"": false, ""is_new_listing"": true, ""is_fully_refundable"": true, ""is_host_highly_rated"": false, ""is_business_travel_ready"": false}";"{""weekly_factor"": 1.0, ""monthly_factor"": 1.0}";4355;"";"{""is_superhost"": false}"
28169942;Saint Germain Spacious luxury & family apart;entire_home;Paris;Saint-Michel;48.8504959545;2.34430222611;7;"[""https://a0.muscache.com/im/pictures/2052db99-6532-4df9-9342-3acd5a203004.jpg?aki_policy=large"", ""https://a0.muscache.com/im/pictures/d199c32a-fa17-4876-a8ed-13e1da5d70f1.jpg?aki_policy=large"", ""https://a0.muscache.com/im/pictures/122ae968-f2ce-4b06-9679-5c449794c906.jpg?aki_policy=large"", ""https://a0.muscache.com/im/pictures/e841ac1e-08de-4998-beab-a0f3a3850a20.jpg?aki_policy=large"", ""https://a0.muscache.com/im/pictures/7b0658aa-7447-4ecb-8bf6-fd7571a81176.jpg?aki_policy=large"", ""https://a0.muscache.com/im/pictures/f88482a8-2edc-44ff-8020-ebfbd239e63e.jpg?aki_policy=large"", ""https://a0.muscache.com/im/pictures/dc4eb733-33a5-43c6-9bb3-2fd8b0441f8d.jpg?aki_policy=large"", ""https://a0.muscache.com/im/pictures/9a31ccc6-4e2c-415b-b8b2-861e4dba49e9.jpg?aki_policy=large"", ""https://a0.muscache.com/im/pictures/7f90fcb8-05a9-4013-ac47-9f1a332bb594.jpg?aki_policy=large"", ""https://a0.muscache.com/im/pictures/1a0af752-96cf-4e56-8929-9a750b138634.jpg?aki_policy=large"", ""https://a0.muscache.com/im/pictures/c302eaa8-d579-4be4-ac9a-a837932350ef.jpg?aki_policy=large"", ""https://a0.muscache.com/im/pictures/021a95fe-78ae-437d-8307-b1fb6d5f0ca6.jpg?aki_policy=large"", ""https://a0.muscache.com/im/pictures/756138ba-ec0d-4142-8d24-006be76c6525.jpg?aki_policy=large"", ""https://a0.muscache.com/im/pictures/07283736-7d95-467b-8aac-7764c4368599.jpg?aki_policy=large"", ""https://a0.muscache.com/im/pictures/a3a0d19f-61d8-458b-8ec8-699e65415127.jpg?aki_policy=large"", ""https://a0.muscache.com/im/pictures/5d09ea81-eb12-41b3-8a62-b986b8b18983.jpg?aki_policy=large"", ""https://a0.muscache.com/im/pictures/099e87cb-5fad-4a5d-b95a-26756d4c3ecc.jpg?aki_policy=large"", ""https://a0.muscache.com/im/pictures/1be34f25-0a35-4624-a27c-5cde1ba58859.jpg?aki_policy=large"", ""https://a0.muscache.com/im/pictures/58491595-8c5d-4c47-a900-5b59f11f718d.jpg?aki_policy=large"", ""https://a0.muscache.com/im/pictures/db694914-faed-45bb-a0c9-e425926db8bb.jpg?aki_policy=large"", ""https://a0.muscache.com/im/pictures/a3a11f00-b490-436e-8863-e5dae47e170c.jpg?aki_policy=large"", ""https://a0.muscache.com/im/pictures/a4906257-8fca-4221-931b-b8c840a0d23c.jpg?aki_policy=large"", ""https://a0.muscache.com/im/pictures/91fd88ff-fa9e-481c-bd87-2328e21c0798.jpg?aki_policy=large"", ""https://a0.muscache.com/im/pictures/401f7012-9117-4e4b-b347-88ad34e1aa9b.jpg?aki_policy=large"", ""https://a0.muscache.com/im/pictures/c743e459-88e2-457b-9f3e-8f4df9b6d2c1.jpg?aki_policy=large"", ""https://a0.muscache.com/im/pictures/c4b13c75-62c9-423a-930e-6149aeb00023.jpg?aki_policy=large"", ""https://a0.muscache.com/im/pictures/3694b096-1e5e-45d9-b71e-3009c35aef85.jpg?aki_policy=large"", ""https://a0.muscache.com/im/pictures/2448122d-126e-45fe-9cad-36656c566bf8.jpg?aki_policy=large"", ""https://a0.muscache.com/im/pictures/ef4842bb-19d2-430b-b0d0-b6152ed6b16c.jpg?aki_policy=large""]";"{""beds"": 5, ""bedrooms"": 3, ""bathrooms"": 2.0, ""amenity_ids"": [1, 33, 34, 35, 4, 5, 8, 40, 44, 45, 46, 47, 21, 30], ""is_rebookable"": false, ""is_new_listing"": true, ""is_fully_refundable"": true, ""is_host_highly_rated"": true, ""is_business_travel_ready"": false}";"{""weekly_factor"": 0.97, ""monthly_factor"": 0.95}";2094;"";"{""is_superhost"": false}"
28173671;"Come Scream ""Je T'Aime Paris"" In This Central Flat";entire_home;Paris;Palais Royal;48.8633304564;2.34106161982;2;"[""https://a0.muscache.com/im/pictures/d524d334-df22-4940-9c40-7d3207dc9467.jpg?aki_policy=large"", ""https://a0.muscache.com/im/pictures/e35f89d0-d309-4c86-b72f-c790b1076b55.jpg?aki_policy=large"", ""https://a0.muscache.com/im/pictures/6c13d4d9-b3da-4ec2-b6ba-3d66d587f81f.jpg?aki_policy=large"", ""https://a0.muscache.com/im/pictures/2b42165b-2f12-4605-b24a-7f8a262ad090.jpg?aki_policy=large"", ""https://a0.muscache.com/im/pictures/c0188f2f-ab7e-468e-956d-bd7119ff4e40.jpg?aki_policy=large"", ""https://a0.muscache.com/im/pictures/ff3436c0-0029-4343-b4b8-993117b499a9.jpg?aki_policy=large"", ""https://a0.muscache.com/im/pictures/30b5efc2-989b-4d89-9a80-9851af176b65.jpg?aki_policy=large"", ""https://a0.muscache.com/im/pictures/8382b97d-3a93-4ffa-818b-af295ff770ea.jpg?aki_policy=large"", ""https://a0.muscache.com/im/pictures/f8d6a564-af9d-43ba-a311-aab906be2aa9.jpg?aki_policy=large"", ""https://a0.muscache.com/im/pictures/fc2ec640-06d7-45a9-87b1-d0eaba093f79.jpg?aki_policy=large"", ""https://a0.muscache.com/im/pictures/7bd834b7-e3ae-4660-aa8f-b7cfe4eb9c65.jpg?aki_policy=large"", ""https://a0.muscache.com/im/pictures/e527d362-4501-4be4-81ef-c6d04235aca4.jpg?aki_policy=large""]";"{""beds"": 1, ""bathrooms"": 1.0, ""amenity_ids"": [4, 8, 40, 30, 47], ""is_rebookable"": false, ""is_new_listing"": true, ""is_fully_refundable"": true, ""is_host_highly_rated"": false, ""is_business_travel_ready"": false}";"{""weekly_factor"": 0.91, ""monthly_factor"": 0.87}";5287;"";"{""is_superhost"": false}"
28179069;Chambre dans un petit appart. Tiny room/small flat;private_room;Paris;Nation;48.8470336293;2.39412559608;2;"[""https://a0.muscache.com/im/pictures/59d2b549-1872-43a4-b520-c056cdc78fd7.jpg?aki_policy=large"", ""https://a0.muscache.com/im/pictures/11219ac4-22ed-453e-b226-0ba4a915c1c8.jpg?aki_policy=large"", ""https://a0.muscache.com/im/pictures/8072c14d-7d9f-4219-82db-d11ce06823b5.jpg?aki_policy=large"", ""https://a0.muscache.com/im/pictures/b54fc92b-765f-487d-9827-f272cce841d8.jpg?aki_policy=large"", ""https://a0.muscache.com/im/pictures/b238893f-961c-4bab-916b-9844da00f514.jpg?aki_policy=large"", ""https://a0.muscache.com/im/pictures/c73909e4-6ca4-4ba1-8a3d-389d25681e86.jpg?aki_policy=large"", ""https://a0.muscache.com/im/pictures/8d71958d-f1a7-41b8-bd19-8cd2ce112ecd.jpg?aki_policy=large""]";"{""beds"": 1, ""bedrooms"": 1, ""bathrooms"": 1.0, ""amenity_ids"": [1, 129, 4, 8, 11, 77, 85, 23, 90, 91, 93, 30, 94, 95, 96, 33, 34, 35, 103, 40, 104, 41, 44, 45, 47, 57], ""is_rebookable"": false, ""is_new_listing"": false, ""is_fully_refundable"": true, ""is_host_highly_rated"": true, ""is_business_travel_ready"": false}";"{""weekly_factor"": 0.95, ""monthly_factor"": 0.92}";2532;"";"{""is_superhost"": false}"
28236618;Cosy rooms for 4;private_room;Paris;Palais Royal;48.864002;2.341418;4;"[""https://a0.muscache.com/im/pictures/fb0d8c6c-490f-4f1f-9607-bdaa59e1e1f7.jpg?aki_policy=large"", ""https://a0.muscache.com/im/pictures/46ec7f81-8497-40ac-8d0a-c8a5c310d185.jpg?aki_policy=large"", ""https://a0.muscache.com/im/pictures/f25336c6-48fc-4727-99e0-96452918d21e.jpg?aki_policy=large"", ""https://a0.muscache.com/im/pictures/1f1ab682-03c2-48f7-8cb4-8fb6fa64ce03.jpg?aki_policy=large"", ""https://a0.muscache.com/im/pictures/96cc50bf-46bd-45e2-8015-e08014e6075e.jpg?aki_policy=large"", ""https://a0.muscache.com/im/pictures/af2a3463-7fdd-4d5f-822e-45df4e95a742.jpg?aki_policy=large"", ""https://a0.muscache.com/im/pictures/c32f4a16-6d7f-46ef-8947-c3f90aa305e3.jpg?aki_policy=large"", ""https://a0.muscache.com/im/pictures/9b49fbb5-3208-478d-a14a-880d8bd7c131.jpg?aki_policy=large"", ""https://a0.muscache.com/im/pictures/8fe74e51-826e-4809-8d39-cd36e404cc41.jpg?aki_policy=large"", ""https://a0.muscache.com/im/pictures/15feeef7-9fe9-4093-bf8a-2eaf42841b87.jpg?aki_policy=large"", ""https://a0.muscache.com/im/pictures/07d82397-22bb-4976-8699-71b9231e95d2.jpg?aki_policy=large"", ""https://a0.muscache.com/im/pictures/d25c39fc-72ea-4984-a1db-c9aab924203a.jpg?aki_policy=large"", ""https://a0.muscache.com/im/pictures/a3232483-7929-48f3-9b1a-78004e46401f.jpg?aki_policy=large"", ""https://a0.muscache.com/im/pictures/52e09731-8266-45d3-b151-08c53abc26c1.jpg?aki_policy=large"", ""https://a0.muscache.com/im/pictures/a7f978b3-02e8-40ba-b83c-753540c8aa5f.jpg?aki_policy=large"", ""https://a0.muscache.com/im/pictures/8161d1c0-c0d3-4165-af7e-de0e29eea597.jpg?aki_policy=large"", ""https://a0.muscache.com/im/pictures/11d97062-6e73-4dab-bea9-9021017e4558.jpg?aki_policy=large"", ""https://a0.muscache.com/im/pictures/a659e212-e9af-4508-af98-2d48b7affde2.jpg?aki_policy=large"", ""https://a0.muscache.com/im/pictures/598cab5e-43f2-4510-86a5-58c6d2f858a9.jpg?aki_policy=large"", ""https://a0.muscache.com/im/pictures/082e6647-d92d-4aee-b703-ea453dd1f316.jpg?aki_policy=large"", ""https://a0.muscache.com/im/pictures/d196f462-b5fa-48c9-acea-1844b665f42c.jpg?aki_policy=large"", ""https://a0.muscache.com/im/pictures/e41b52bb-efb8-452c-abf1-5d73b530613a.jpg?aki_policy=large"", ""https://a0.muscache.com/im/pictures/9c50f622-5a6e-4238-abd6-074949de7d12.jpg?aki_policy=large"", ""https://a0.muscache.com/im/pictures/81bf32cc-6855-48f9-889c-4d4499634f57.jpg?aki_policy=large""]";"{""beds"": 2, ""bedrooms"": 2, ""bathrooms"": 2.0, ""amenity_ids"": [1, 2, 35, 4, 5, 37, 39, 103, 40, 45, 77, 51, 86, 55, 87, 30], ""is_rebookable"": false, ""is_new_listing"": true, ""is_fully_refundable"": true, ""is_host_highly_rated"": false, ""is_business_travel_ready"": false}";"{""weekly_factor"": 1.0, ""monthly_factor"": 1.0}";1502;"";"{""is_superhost"": false}"
28244133;Parizienne Touch near Montparnasse;private_room;Paris;Montparnasse;48.845108;2.320944;2;"[""https://a0.muscache.com/im/pictures/34b76244-32e2-4142-aa83-05965f59f94f.jpg?aki_policy=large"", ""https://a0.muscache.com/im/pictures/bf74c066-f6c1-4b5d-ad12-a65cf6a15255.jpg?aki_policy=large"", ""https://a0.muscache.com/im/pictures/84f20d82-9aac-4bab-b39d-bf2f97cf1dc8.jpg?aki_policy=large"", ""https://a0.muscache.com/im/pictures/abb98c00-5ad1-42df-ab0a-8d5a262c7251.jpg?aki_policy=large"", ""https://a0.muscache.com/im/pictures/de528d7f-7c15-4b6e-8fbd-c3065e9f8d27.jpg?aki_policy=large"", ""https://a0.muscache.com/im/pictures/fe7d4604-8275-421a-92e5-e32379ffe204.jpg?aki_policy=large"", ""https://a0.muscache.com/im/pictures/3ca86443-8b90-4401-a19c-d49b3149e73f.jpg?aki_policy=large"", ""https://a0.muscache.com/im/pictures/26fb52be-87a5-4e07-9573-082aa77eb8b6.jpg?aki_policy=large"", ""https://a0.muscache.com/im/pictures/94c9cc76-db2c-4a02-ba84-deb1d2d7236d.jpg?aki_policy=large"", ""https://a0.muscache.com/im/pictures/eba66a9f-5e16-4556-b67f-0a203bd5bc2a.jpg?aki_policy=large"", ""https://a0.muscache.com/im/pictures/6137f67b-1b3d-44c7-befb-111d9f324763.jpg?aki_policy=large""]";"{""beds"": 1, ""bedrooms"": 1, ""bathrooms"": 1.0, ""amenity_ids"": [1, 2, 4, 5, 8, 77, 85, 86, 87, 88, 30, 33, 34, 35, 37, 39, 103, 40, 41, 42, 44, 45, 46, 47, 51, 55], ""is_rebookable"": false, ""is_new_listing"": true, ""is_fully_refundable"": true, ""is_host_highly_rated"": false, ""is_business_travel_ready"": false}";"{""weekly_factor"": 1.0, ""monthly_factor"": 1.0}";2921;"";"{""is_superhost"": false}"
2647185;Elégant appartement Musée Rodin…...;entire_home;Paris;Invalides - Ecole Militaire;48.8552915947;2.31724449157;2;"[""https://a0.muscache.com/im/pictures/58526289/e5d7fff9_original.jpg?aki_policy=large"", ""https://a0.muscache.com/im/pictures/58526271/bd870d89_original.jpg?aki_policy=large"", ""https://a0.muscache.com/im/pictures/58526304/eb10ba93_original.jpg?aki_policy=large"", ""https://a0.muscache.com/im/pictures/58526314/c719aff6_original.jpg?aki_policy=large"", ""https://a0.muscache.com/im/pictures/58526299/9a0faaa3_original.jpg?aki_policy=large"", ""https://a0.muscache.com/im/pictures/58526282/8ef5e428_original.jpg?aki_policy=large"", ""https://a0.muscache.com/im/pictures/58526276/cbcd43af_original.jpg?aki_policy=large"", ""https://a0.muscache.com/im/pictures/58526135/6b8731e0_original.jpg?aki_policy=large"", ""https://a0.muscache.com/im/pictures/58526144/707b61c4_original.jpg?aki_policy=large"", ""https://a0.muscache.com/im/pictures/58526149/6f62f8f0_original.jpg?aki_policy=large"", ""https://a0.muscache.com/im/pictures/58526161/3d0bd493_original.jpg?aki_policy=large"", ""https://a0.muscache.com/im/pictures/58526168/55132fdd_original.jpg?aki_policy=large"", ""https://a0.muscache.com/im/pictures/58526219/86d3524e_original.jpg?aki_policy=large"", ""https://a0.muscache.com/im/pictures/58526212/185ae054_original.jpg?aki_policy=large"", ""https://a0.muscache.com/im/pictures/58526217/edeed09c_original.jpg?aki_policy=large"", ""https://a0.muscache.com/im/pictures/58526227/19ec9ec7_original.jpg?aki_policy=large"", ""https://a0.muscache.com/im/pictures/58526235/efd4c962_original.jpg?aki_policy=large"", ""https://a0.muscache.com/im/pictures/58526243/3db75ec5_original.jpg?aki_policy=large"", ""https://a0.muscache.com/im/pictures/58526257/507684b6_original.jpg?aki_policy=large"", ""https://a0.muscache.com/im/pictures/58526264/6eaec865_original.jpg?aki_policy=large"", ""https://a0.muscache.com/im/pictures/58526185/d58ab9fb_original.jpg?aki_policy=large"", ""https://a0.muscache.com/im/pictures/58526174/f01c509a_original.jpg?aki_policy=large"", ""https://a0.muscache.com/im/pictures/58526179/0233b425_original.jpg?aki_policy=large"", ""https://a0.muscache.com/im/pictures/58526193/586b33d7_original.jpg?aki_policy=large""]";"{""beds"": 1, ""bedrooms"": 1, ""bathrooms"": 1.0, ""amenity_ids"": [1, 33, 2, 34, 3, 4, 37, 8, 41, 28, 30], ""is_rebookable"": false, ""is_new_listing"": false, ""is_fully_refundable"": true, ""is_host_highly_rated"": true, ""is_business_travel_ready"": false}";"{""weekly_factor"": 0.9, ""monthly_factor"": 0.8}";6730;"";"{""is_superhost"": false}"
23178617;Appartement familial au centre de Paris;entire_home;Paris;République;48.8712391942;2.37135116997;5;"[""https://a0.muscache.com/im/pictures/bf4f2190-dc2c-4df0-b8af-7b9517e70a13.jpg?aki_policy=large"", ""https://a0.muscache.com/im/pictures/0837eb8c-2077-4fc7-a066-9adc98c6ccd0.jpg?aki_policy=large"", ""https://a0.muscache.com/im/pictures/11c5b330-0c84-44c1-87dc-633c61600d04.jpg?aki_policy=large"", ""https://a0.muscache.com/im/pictures/56d7cce2-256d-4042-84f8-5cc36dd116e1.jpg?aki_policy=large"", ""https://a0.muscache.com/im/pictures/3abf3158-c0be-4d16-afb2-875839240bad.jpg?aki_policy=large"", ""https://a0.muscache.com/im/pictures/b7826809-7654-4c34-bfee-78c8a19a799a.jpg?aki_policy=large""]";"{""beds"": 2, ""bedrooms"": 2, ""bathrooms"": 1.0, ""amenity_ids"": [1, 33, 131, 4, 5, 8, 40, 41, 10, 44, 45, 77, 46, 30, 31], ""is_rebookable"": false, ""is_new_listing"": false, ""is_fully_refundable"": true, ""is_host_highly_rated"": false, ""is_business_travel_ready"": false}";"{""weekly_factor"": 1.0, ""monthly_factor"": 1.0}";4504;"";"{""is_superhost"": false}"
23856855;Studio pour 1 à 2 personnes;entire_home;Paris;Nation;48.8470707588;2.41123923818;2;"[""https://a0.muscache.com/im/pictures/f78adeff-11b9-4163-8417-aebb5f38aaef.jpg?aki_policy=large"", ""https://a0.muscache.com/im/pictures/884e7178-7f08-47d8-925b-8e2fe19be976.jpg?aki_policy=large"", ""https://a0.muscache.com/im/pictures/371508a1-d0c0-42fd-8358-72941abc0cbe.jpg?aki_policy=large"", ""https://a0.muscache.com/im/pictures/6fea8689-e7aa-4900-a37b-b4379c4d28cf.jpg?aki_policy=large""]";"{""beds"": 1, ""bedrooms"": 0, ""bathrooms"": 1.0, ""amenity_ids"": [4, 6, 8, 40, 41, 12, 44, 45, 77, 21, 85, 89, 91, 93, 30, 94], ""is_rebookable"": false, ""is_new_listing"": false, ""is_fully_refundable"": true, ""is_host_highly_rated"": true, ""is_business_travel_ready"": false}";"{""weekly_factor"": 1.0, ""monthly_factor"": 1.0}";1779;"";"{""is_superhost"": false}"
26026091;Grande chambre dans quartier vivant bien desservi;private_room;Paris;Buttes-Chaumont - Belleville;48.8721419019;2.37884130741;1;"[""https://a0.muscache.com/im/pictures/9bc74a7e-464b-4424-93ab-b1e0801361d5.jpg?aki_policy=large"", ""https://a0.muscache.com/im/pictures/65e81161-e823-4258-b0e7-5edbf8d97bbf.jpg?aki_policy=large"", ""https://a0.muscache.com/im/pictures/6102a720-46b5-4a91-9af3-a228d9a0f8d0.jpg?aki_policy=large""]";"{""beds"": 1, ""bedrooms"": 1, ""bathrooms"": 1.0, ""amenity_ids"": [129, 35, 4, 8, 40, 10, 11, 44, 45, 77, 46, 47, 17, 21], ""is_rebookable"": false, ""is_new_listing"": false, ""is_fully_refundable"": true, ""is_host_highly_rated"": false, ""is_business_travel_ready"": false}";"{""weekly_factor"": 0.85, ""monthly_factor"": 0.75}";6104;"";"{""is_superhost"": false}"
28267576;Studio Rue des Canettes Saint - Germain des Pres;entire_home;Paris;Saint Germain des Prés - Odéon;48.8531782328;2.33291649872;2;"[""https://a0.muscache.com/im/pictures/be582c34-f445-4d0b-a2a7-d237bfcaaa22.jpg?aki_policy=large"", ""https://a0.muscache.com/im/pictures/f1f2a7a5-bf2e-4653-a9e8-fcb3f7c73b54.jpg?aki_policy=large"", ""https://a0.muscache.com/im/pictures/42303e77-05ce-412e-bd7c-b4ecafd832d5.jpg?aki_policy=large"", ""https://a0.muscache.com/im/pictures/06ac3489-50f8-4a99-8a4c-135b012eb3af.jpg?aki_policy=large"", ""https://a0.muscache.com/im/pictures/c68f30f5-2918-4094-9fa4-4d5cdbe88a66.jpg?aki_policy=large"", ""https://a0.muscache.com/im/pictures/7ddb964b-d801-407a-ba93-14d843073644.jpg?aki_policy=large"", ""https://a0.muscache.com/im/pictures/e8344bd8-1220-4e12-85cf-5f9059eb6c1d.jpg?aki_policy=large"", ""https://a0.muscache.com/im/pictures/7e1e1891-99ec-41b8-ab4a-8b21463dfea6.jpg?aki_policy=large"", ""https://a0.muscache.com/im/pictures/1692273a-9f37-483d-b7ba-7d01413ef457.jpg?aki_policy=large"", ""https://a0.muscache.com/im/pictures/06780118-ff06-4d9c-b332-fcf1ab1a959d.jpg?aki_policy=large"", ""https://a0.muscache.com/im/pictures/3798459b-c448-4006-8bf7-2b76e62ace81.jpg?aki_policy=large"", ""https://a0.muscache.com/im/pictures/b9ec2163-aabe-4bbd-ba33-d46840644220.jpg?aki_policy=large""]";"{""beds"": 1, ""bathrooms"": 1.0, ""amenity_ids"": [96, 1, 33, 2, 35, 4, 39, 103, 8, 40, 104, 44, 45, 77, 46, 85, 86, 57, 89, 90, 91, 93, 30, 94], ""is_rebookable"": false, ""is_new_listing"": true, ""is_fully_refundable"": true, ""is_host_highly_rated"": false, ""is_business_travel_ready"": false}";"{""weekly_factor"": 1.0, ""monthly_factor"": 0.48}";3984;"";"{""is_superhost"": false}"
28605689;Chic room 2;entire_home;Paris;Saint Germain des Prés - Odéon;48.8517622685;2.34029252233;2;"[""https://a0.muscache.com/im/pictures/df908537-6fe9-4296-bced-e7dd166e76a6.jpg?aki_policy=large"", ""https://a0.muscache.com/im/pictures/b495935d-5c53-45e7-9f30-f072649bc67f.jpg?aki_policy=large"", ""https://a0.muscache.com/im/pictures/3da06530-05a2-4784-9a38-5e96ccf23415.jpg?aki_policy=large"", ""https://a0.muscache.com/im/pictures/9e2d2474-0cca-41e9-8401-4241c338b0c8.jpg?aki_policy=large"", ""https://a0.muscache.com/im/pictures/faf09f87-a800-492c-8583-7fc727e7dd76.jpg?aki_policy=large"", ""https://a0.muscache.com/im/pictures/e6887b13-2fab-426d-8ce0-c353abe50fbe.jpg?aki_policy=large"", ""https://a0.muscache.com/im/pictures/06277742-063e-4236-b9dc-526a8d384ffa.jpg?aki_policy=large""]";"{""beds"": 1, ""bedrooms"": 1, ""bathrooms"": 1.0, ""amenity_ids"": [33, 34, 35, 4, 36, 39, 40, 41, 12, 44, 45, 77, 47, 30], ""is_rebookable"": false, ""is_new_listing"": true, ""is_fully_refundable"": true, ""is_host_highly_rated"": false, ""is_business_travel_ready"": false}";"{""weekly_factor"": 1.0, ""monthly_factor"": 1.0}";3908;"";"{""is_superhost"": false}"
28268297;Appartement dans Le Marais;entire_home;Paris;Le Marais;48.8596595986;2.36404500378;2;"[""https://a0.muscache.com/im/pictures/e0ff1919-9df1-4939-882f-abac7a1acce7.jpg?aki_policy=large"", ""https://a0.muscache.com/im/pictures/a3327768-5401-439f-8f49-44a04f9586e6.jpg?aki_policy=large"", ""https://a0.muscache.com/im/pictures/c791e039-affb-4b7d-ab00-f31e83568e97.jpg?aki_policy=large"", ""https://a0.muscache.com/im/pictures/8b7f5b6f-881b-4609-8513-57681cd9084a.jpg?aki_policy=large"", ""https://a0.muscache.com/im/pictures/ede65054-b9ad-4eb6-a6c0-f6f5bd28d0f7.jpg?aki_policy=large"", ""https://a0.muscache.com/im/pictures/cad349b2-8ea3-4082-a6de-a643d4b7baed.jpg?aki_policy=large"", ""https://a0.muscache.com/im/pictures/920ec5d1-e94d-4849-b21a-29309deec36b.jpg?aki_policy=large"", ""https://a0.muscache.com/im/pictures/9835fcb9-c13d-44bf-8d34-32a18b47b66c.jpg?aki_policy=large"", ""https://a0.muscache.com/im/pictures/c7da21a9-e535-4532-8fa8-52a4937b0b93.jpg?aki_policy=large"", ""https://a0.muscache.com/im/pictures/dd1ecaaf-a99a-4954-ae53-e8b5ffb1be5b.jpg?aki_policy=large""]";"{""beds"": 2, ""bedrooms"": 1, ""bathrooms"": 1.5, ""amenity_ids"": [96, 1, 33, 129, 34, 35, 4, 8, 40, 41, 73, 44, 77, 46, 21, 85, 86, 90, 91, 92, 93, 30, 94, 95], ""is_rebookable"": false, ""is_new_listing"": true, ""is_fully_refundable"": true, ""is_host_highly_rated"": false, ""is_business_travel_ready"": false}";"{""weekly_factor"": 1.0, ""monthly_factor"": 1.0}";1380;"";"{""is_superhost"": false}"
28296506;Agréable appartement dans quartier Le Marais;entire_home;Paris-4E-Arrondissement;Châtelet - Les Halles - Beaubourg;48.8606083541;2.34890712594;4;"[""https://a0.muscache.com/im/pictures/f811909b-d0fa-414a-a986-0417aa222369.jpg?aki_policy=large"", ""https://a0.muscache.com/im/pictures/98d09668-0cd9-4886-8b49-2aaaa5b046f0.jpg?aki_policy=large"", ""https://a0.muscache.com/im/pictures/921623ea-7b16-4ea0-ad59-60cfc84e1e52.jpg?aki_policy=large"", ""https://a0.muscache.com/im/pictures/382b841b-4729-444e-a9aa-6b4ba0183f4f.jpg?aki_policy=large"", ""https://a0.muscache.com/im/pictures/9fe3c050-27a9-4dc9-8861-e4b1971a57aa.jpg?aki_policy=large"", ""https://a0.muscache.com/im/pictures/6be9da09-9b09-43bf-84f3-83fdccc4e19d.jpg?aki_policy=large"", ""https://a0.muscache.com/im/pictures/4b939262-3aaf-4cd6-9e23-a1885e0efcdf.jpg?aki_policy=large"", ""https://a0.muscache.com/im/pictures/95ef7e0f-4ef9-4873-a753-de66943b7336.jpg?aki_policy=large""]";"{""beds"": 2, ""bedrooms"": 1, ""bathrooms"": 1.0, ""amenity_ids"": [1, 3, 35, 4, 36, 8, 40, 41, 43, 44, 45, 46, 47, 21, 30], ""is_rebookable"": false, ""is_new_listing"": false, ""is_fully_refundable"": true, ""is_host_highly_rated"": false, ""is_business_travel_ready"": false}";"{""weekly_factor"": 0.95, ""monthly_factor"": 0.9}";2416;"";"{""is_superhost"": false}"
28302788;Au cœur du Marais un cocon, Paris 3;entire_home;Paris;3e arrondissement;48.8630664335;2.36478510475;2;"[""https://a0.muscache.com/im/pictures/10425c87-a13b-4642-b7f9-30165175d666.jpg?aki_policy=large"", ""https://a0.muscache.com/im/pictures/65cc3508-867b-41ea-8041-39d7a89d5a66.jpg?aki_policy=large"", ""https://a0.muscache.com/im/pictures/6bfc796e-7fbc-43a4-ac53-90cc23caeb7d.jpg?aki_policy=large"", ""https://a0.muscache.com/im/pictures/282c4e67-c63a-4508-b189-dd99d813765e.jpg?aki_policy=large"", ""https://a0.muscache.com/im/pictures/6817704a-18ed-4d72-921f-4ce617b5d8ee.jpg?aki_policy=large"", ""https://a0.muscache.com/im/pictures/0272549d-0733-4d42-b4f1-c618df1daf22.jpg?aki_policy=large"", ""https://a0.muscache.com/im/pictures/f0ea5618-ae75-4e8a-833d-7a6b64d3bd32.jpg?aki_policy=large"", ""https://a0.muscache.com/im/pictures/b14f7f33-6f53-4b70-a89b-bd0e09a102b8.jpg?aki_policy=large"", ""https://a0.muscache.com/im/pictures/0a24c777-ba54-4cb2-a185-44de54da4ce6.jpg?aki_policy=large"", ""https://a0.muscache.com/im/pictures/bdf66a81-deca-49e0-bdb7-7edd2a8166cc.jpg?aki_policy=large"", ""https://a0.muscache.com/im/pictures/b88fdf14-b3c4-4a78-af37-559465e18c22.jpg?aki_policy=large"", ""https://a0.muscache.com/im/pictures/eef7ff0b-9e6c-4e89-8075-0bacda31df2a.jpg?aki_policy=large"", ""https://a0.muscache.com/im/pictures/073949a1-57b8-4130-84f6-25feef002217.jpg?aki_policy=large"", ""https://a0.muscache.com/im/pictures/16bf473e-925b-4a9b-ad72-905dcee0ec83.jpg?aki_policy=large"", ""https://a0.muscache.com/im/pictures/f9d0f926-1f1f-401d-801a-73c745ff833a.jpg?aki_policy=large"", ""https://a0.muscache.com/im/pictures/646d1e70-be85-4847-9d3c-1c60dc2bfbae.jpg?aki_policy=large"", ""https://a0.muscache.com/im/pictures/70b7f858-e55f-46a5-b6a0-7d74de028c7a.jpg?aki_policy=large"", ""https://a0.muscache.com/im/pictures/7f2faecc-2e46-478f-b430-21319b51639b.jpg?aki_policy=large"", ""https://a0.muscache.com/im/pictures/a69f5e40-b797-4679-8df7-b020b4e4adbb.jpg?aki_policy=large"", ""https://a0.muscache.com/im/pictures/9bf881de-8664-4ef6-b14e-55b0ed52fd4c.jpg?aki_policy=large"", ""https://a0.muscache.com/im/pictures/7132278e-1629-4bf9-89dc-838dd77cc10a.jpg?aki_policy=large"", ""https://a0.muscache.com/im/pictures/efbf48c7-cf90-4c83-8cb6-afad5a4e79f4.jpg?aki_policy=large"", ""https://a0.muscache.com/im/pictures/a77da955-0d50-456d-9fd6-0c515095702b.jpg?aki_policy=large"", ""https://a0.muscache.com/im/pictures/4b1a16cf-a4d8-4bf4-8a17-73518779dd67.jpg?aki_policy=large"", ""https://a0.muscache.com/im/pictures/1a67812b-3b64-4c91-9f60-885470f2a9c4.jpg?aki_policy=large"", ""https://a0.muscache.com/im/pictures/0f3c91d6-91b0-48a1-947e-aab90709a497.jpg?aki_policy=large"", ""https://a0.muscache.com/im/pictures/c70f5a82-1615-48b2-99d9-649a69b448a0.jpg?aki_policy=large"", ""https://a0.muscache.com/im/pictures/51866aab-2358-410a-92d0-8e049a5d5942.jpg?aki_policy=large"", ""https://a0.muscache.com/im/pictures/434c8d00-98ba-4ed8-9770-bc0edf61be7c.jpg?aki_policy=large"", ""https://a0.muscache.com/im/pictures/35dc728c-88ed-49e2-9e87-82d386bf8aca.jpg?aki_policy=large""]";"{""beds"": 2, ""bedrooms"": 0, ""bathrooms"": 1.0, ""amenity_ids"": [1, 35, 4, 37, 8, 40, 41, 42, 44, 45, 46, 47, 16, 51, 53, 30], ""is_rebookable"": false, ""is_new_listing"": true, ""is_fully_refundable"": true, ""is_host_highly_rated"": false, ""is_business_travel_ready"": false}";"{""weekly_factor"": 0.96, ""monthly_factor"": 0.95}";6796;"";"{""is_superhost"": false}"
28333650;Charming room in the heart of Paris;private_room;Paris;Châtelet - Les Halles - Beaubourg;48.862175;2.348822;2;"[""https://a0.muscache.com/im/pictures/8addf09b-e600-4dba-a758-6265fa84a4b5.jpg?aki_policy=large"", ""https://a0.muscache.com/im/pictures/0a733e89-b463-4dcc-875c-7e82c237a6cd.jpg?aki_policy=large"", ""https://a0.muscache.com/im/pictures/163530be-352c-4a31-90d0-f27f7dac9ed5.jpg?aki_policy=large"", ""https://a0.muscache.com/im/pictures/a892afd0-8558-490e-96f7-216e587a8f06.jpg?aki_policy=large"", ""https://a0.muscache.com/im/pictures/80b50482-841c-490e-91ed-05f5495bca6f.jpg?aki_policy=large"", ""https://a0.muscache.com/im/pictures/464aae27-2867-464c-9b13-1c77bac8666c.jpg?aki_policy=large"", ""https://a0.muscache.com/im/pictures/b1096d41-1b86-4fa6-a3ed-032e474509f9.jpg?aki_policy=large"", ""https://a0.muscache.com/im/pictures/760fc05c-226b-48cc-8682-642089c14ce1.jpg?aki_policy=large"", ""https://a0.muscache.com/im/pictures/399fe06b-8224-416a-8d9c-999fbdc4f841.jpg?aki_policy=large"", ""https://a0.muscache.com/im/pictures/7316750d-7844-4b9d-a66e-a9a5fdb0049f.jpg?aki_policy=large"", ""https://a0.muscache.com/im/pictures/9ab69353-d0f6-44e6-bcf6-48d099a7de70.jpg?aki_policy=large"", ""https://a0.muscache.com/im/pictures/420c67f8-47b9-4a5e-b69e-2ebefa89bd5c.jpg?aki_policy=large""]";"{""beds"": 1, ""bedrooms"": 1, ""bathrooms"": 1.0, ""amenity_ids"": [1, 2, 4, 5, 10, 77, 85, 86, 87, 88, 30, 33, 34, 35, 36, 37, 39, 103, 40, 41, 42, 44, 45, 46, 47, 51, 55], ""is_rebookable"": false, ""is_new_listing"": true, ""is_fully_refundable"": true, ""is_host_highly_rated"": false, ""is_business_travel_ready"": false}";"{""weekly_factor"": 1.0, ""monthly_factor"": 1.0}";4203;"";"{""is_superhost"": false}"
28333678;"Handsome Junior Suite next to ""Louvre Rivoli""";private_room;Paris;Châtelet - Les Halles - Beaubourg;48.8617639208;2.34846427927;2;"[""https://a0.muscache.com/im/pictures/e485d017-3ac0-4f01-909b-46052e07d025.jpg?aki_policy=large"", ""https://a0.muscache.com/im/pictures/11b3740b-2907-47fe-822b-788e9c55bd41.jpg?aki_policy=large"", ""https://a0.muscache.com/im/pictures/12b3ae45-96d8-446b-bb8d-7b1327c34433.jpg?aki_policy=large"", ""https://a0.muscache.com/im/pictures/e3a2d2d2-cbb4-4b14-87f4-35c283c0d216.jpg?aki_policy=large"", ""https://a0.muscache.com/im/pictures/e7a2bc83-15a4-4021-8aab-568f9109fa93.jpg?aki_policy=large"", ""https://a0.muscache.com/im/pictures/ecfcfb74-35d0-44fd-9dff-107c082f927b.jpg?aki_policy=large"", ""https://a0.muscache.com/im/pictures/2a1a2251-a2b4-4204-97e1-504cf8d9e319.jpg?aki_policy=large"", ""https://a0.muscache.com/im/pictures/867cf6bc-ca4b-4990-b57f-779b56f5c406.jpg?aki_policy=large"", ""https://a0.muscache.com/im/pictures/2ae72246-c667-4367-9d73-b8dcb66ddcf4.jpg?aki_policy=large"", ""https://a0.muscache.com/im/pictures/e431b1b1-9882-45ff-899d-994a7ab9323f.jpg?aki_policy=large"", ""https://a0.muscache.com/im/pictures/13962b69-ed05-47d9-a5d6-5364c1a6ddce.jpg?aki_policy=large"", ""https://a0.muscache.com/im/pictures/7ec76521-d5f4-4c75-999f-4d4080738dd1.jpg?aki_policy=large""]";"{""beds"": 1, ""bedrooms"": 1, ""bathrooms"": 1.0, ""amenity_ids"": [1, 33, 2, 34, 35, 4, 5, 37, 39, 103, 40, 44, 45, 77, 46, 51, 85, 86, 55, 87, 61, 30], ""is_rebookable"": false, ""is_new_listing"": true, ""is_fully_refundable"": true, ""is_host_highly_rated"": false, ""is_business_travel_ready"": false}";"{""weekly_factor"": 1.0, ""monthly_factor"": 1.0}";4203;"";"{""is_superhost"": false}"
28335197;Studio cosy Jardin du Luxembourg;entire_home;Paris;Saint Germain des Prés - Odéon;48.8486951105;2.32585686317;2;"[""https://a0.muscache.com/im/pictures/265553c8-8fa8-4b82-8374-4f93986955dc.jpg?aki_policy=large"", ""https://a0.muscache.com/im/pictures/393a7dee-37a3-4566-8f8d-e301cbc8cf90.jpg?aki_policy=large"", ""https://a0.muscache.com/im/pictures/f1f579fc-b98e-49c1-a431-c50d6331709d.jpg?aki_policy=large"", ""https://a0.muscache.com/im/pictures/d0ab292d-ce9e-491d-8e17-d644d4f14b7c.jpg?aki_policy=large"", ""https://a0.muscache.com/im/pictures/57b675bc-5499-4354-b765-a5b1e1ba0e9b.jpg?aki_policy=large"", ""https://a0.muscache.com/im/pictures/7ae8f2d7-3f6d-40f4-8649-b90e78026f63.jpg?aki_policy=large"", ""https://a0.muscache.com/im/pictures/6d2c3cf3-8129-4a7c-b7be-71c347df39c0.jpg?aki_policy=large""]";"{""beds"": 1, ""bedrooms"": 0, ""bathrooms"": 1.0, ""amenity_ids"": [1, 33, 34, 35, 4, 8, 40, 41, 42, 44, 45, 46, 51, 53, 30], ""is_rebookable"": false, ""is_new_listing"": true, ""is_fully_refundable"": true, ""is_host_highly_rated"": false, ""is_business_travel_ready"": false}";"{""weekly_factor"": 0.79, ""monthly_factor"": 1.0}";3850;"";"{""is_superhost"": false}"
28583013;Charmant  30m2 - Faubourg Saint Martin;entire_home;Paris;République;48.8716228157;2.35800621785;3;"[""https://a0.muscache.com/im/pictures/ec23dc3c-2e31-4277-88b1-3b93a2353d8d.jpg?aki_policy=large"", ""https://a0.muscache.com/im/pictures/dd199e2b-2c13-4149-bb55-60afef5d0a9c.jpg?aki_policy=large"", ""https://a0.muscache.com/im/pictures/c934588d-5cae-4d6f-9b90-0165bd60f5ca.jpg?aki_policy=large"", ""https://a0.muscache.com/im/pictures/7b39e95c-951b-4d5f-9e59-65ad872dca0c.jpg?aki_policy=large"", ""https://a0.muscache.com/im/pictures/b7149c0a-038a-42a6-bfd9-daa643e4b35a.jpg?aki_policy=large"", ""https://a0.muscache.com/im/pictures/9a880dc8-aff7-48df-8a6b-a8d2e37d9887.jpg?aki_policy=large""]";"{""beds"": 1, ""bedrooms"": 1, ""bathrooms"": 1.0, ""amenity_ids"": [1, 33, 35, 4, 8, 40, 45, 46], ""is_rebookable"": false, ""is_new_listing"": true, ""is_fully_refundable"": true, ""is_host_highly_rated"": false, ""is_business_travel_ready"": false}";"{""weekly_factor"": 1.0, ""monthly_factor"": 1.0}";7593;"";"{""is_superhost"": false}"
28628316;Cosy flat in the marais - Best area;entire_home;Paris;2e arrondissement;48.8674340304;2.35177142404;4;"[""https://a0.muscache.com/im/pictures/e2555f49-acf1-4441-9867-4eae53074021.jpg?aki_policy=large"", ""https://a0.muscache.com/im/pictures/c83d58cd-5136-4f51-821d-568c95ea7dd0.jpg?aki_policy=large"", ""https://a0.muscache.com/im/pictures/b0a19f27-d0e2-41b9-b291-4bdf23bdc328.jpg?aki_policy=large"", ""https://a0.muscache.com/im/pictures/41d6ab71-4a09-46df-b342-9b0c1837c30a.jpg?aki_policy=large"", ""https://a0.muscache.com/im/pictures/8ef22baa-2e97-4fb7-96e7-2999894428aa.jpg?aki_policy=large"", ""https://a0.muscache.com/im/pictures/b089b285-6559-4027-b754-c68366c54db5.jpg?aki_policy=large"", ""https://a0.muscache.com/im/pictures/06c35ab3-e5fe-4a45-a2af-84c4055fa4b2.jpg?aki_policy=large"", ""https://a0.muscache.com/im/pictures/435e9302-04b5-4907-9f2e-549c75b461a5.jpg?aki_policy=large"", ""https://a0.muscache.com/im/pictures/3ae474f8-926b-48b7-b9cf-922a22f46fb1.jpg?aki_policy=large"", ""https://a0.muscache.com/im/pictures/204aa29a-e4ea-4650-8b89-fe56c8e0b770.jpg?aki_policy=large"", ""https://a0.muscache.com/im/pictures/5b84acfd-bd47-433c-8b0f-32f4d4e35ae1.jpg?aki_policy=large"", ""https://a0.muscache.com/im/pictures/379106cd-125a-417c-acb8-ac71b265708c.jpg?aki_policy=large"", ""https://a0.muscache.com/im/pictures/d1b0cf6e-1f7d-40e4-8ac7-cf6210677a06.jpg?aki_policy=large"", ""https://a0.muscache.com/im/pictures/df0ac8fb-f601-4be8-8a2b-97f578be92e7.jpg?aki_policy=large"", ""https://a0.muscache.com/im/pictures/ab590aee-5837-49c7-b712-9d9108e75563.jpg?aki_policy=large"", ""https://a0.muscache.com/im/pictures/d7e8003c-1536-483e-8df0-b5878246c4dc.jpg?aki_policy=large"", ""https://a0.muscache.com/im/pictures/47242301/d8589353_original.jpg?aki_policy=large"", ""https://a0.muscache.com/im/pictures/47242317/a445764c_original.jpg?aki_policy=large"", ""https://a0.muscache.com/im/pictures/47242332/13fe4bcf_original.jpg?aki_policy=large"", ""https://a0.muscache.com/im/pictures/47242346/630c1358_original.jpg?aki_policy=large"", ""https://a0.muscache.com/im/pictures/47252531/f0d21c82_original.jpg?aki_policy=large"", ""https://a0.muscache.com/im/pictures/47252552/76014db7_original.jpg?aki_policy=large"", ""https://a0.muscache.com/im/pictures/47252563/9dcea929_original.jpg?aki_policy=large""]";"{""beds"": 2, ""bedrooms"": 1, ""bathrooms"": 1.0, ""amenity_ids"": [1, 2, 35, 4, 36, 5, 39, 8, 40, 41, 44, 45, 77, 46, 21, 30, 31], ""is_rebookable"": false, ""is_new_listing"": true, ""is_fully_refundable"": true, ""is_host_highly_rated"": true, ""is_business_travel_ready"": false}";"{""weekly_factor"": 1.0, ""monthly_factor"": 1.0}";6825;"";"{""is_superhost"": false}"
28792796;Appartement 3 chambres madeleine.;entire_home;Paris;Madeleine - Vendôme;48.8701086669;2.32147492421;6;"[""https://a0.muscache.com/im/pictures/5a4fecf6-8582-47dd-896a-a75385ccb74c.jpg?aki_policy=large"", ""https://a0.muscache.com/im/pictures/0d6a00ca-9267-48ef-9b7d-87162bf5c8e8.jpg?aki_policy=large"", ""https://a0.muscache.com/im/pictures/d917dcbf-c049-433d-8972-ba81ab7d1be1.jpg?aki_policy=large"", ""https://a0.muscache.com/im/pictures/e42802ba-006b-4bfe-8bd6-0a7e6353a387.jpg?aki_policy=large"", ""https://a0.muscache.com/im/pictures/3de4dcb2-7d8c-4d00-b2ea-c02293d9e445.jpg?aki_policy=large"", ""https://a0.muscache.com/im/pictures/433bbe77-2308-41d1-b057-9cd035f4832e.jpg?aki_policy=large"", ""https://a0.muscache.com/im/pictures/09e14917-96e5-4632-9981-6468cde2963d.jpg?aki_policy=large"", ""https://a0.muscache.com/im/pictures/3e4b941b-4736-4ce4-aab3-08e45c7cb8f5.jpg?aki_policy=large"", ""https://a0.muscache.com/im/pictures/485edeec-f8fb-4e1f-9c85-33164f343576.jpg?aki_policy=large"", ""https://a0.muscache.com/im/pictures/cb7aeee3-b970-4ecf-8664-4219d6cfc23d.jpg?aki_policy=large""]";"{""beds"": 4, ""bedrooms"": 2, ""bathrooms"": 1.5, ""amenity_ids"": [32, 1, 33, 34, 35, 4, 5, 7, 8, 40, 9, 41, 11, 12, 44, 45, 46, 47, 16, 21, 57, 27, 30], ""is_rebookable"": false, ""is_new_listing"": true, ""is_fully_refundable"": true, ""is_host_highly_rated"": false, ""is_business_travel_ready"": false}";"{""weekly_factor"": 1.0, ""monthly_factor"": 1.0}";3275;"";"{""is_superhost"": false}"
28682896;Village Jourdain;private_room;Paris;Buttes-Chaumont - Belleville;48.8754249629;2.39524041258;2;"[""https://a0.muscache.com/im/pictures/649a0cfb-dca9-4d4f-b901-1f6ca906cdce.jpg?aki_policy=large"", ""https://a0.muscache.com/im/pictures/7b807a12-8a0a-4f20-8d29-b24c630adbfc.jpg?aki_policy=large"", ""https://a0.muscache.com/im/pictures/f34b5126-589e-4bac-873d-0bf7e2e97dc6.jpg?aki_policy=large"", ""https://a0.muscache.com/im/pictures/6da9d15b-aed1-4a88-b75e-986c8dd289ef.jpg?aki_policy=large"", ""https://a0.muscache.com/im/pictures/420376c2-6a19-450e-a723-237b8bad9fa2.jpg?aki_policy=large"", ""https://a0.muscache.com/im/pictures/15f1e60c-76d7-4395-a755-2c4b308c9420.jpg?aki_policy=large""]";"{""beds"": 1, ""bedrooms"": 1, ""bathrooms"": 1.0, ""amenity_ids"": [1, 33, 4, 21, 8, 40], ""is_rebookable"": false, ""is_new_listing"": true, ""is_fully_refundable"": true, ""is_host_highly_rated"": false, ""is_business_travel_ready"": false}";"{""weekly_factor"": 1.0, ""monthly_factor"": 1.0}";3226;"";"{""is_superhost"": false}"
